002 32982 47.303357 43.779096 0.99052 0.97519
003 32999 43.709824 43.762288 0.98699 0.97511
004 32910 47.089113 43.762146 0.99041 0.97523
005 32992 35.840389 43.786926 0.97669 0.97545
006 32982 36.679665 43.802082 0.97376 0.97546
007 32474 47.398531 43.723278 0.99072 0.97493
008 32856 47.354598 43.742250 0.99094 0.97504
009 32968 46.232557 43.773637 0.99034 0.97543
010 32909 47.266073 43.725750 0.99168 0.97503
011 32618 47.157797 43.678817 0.99051 0.97486
012 32454 46.980117 43.686482 0.99071 0.97491
013 32925 46.922827 43.771422 0.98913 0.97504
014 32480 47.197579 43.628023 0.99088 0.97477
015 32425 47.227125 43.692188 0.99043 0.97477
016 32519 46.931130 43.652199 0.98993 0.97469
017 32996 23.420124 43.724469 0.96078 0.97469
018 32995 26.896431 43.790086 0.96394 0.97521
019 32995 26.225297 43.755095 0.96810 0.97497
020 32414 46.552871 43.585155 0.98889 0.97446
021 32996 42.131219 43.782938 0.98579 0.97536
022 32384 46.670760 43.582079 0.98942 0.97428
023 32263 46.868792 43.488917 0.98943 0.97411
024 32997 27.825650 43.751729 0.96981 0.97504
025 32905 46.860608 43.838493 0.98938 0.97541
026 32976 45.247676 43.534347 0.98548 0.97408
027 33000 46.307706 43.548571 0.98769 0.97428
028 32136 46.193563 43.231454 0.98863 0.97275
029 32998 26.270206 43.516113 0.96802 0.97392
030 32994 45.718052 43.704873 0.98687 0.97462
031 32937 45.694052 43.544660 0.98827 0.97459
032 32937 46.114989 43.860752 0.98630 0.97581
033 32999 26.754679 43.558474 0.96891 0.97411
034 32987 42.412894 43.634280 0.98297 0.97461
035 32984 45.821006 43.504734 0.98707 0.97376
036 32944 45.181357 43.472819 0.98770 0.97401
037 32978 43.293681 43.630216 0.98524 0.97456
038 32999 46.149651 43.486224 0.98976 0.97406
039 32870 45.971923 43.890294 0.98730 0.97578
040 32989 39.410331 43.728545 0.97861 0.97519
041 32860 46.345845 44.217083 0.98743 0.97756
042 32961 46.820437 44.049304 0.98966 0.97635
043 32366 46.478829 44.071535 0.98890 0.97663
044 32625 46.690449 43.698653 0.98887 0.97511
045 32328 46.895858 43.627397 0.98901 0.97456
046 32975 46.013914 43.602361 0.98734 0.97443
047 33000 42.514190 43.622476 0.98398 0.97467
048 32319 46.204594 43.230070 0.98758 0.97271
049 32999 36.889754 43.525490 0.97472 0.97427
050 32715 46.298473 43.530559 0.98861 0.97412
