002 18400 45.703943 37.696700 0.98740 0.93837
003 18950 44.131272 37.938673 0.98411 0.94105
004 18975 42.770768 38.028480 0.98261 0.94175
005 18944 45.307159 37.963886 0.98615 0.94100
006 18895 45.115012 37.973511 0.98652 0.94079
007 18971 45.236065 38.001013 0.98607 0.94172
008 18998 44.183731 38.054732 0.98445 0.94140
009 18972 45.214110 38.000159 0.98643 0.94096
010 18999 42.114225 37.970070 0.97989 0.94071
011 18736 45.179458 37.843307 0.98538 0.93897
012 18924 45.019713 37.932392 0.98610 0.94068
013 18319 44.980015 37.673963 0.98576 0.93746
014 18947 44.776056 37.978909 0.98478 0.94073
015 18962 26.601633 37.989771 0.96541 0.94080
016 18716 44.630971 37.834376 0.98520 0.93895
017 18838 45.113142 37.879119 0.98614 0.93973
018 18994 44.945901 37.988020 0.98447 0.94084
019 18940 44.132735 37.984123 0.98400 0.94022
020 18933 44.934290 37.936361 0.98389 0.94039
021 18999 44.861405 37.983939 0.98398 0.94028
022 18664 44.838925 37.835581 0.98413 0.93862
023 18853 44.761001 37.949424 0.98400 0.93988
024 18936 44.770363 37.962197 0.98521 0.94043
025 18868 44.914075 38.003054 0.98402 0.94170
026 18929 43.802695 37.748472 0.98299 0.93733
027 18972 44.191143 37.812067 0.98393 0.93772
028 18883 44.077910 37.728657 0.98257 0.93710
029 18949 44.449643 37.714128 0.98345 0.93681
030 18963 43.558980 37.916833 0.98094 0.94013
031 18724 44.525811 37.636986 0.98487 0.93609
032 18916 43.872720 38.053566 0.98228 0.94135
033 18937 44.324158 37.785067 0.98422 0.93740
034 18928 44.724234 37.783840 0.98325 0.93822
035 18997 24.957351 37.809149 0.95244 0.93695
036 18944 44.021242 37.683176 0.98406 0.93638
037 18840 44.389007 37.814186 0.98316 0.93792
038 18993 43.000901 37.735337 0.98158 0.93707
039 18754 44.235160 38.048067 0.98280 0.94114
040 18711 44.834687 37.825035 0.98451 0.93794
041 18989 41.727551 38.593175 0.97880 0.94682
042 18742 44.224308 38.220090 0.98327 0.94320
043 18872 44.211318 38.412153 0.98373 0.94573
044 18973 40.415601 38.047862 0.97898 0.94085
045 18979 44.690543 38.104124 0.98387 0.94143
046 18989 44.357425 37.806856 0.98332 0.93830
047 18927 44.531639 37.823556 0.98339 0.93813
048 18749 44.279555 37.681716 0.98286 0.93586
049 18845 44.556908 37.670386 0.98370 0.93575
050 18966 44.398019 37.834854 0.98387 0.93775
