002 60746 56.909602 51.808287 0.99868 0.99564
003 60980 55.630042 52.064942 0.99812 0.99584
004 60922 55.227473 52.032278 0.99788 0.99582
005 60868 55.391906 51.995469 0.99811 0.99576
006 60881 56.197886 52.039661 0.99859 0.99574
007 60487 56.017801 51.858769 0.99852 0.99560
008 60826 54.763311 51.954533 0.99764 0.99567
009 60971 55.994833 51.993834 0.99829 0.99570
010 60931 55.820114 51.929631 0.99831 0.99570
011 60845 55.083380 51.924633 0.99789 0.99566
012 60756 55.841130 51.932004 0.99828 0.99558
013 60901 55.088990 52.027335 0.99775 0.99572
014 60961 54.076951 51.995813 0.99765 0.99569
015 60934 56.533673 52.127111 0.99852 0.99582
016 60961 55.157590 51.974096 0.99795 0.99575
017 60990 54.616898 51.929122 0.99752 0.99566
018 60978 56.073554 51.984641 0.99842 0.99565
019 60981 56.113790 52.007445 0.99846 0.99579
020 60915 56.061030 52.052283 0.99830 0.99581
021 60959 54.743178 51.970416 0.99750 0.99570
022 60905 54.542484 51.987216 0.99757 0.99569
023 60961 55.648160 52.034014 0.99835 0.99573
024 60971 54.656890 51.962724 0.99772 0.99569
025 60997 55.219150 52.214367 0.99801 0.99608
026 60995 37.926751 51.705346 0.98825 0.99546
027 60992 41.608289 51.586034 0.99196 0.99537
028 60969 51.530715 51.564164 0.99567 0.99529
029 60993 48.179918 51.532493 0.99380 0.99531
030 60972 53.252722 51.989707 0.99680 0.99576
031 60983 52.838450 51.647781 0.99597 0.99545
032 61000 54.754207 52.146667 0.99758 0.99593
033 60940 54.479069 51.671195 0.99780 0.99552
034 60941 53.852603 51.715741 0.99743 0.99549
035 60988 48.912429 51.554281 0.99308 0.99533
036 60964 50.248632 51.462143 0.99518 0.99531
037 60996 50.929337 51.714773 0.99567 0.99543
038 60998 50.675839 51.451123 0.99575 0.99532
039 60987 55.226749 52.218078 0.99789 0.99603
040 60885 54.224926 51.875811 0.99729 0.99559
041 60989 53.077471 53.183965 0.99645 0.99685
042 61000 45.834085 52.594976 0.99338 0.99637
043 60989 43.904801 52.969217 0.99082 0.99668
044 60883 55.375011 51.940322 0.99794 0.99567
045 60991 55.622498 52.197117 0.99803 0.99586
046 60972 45.736115 51.715337 0.99271 0.99550
047 60988 54.258844 51.740741 0.99760 0.99552
048 60996 38.347744 51.535743 0.98402 0.99532
049 60964 53.082994 51.478001 0.99677 0.99519
050 60963 53.460950 51.748619 0.99731 0.99557
