002 51973 49.290342 48.832864 0.99505 0.99160
003 52000 51.287331 48.858653 0.99510 0.99166
004 51975 50.990004 48.838267 0.99492 0.99172
005 51276 50.522502 48.676414 0.99603 0.99135
006 51424 51.431583 48.791934 0.99531 0.99149
007 51991 48.281090 48.830497 0.99372 0.99165
008 51956 50.262928 48.819509 0.99417 0.99164
009 51395 51.502050 48.701167 0.99589 0.99143
010 52000 27.362454 48.837935 0.97036 0.99174
011 51970 47.893265 48.784205 0.99375 0.99161
012 51974 51.101739 48.855896 0.99547 0.99159
013 51718 51.047863 48.826554 0.99616 0.99155
014 51992 22.842850 48.821248 0.96789 0.99155
015 51999 36.069248 48.867479 0.98650 0.99170
016 51976 49.840862 48.793498 0.99594 0.99154
017 51985 44.633972 48.794733 0.99013 0.99153
018 51993 40.211865 48.805576 0.98584 0.99155
019 51998 45.763668 48.793045 0.98981 0.99153
020 51969 50.547829 48.823113 0.99506 0.99169
021 51992 48.272866 48.795433 0.99198 0.99163
022 51712 51.012932 48.759996 0.99500 0.99142
023 51984 43.854398 48.804420 0.99069 0.99160
024 51994 36.014932 48.741084 0.98073 0.99140
025 51981 50.677553 48.944404 0.99550 0.99182
026 51584 50.116852 48.469229 0.99485 0.99094
027 51613 50.725587 48.489600 0.99523 0.99107
028 51556 50.043942 48.447128 0.99410 0.99091
029 51832 50.522196 48.478330 0.99467 0.99099
030 51381 50.010800 48.617157 0.99399 0.99133
031 51999 27.159304 48.580043 0.96869 0.99124
032 51996 22.562647 48.952040 0.96781 0.99178
033 51989 50.054495 48.579808 0.99471 0.99126
034 51947 50.280574 48.605906 0.99456 0.99126
035 51992 36.145783 48.566543 0.98165 0.99117
036 51998 37.878228 48.484307 0.98596 0.99105
037 51996 48.217681 48.650805 0.99324 0.99126
038 51967 43.950609 48.489754 0.99054 0.99115
039 51938 49.793965 48.975714 0.99400 0.99185
040 51995 45.945413 48.815742 0.99318 0.99161
041 51877 51.114715 49.454576 0.99490 0.99248
042 51911 51.186681 49.139798 0.99579 0.99198
043 51179 50.957227 49.127556 0.99559 0.99207
044 51999 49.002455 48.826306 0.99231 0.99159
045 51997 45.485330 48.897310 0.98987 0.99170
046 51883 50.071092 48.612535 0.99461 0.99129
047 51922 47.741248 48.667168 0.99209 0.99128
048 51402 50.871032 48.365161 0.99513 0.99071
049 51892 51.077085 48.505751 0.99535 0.99098
050 51984 44.407650 48.694885 0.99092 0.99146
