002 38667 48.770752 45.139061 0.99394 0.98137
003 38965 48.366541 45.209383 0.99217 0.98167
004 38970 47.747973 45.284934 0.99197 0.98188
005 38972 45.854521 45.242457 0.99060 0.98183
006 38971 48.015896 45.277087 0.99286 0.98185
007 38915 47.922774 45.240005 0.99219 0.98176
008 38965 45.087797 45.203597 0.99049 0.98181
009 38992 45.694495 45.248495 0.98825 0.98185
010 38985 47.053340 45.224250 0.99246 0.98174
011 38979 47.296965 45.156789 0.99136 0.98143
012 38895 47.937892 45.240931 0.99212 0.98165
013 38749 48.222551 45.203183 0.99218 0.98129
014 38940 47.647701 45.220524 0.99098 0.98166
015 38998 45.015071 45.260048 0.98727 0.98186
016 38904 47.772114 45.217849 0.99079 0.98142
017 38566 47.746582 45.069563 0.99321 0.98085
018 38982 46.115967 45.218915 0.99102 0.98164
019 38959 47.495592 45.185714 0.99126 0.98133
020 38978 46.851069 45.249642 0.99099 0.98176
021 38997 47.642961 45.245930 0.99151 0.98180
022 38823 47.742379 45.146858 0.99080 0.98118
023 38906 48.032724 45.183544 0.99105 0.98141
024 38713 48.239874 45.113124 0.99236 0.98106
025 38977 44.051652 45.324680 0.98813 0.98206
026 38825 47.299241 44.995353 0.99008 0.98071
027 38824 46.818921 44.993705 0.98902 0.98070
028 38966 47.289273 45.028440 0.99076 0.98074
029 38904 47.689352 44.944068 0.99061 0.98039
030 38514 46.982124 45.019764 0.98858 0.98081
031 38850 47.450913 44.997654 0.99083 0.98081
032 38867 47.159548 45.307251 0.98954 0.98200
033 38968 47.130485 45.051213 0.98928 0.98093
034 38433 47.534879 44.916873 0.99033 0.98029
035 38889 46.739063 44.957135 0.98753 0.98053
036 38984 45.714344 44.925615 0.98834 0.98045
037 38908 47.470296 45.044609 0.98926 0.98100
038 38297 47.123025 44.777983 0.99143 0.97977
039 38991 47.596279 45.330759 0.99121 0.98222
040 38705 47.698523 45.140871 0.99085 0.98146
041 38999 39.910122 45.759920 0.98494 0.98373
042 38758 47.936979 45.461011 0.99181 0.98263
043 38262 47.336371 45.482045 0.98964 0.98278
044 38664 47.605663 45.171227 0.99111 0.98125
045 38921 47.315203 45.249787 0.99029 0.98175
046 38782 46.751521 45.017935 0.98907 0.98074
047 38681 47.512386 45.026831 0.99033 0.98087
048 38821 46.813412 44.958088 0.98952 0.98066
049 38995 44.989520 44.983095 0.98721 0.98068
050 38976 47.028457 45.046694 0.98953 0.98082
