002 27945 44.483919 42.002392 0.98688 0.96678
003 27512 46.330853 41.835154 0.98957 0.96542
004 28000 46.302948 42.022207 0.98910 0.96663
005 27995 22.728814 42.034301 0.95839 0.96691
006 27962 46.232351 42.047970 0.98775 0.96698
007 27821 46.598446 41.994049 0.98978 0.96608
008 27981 46.530714 42.006548 0.98888 0.96634
009 27951 46.351167 42.022077 0.98959 0.96636
010 27556 46.435203 41.886337 0.98930 0.96539
011 27998 33.810603 42.028185 0.97505 0.96634
012 27984 45.822128 42.069920 0.98716 0.96669
013 27936 46.358351 42.012720 0.98895 0.96639
014 27413 46.264999 41.908461 0.98902 0.96549
015 27813 46.382171 42.014422 0.98849 0.96626
016 27567 46.101901 41.935661 0.98810 0.96548
017 27808 46.202372 41.970220 0.98832 0.96567
018 27065 46.030136 41.807858 0.98785 0.96448
019 27817 45.417675 41.958669 0.98816 0.96565
020 27443 46.054474 41.882706 0.98775 0.96517
021 27976 41.141358 42.029841 0.98079 0.96655
022 27992 45.501330 42.005392 0.98644 0.96618
023 27970 26.920511 41.991323 0.96283 0.96616
024 27988 37.991560 42.010155 0.97855 0.96629
025 27955 45.763627 42.130802 0.98548 0.96676
026 27245 45.047076 41.592608 0.98560 0.96322
027 27297 45.743125 41.628374 0.98620 0.96332
028 27995 25.081790 41.831582 0.96051 0.96463
029 27986 39.459550 41.778220 0.97897 0.96456
030 27955 44.937084 41.969989 0.98516 0.96591
031 27392 45.595961 41.658564 0.98614 0.96365
032 27985 45.056224 42.142855 0.98525 0.96717
033 27799 45.764324 41.753491 0.98617 0.96413
034 27949 45.737031 41.859720 0.98687 0.96506
035 27998 45.267828 41.755371 0.98491 0.96398
036 27987 36.100068 41.730894 0.97157 0.96442
037 27975 45.322329 41.888595 0.98521 0.96544
038 27299 45.398852 41.595786 0.98741 0.96290
039 27984 45.063524 42.174983 0.98511 0.96762
040 27993 26.271623 41.971024 0.96152 0.96614
041 27947 45.256874 42.524917 0.98529 0.96996
042 27977 44.194282 42.345568 0.98375 0.96859
043 27411 45.963783 42.318827 0.98886 0.96836
044 27178 45.754519 41.828045 0.98712 0.96458
045 27999 45.893655 42.067251 0.98565 0.96655
046 27963 45.082137 41.846887 0.98556 0.96472
047 27572 45.710678 41.765936 0.98686 0.96439
048 27963 45.072480 41.775127 0.98518 0.96447
049 27677 45.809375 41.699322 0.98732 0.96369
050 27970 43.137056 41.878842 0.98249 0.96540
