002 35843 48.050380 44.441278 0.99282 0.97828
003 35971 45.966101 44.465964 0.98974 0.97845
004 35995 40.457256 44.529326 0.98325 0.97864
005 35952 46.095107 44.488958 0.98910 0.97869
006 35507 47.358027 44.399875 0.99166 0.97812
007 35979 47.103566 44.512212 0.99080 0.97852
008 35993 46.639839 44.480136 0.99096 0.97849
009 35998 25.358493 44.471743 0.96522 0.97850
010 35290 47.342969 44.277750 0.99171 0.97776
011 35992 39.729489 44.415274 0.98059 0.97826
012 35837 47.183861 44.481874 0.99183 0.97841
013 35973 47.398531 44.485216 0.98876 0.97835
014 35990 46.304944 44.491265 0.98987 0.97852
015 35408 47.224371 44.393578 0.99060 0.97791
016 35998 33.861173 44.449552 0.97652 0.97830
017 35921 47.473271 44.388022 0.99107 0.97788
018 35984 46.770443 44.464506 0.98836 0.97833
019 35999 35.816431 44.441716 0.97632 0.97819
020 35999 47.061261 44.491525 0.99000 0.97842
021 35994 46.977000 44.480792 0.99027 0.97835
022 35946 46.841263 44.438046 0.99028 0.97822
023 35995 47.673960 44.463199 0.99163 0.97833
024 35984 38.638407 44.435902 0.98265 0.97812
025 35904 47.205396 44.540706 0.98858 0.97864
026 35980 42.723088 44.277532 0.98323 0.97751
027 35997 45.020507 44.265819 0.98713 0.97734
028 35982 46.597453 44.281565 0.98932 0.97749
029 35996 46.044320 44.218189 0.98979 0.97711
030 35652 46.279580 44.306880 0.98758 0.97757
031 35976 44.257960 44.280108 0.98605 0.97773
032 35877 46.431664 44.547034 0.98807 0.97882
033 35955 46.811482 44.275510 0.98839 0.97752
034 35797 47.047609 44.295731 0.98968 0.97744
035 35991 46.606873 44.221032 0.98824 0.97717
036 35986 34.485318 44.183802 0.97363 0.97729
037 35957 46.561135 44.329810 0.98732 0.97776
038 35661 46.501888 44.128599 0.99043 0.97710
039 35884 46.414326 44.557979 0.98838 0.97893
040 35966 45.012864 44.430216 0.98619 0.97837
041 35606 46.884996 44.874809 0.98901 0.98043
042 35965 47.069667 44.751577 0.99031 0.97956
043 35994 44.251475 44.907980 0.98481 0.98036
044 35811 47.058831 44.480426 0.98973 0.97831
045 35994 42.787587 44.501688 0.98156 0.97838
046 35453 46.624249 44.194111 0.98913 0.97725
047 35984 47.114403 44.343145 0.98899 0.97792
048 35999 37.827058 44.251113 0.97340 0.97755
049 35919 46.741680 44.237034 0.99053 0.97733
050 35998 46.536585 44.288445 0.98861 0.97752
