002 42996 49.180288 46.417612 0.99454 0.98641
003 42982 49.106756 46.412541 0.99382 0.98640
004 42982 47.705855 46.424310 0.99214 0.98640
005 42474 48.375243 46.262332 0.99412 0.98609
006 42906 48.422227 46.443246 0.99350 0.98642
007 42999 40.659930 46.429896 0.98347 0.98636
008 42999 37.826194 46.378392 0.97925 0.98636
009 42503 47.806676 46.276121 0.99300 0.98617
010 42996 33.895781 46.404531 0.98062 0.98644
011 42895 46.878502 46.306824 0.99250 0.98614
012 42991 47.486839 46.419613 0.99221 0.98630
013 42973 48.767764 46.473952 0.99376 0.98635
014 42997 47.739278 46.395374 0.99185 0.98626
015 43000 39.808418 46.399666 0.98267 0.98628
016 42982 46.691717 46.384250 0.98961 0.98625
017 42266 48.574207 46.151174 0.99310 0.98562
018 42555 48.677937 46.271259 0.99297 0.98604
019 42996 39.040074 46.367807 0.98507 0.98623
020 42978 46.744119 46.417541 0.98847 0.98641
021 42923 47.549104 46.340319 0.99055 0.98625
022 42998 47.263381 46.370068 0.99108 0.98617
023 42979 41.303758 46.388838 0.98275 0.98635
024 43000 40.662088 46.353231 0.98431 0.98616
025 42992 48.497322 46.474338 0.99148 0.98656
026 42968 47.036113 46.207158 0.98936 0.98587
027 42999 45.446074 46.194242 0.98915 0.98599
028 42994 46.149405 46.197275 0.99112 0.98588
029 42917 47.950926 46.122193 0.99214 0.98565
030 42956 46.835857 46.313982 0.99039 0.98624
031 42960 46.263114 46.184975 0.98818 0.98593
032 42285 47.825311 46.302577 0.99085 0.98616
033 42504 48.372328 46.108707 0.99220 0.98560
034 42955 48.024474 46.223892 0.99180 0.98600
035 42996 42.860393 46.171090 0.98312 0.98586
036 42997 45.867491 46.099532 0.98945 0.98574
037 42986 47.088418 46.236462 0.98919 0.98591
038 42992 46.028284 46.120858 0.99082 0.98581
039 42941 47.948180 46.484606 0.99092 0.98664
040 42998 35.814216 46.378605 0.97757 0.98634
041 42390 48.117360 46.789136 0.99298 0.98736
042 42827 48.265934 46.689231 0.99263 0.98705
043 42999 25.847244 46.852412 0.96518 0.98752
044 42995 36.038538 46.417160 0.97557 0.98635
045 42729 48.632362 46.339079 0.99290 0.98619
046 42970 47.567813 46.239524 0.99138 0.98612
047 42897 48.255521 46.217654 0.99114 0.98596
048 42421 48.007541 46.046091 0.99120 0.98529
049 42886 48.284017 46.147614 0.99288 0.98570
050 42989 46.125978 46.214903 0.98984 0.98607
