002 37926 48.224356 44.952390 0.99310 0.98052
003 37283 47.787107 44.800674 0.99229 0.97987
004 37994 48.305081 45.016796 0.99243 0.98075
005 37457 47.645109 44.855915 0.99225 0.98016
006 37994 45.458910 45.012330 0.98854 0.98068
007 37961 46.700657 44.997276 0.99189 0.98068
008 37974 45.941654 44.961425 0.98961 0.98068
009 37917 47.500572 44.954124 0.99182 0.98059
010 37983 45.117430 44.947225 0.99011 0.98060
011 37866 47.626222 44.868102 0.99198 0.98012
012 37950 47.228876 45.008884 0.99193 0.98075
013 38000 42.025195 45.006681 0.98562 0.98058
014 37479 47.992180 44.848142 0.99182 0.97995
015 37833 47.709157 44.958820 0.99186 0.98039
016 37491 47.835468 44.828521 0.99194 0.97987
017 38000 23.338640 44.920550 0.96264 0.98023
018 37996 36.809688 44.958394 0.97365 0.98042
019 37994 27.806034 44.931329 0.97079 0.98021
020 37915 46.888074 44.962516 0.99119 0.98035
021 37764 47.536697 44.924500 0.99177 0.98025
022 37984 45.691794 44.924348 0.98910 0.98026
023 37417 47.694335 44.798639 0.99099 0.97976
024 37880 47.722036 44.892830 0.99209 0.98009
025 37933 47.566262 45.045391 0.99074 0.98073
026 37273 46.529223 44.591153 0.98856 0.97879
027 37992 38.522518 44.774457 0.98250 0.97967
028 37896 47.166845 44.768831 0.99039 0.97954
029 37483 47.618615 44.581107 0.99127 0.97868
030 37993 35.926226 44.874091 0.98135 0.98013
031 37984 46.221978 44.765297 0.98822 0.97973
032 37958 46.169538 45.066752 0.98610 0.98097
033 37706 47.193476 44.720816 0.99051 0.97950
034 37982 37.203663 44.807015 0.97433 0.97978
035 37256 47.078616 44.549558 0.98848 0.97867
036 37574 47.234478 44.559299 0.99043 0.97886
037 37995 22.879081 44.804369 0.96181 0.97991
038 37460 46.835962 44.571723 0.98956 0.97872
039 37956 46.610233 45.060334 0.98953 0.98095
040 37970 44.120929 44.940982 0.98438 0.98056
041 37874 47.549290 45.452287 0.99078 0.98249
042 37995 46.085409 45.249551 0.98891 0.98166
043 37649 47.330165 45.320090 0.98969 0.98207
044 37439 47.600875 44.854037 0.99072 0.97990
045 37956 46.362747 45.002758 0.98980 0.98050
046 37956 46.568602 44.798442 0.98890 0.97981
047 37966 45.910006 44.836044 0.98820 0.98009
048 37987 45.500983 44.734116 0.98709 0.97957
049 37617 47.637784 44.632298 0.99224 0.97904
050 37987 43.052946 44.790574 0.98312 0.97972
