002 30990 46.826295 42.988782 0.99027 0.97277
003 30870 46.108773 42.929135 0.98950 0.97249
004 30633 46.763757 42.881730 0.99010 0.97232
005 30964 46.125510 42.990469 0.98806 0.97285
006 30014 46.795004 42.650118 0.99014 0.97156
007 30995 43.464593 43.072308 0.98381 0.97289
008 30822 46.893997 42.953151 0.98993 0.97260
009 30957 46.044976 43.006968 0.99013 0.97286
010 31000 23.339889 43.002778 0.96026 0.97267
011 30979 43.255285 42.988241 0.98338 0.97254
012 31000 45.946289 43.052035 0.98928 0.97283
013 30847 46.787891 42.977289 0.98936 0.97267
014 30974 45.288844 43.015688 0.98805 0.97271
015 30996 37.019277 43.092111 0.97510 0.97265
016 30308 46.446218 42.722467 0.98941 0.97144
017 30253 46.618183 42.676418 0.99042 0.97107
018 30996 43.933395 43.031726 0.98450 0.97277
019 30957 45.913037 42.936769 0.98893 0.97223
020 30975 46.534456 42.976502 0.98908 0.97250
021 30999 46.482599 43.022015 0.98996 0.97268
022 30988 44.994014 43.020936 0.98678 0.97254
023 31000 29.869825 43.007718 0.97509 0.97248
024 30889 46.217290 42.936662 0.98930 0.97261
025 30998 46.455387 43.142611 0.98764 0.97309
026 30927 45.846870 42.712175 0.98647 0.97094
027 30989 46.417493 42.762372 0.98826 0.97146
028 30993 36.068257 42.763646 0.97592 0.97108
029 30835 46.092542 42.651709 0.98785 0.97070
030 30877 45.712237 42.904954 0.98659 0.97195
031 31000 45.275530 42.799768 0.98604 0.97146
032 30997 45.836835 43.126895 0.98619 0.97336
033 30999 45.943448 42.791255 0.98668 0.97109
034 30973 44.920381 42.820340 0.98518 0.97185
035 30705 45.771359 42.585583 0.98575 0.96985
036 30969 46.022278 42.675120 0.98770 0.97081
037 30885 46.073444 42.798050 0.98760 0.97165
038 30446 46.076372 42.501516 0.98873 0.97014
039 30856 45.627102 43.096721 0.98616 0.97342
040 30998 46.158932 42.964773 0.98756 0.97241
041 30828 45.925120 43.543443 0.98756 0.97524
042 30959 46.046485 43.374624 0.98745 0.97415
043 30984 45.915837 43.545336 0.98752 0.97497
044 30964 45.924972 43.007631 0.98682 0.97272
045 31000 45.268248 43.083414 0.98506 0.97273
046 30908 46.067947 42.767899 0.98751 0.97127
047 30334 46.417112 42.567504 0.98871 0.97068
048 30941 44.694947 42.673641 0.98478 0.97082
049 30996 38.638609 42.714256 0.97964 0.97103
050 30750 45.996173 42.728982 0.98665 0.97142
