002 57971 53.947722 50.655377 0.99771 0.99441
003 57346 53.882528 50.455838 0.99755 0.99414
004 57714 53.747785 50.606673 0.99733 0.99442
005 57994 50.997588 50.702590 0.99608 0.99449
006 57977 51.728911 50.808129 0.99630 0.99453
007 58000 36.277301 50.720452 0.98076 0.99447
008 57844 53.038022 50.606110 0.99694 0.99434
009 57995 43.766736 50.679650 0.99038 0.99445
010 57399 53.519827 50.437887 0.99736 0.99420
011 57999 22.156746 50.622073 0.96581 0.99441
012 57977 47.323206 50.674759 0.99474 0.99435
013 57996 50.380442 50.763518 0.99536 0.99446
014 57995 43.855745 50.659993 0.99358 0.99435
015 57998 23.308522 50.752582 0.96687 0.99453
016 57996 37.145792 50.650198 0.97965 0.99439
017 57737 54.366372 50.505618 0.99759 0.99418
018 57631 53.535009 50.492206 0.99666 0.99419
019 57994 23.314158 50.594316 0.96661 0.99432
020 58000 35.868524 50.699652 0.98148 0.99450
021 57326 53.297778 50.349762 0.99716 0.99406
022 57997 39.351092 50.651019 0.98953 0.99432
023 57728 52.908169 50.543146 0.99618 0.99424
024 57458 53.852603 50.391965 0.99713 0.99399
025 57997 45.441087 50.758856 0.99225 0.99452
026 57326 52.302581 50.092468 0.99658 0.99361
027 57900 53.171426 50.356188 0.99717 0.99404
028 57864 52.231685 50.276865 0.99596 0.99387
029 57941 52.779613 50.251338 0.99685 0.99384
030 57570 52.484477 50.467987 0.99580 0.99420
031 57931 52.831247 50.329429 0.99657 0.99406
032 57943 51.080638 50.760021 0.99610 0.99447
033 57999 25.026928 50.351412 0.97299 0.99407
034 57756 52.719935 50.334768 0.99636 0.99399
035 57967 52.639157 50.321170 0.99590 0.99397
036 57321 52.740724 49.960694 0.99708 0.99348
037 57464 53.058086 50.243341 0.99667 0.99382
038 57953 52.673822 50.216981 0.99685 0.99394
039 57963 51.523145 50.813238 0.99584 0.99454
040 57271 53.233341 50.351412 0.99691 0.99400
041 57855 53.400362 51.498902 0.99651 0.99527
042 57872 54.547282 51.043162 0.99816 0.99466
043 57830 53.610728 51.308434 0.99756 0.99511
044 57996 38.077143 50.657906 0.98816 0.99439
045 57996 48.902076 50.808980 0.99572 0.99452
046 57976 43.752683 50.452218 0.98836 0.99415
047 57887 53.775050 50.393453 0.99710 0.99400
048 57783 52.666385 50.240755 0.99676 0.99382
049 57831 53.321767 50.206197 0.99695 0.99378
050 57998 23.421181 50.455355 0.96615 0.99420
