002 1708 37.888998 10.458641 0.97360 0.39648
003 1494 35.451974 10.277849 0.97120 0.39073
004 1658 36.680257 10.560758 0.97044 0.39935
005 1507 36.203671 10.569835 0.97183 0.39990
006 1877 36.107764 10.576904 0.96834 0.40033
007 1540 35.243613 10.308543 0.96832 0.39328
008 1991 36.021065 10.586809 0.96753 0.40103
009 1602 34.742888 10.592257 0.96612 0.40148
010 1882 36.961706 10.596077 0.96955 0.40189
011 1648 36.016232 10.598694 0.96536 0.40209
012 1984 38.991088 10.600889 0.96904 0.40277
013 1895 38.343734 10.603389 0.96737 0.40293
014 1936 37.773500 10.524667 0.96623 0.40269
015 1605 36.001769 10.606288 0.96951 0.40355
016 1941 37.294986 10.608560 0.96650 0.40336
017 1594 35.727444 10.666102 0.96220 0.40220
018 1572 35.942557 10.398281 0.96972 0.38728
019 1967 37.054112 10.669515 0.96560 0.40271
020 1597 35.880486 10.601083 0.96876 0.39462
021 1738 35.900968 10.620846 0.96272 0.40390
022 1523 35.571117 10.349117 0.96706 0.39668
023 1596 35.054034 10.626968 0.96203 0.40413
024 1554 34.774875 10.233940 0.96661 0.38939
025 1968 35.166694 10.672769 0.96185 0.41114
026 1532 34.273000 10.466947 0.96266 0.40093
027 1450 34.715020 10.271737 0.95960 0.38810
028 1582 34.272498 10.632466 0.96234 0.40220
029 1969 34.734688 10.675527 0.95797 0.40803
030 1625 33.854663 10.683416 0.95770 0.41030
031 1611 34.061167 10.648100 0.95577 0.40067
032 1610 33.725762 10.611353 0.95808 0.39505
033 1918 34.256194 10.857403 0.95473 0.41026
034 1594 33.982994 10.650220 0.95840 0.40366
035 1444 34.507568 10.374352 0.95698 0.39532
036 1590 34.329547 10.656002 0.96087 0.40228
037 1942 34.661270 10.579851 0.95704 0.40363
038 1681 34.241472 10.581425 0.95411 0.40254
039 1541 34.684351 10.163729 0.96344 0.38554
040 1775 34.637532 10.669904 0.95723 0.40499
041 1539 34.627632 10.405172 0.96166 0.40327
042 1406 35.015018 10.075893 0.96094 0.38406
043 1861 35.399725 10.662568 0.95882 0.40903
044 1477 35.597454 10.379759 0.96501 0.39748
045 1884 36.046487 10.781059 0.96063 0.41316
046 1585 35.672365 10.780412 0.96353 0.41130
047 1680 36.014845 10.783256 0.96034 0.41185
048 1613 35.740554 10.902164 0.96423 0.41311
049 1405 36.295297 10.267867 0.96203 0.38920
050 1629 36.048385 10.790947 0.96498 0.41284
