002 12911 45.133173 33.287985 0.98576 0.88539
003 12998 39.142550 33.367226 0.97440 0.88926
004 13000 25.628432 33.412269 0.95710 0.88983
005 12997 36.960761 33.397663 0.96707 0.88934
006 12455 42.523712 32.950731 0.98195 0.87561
007 12996 25.866754 33.387197 0.95704 0.88925
008 12655 44.020022 33.086746 0.98268 0.87988
009 12966 25.719057 33.335884 0.95789 0.88935
010 12593 44.140540 33.044796 0.98294 0.87875
011 12590 44.166051 33.068617 0.98298 0.87751
012 12984 27.277101 33.373017 0.95713 0.88807
013 13000 37.691954 33.443680 0.97224 0.88889
014 12412 44.040091 32.905741 0.98291 0.87388
015 12999 44.085895 33.416292 0.98239 0.88932
016 12978 43.806819 33.380843 0.98329 0.88816
017 12995 35.838421 33.446253 0.96978 0.88864
018 12979 42.488272 33.360041 0.98211 0.88757
019 12988 43.931540 33.388665 0.98252 0.88755
020 12125 42.793994 32.775812 0.98119 0.86949
021 12997 35.605857 33.435187 0.96597 0.88876
022 12825 40.250526 33.232717 0.98029 0.88338
023 12978 39.925091 33.439190 0.97728 0.88790
024 12994 24.969268 33.381767 0.95189 0.88783
025 12993 37.529355 33.479954 0.97278 0.89074
026 12600 41.104415 32.923485 0.97939 0.87355
027 12745 41.261677 33.053102 0.98002 0.87676
028 12959 41.912689 33.212521 0.97878 0.88317
029 12989 42.544332 33.185846 0.98016 0.88379
030 12972 41.510545 33.243641 0.97772 0.88654
031 12988 42.364852 33.251788 0.98025 0.88503
032 12984 41.825107 33.392015 0.97896 0.88976
033 12999 36.280603 33.253500 0.96304 0.88437
034 12964 43.339659 33.173058 0.97993 0.88449
035 12993 21.887229 33.180972 0.94718 0.88197
036 12827 43.540262 33.069944 0.98100 0.87777
037 12984 42.986457 33.350156 0.97872 0.88491
038 12989 43.097752 33.257090 0.98006 0.88329
039 12919 42.531746 33.463367 0.97769 0.88889
040 12657 43.265763 33.067229 0.97902 0.87695
041 12965 25.416175 33.921646 0.95113 0.89760
042 12237 42.549871 33.055856 0.97736 0.87773
043 12880 42.277819 33.699027 0.97842 0.89460
044 12942 42.559649 33.405443 0.97899 0.88933
045 12920 43.482648 33.453234 0.98041 0.88847
046 12979 42.647717 33.274714 0.97662 0.88588
047 12895 43.520964 33.252470 0.98097 0.88286
048 12995 33.202514 33.196403 0.96300 0.88270
049 12776 43.764498 32.987210 0.98086 0.87717
050 12971 40.121064 33.291680 0.97327 0.88438
