002 28874 46.836251 42.230431 0.98996 0.96894
003 28999 46.012069 42.230713 0.98903 0.96913
004 28996 39.586529 42.266329 0.97946 0.96894
005 28964 46.305617 42.269260 0.98926 0.96907
006 28987 44.944018 42.311094 0.98800 0.96946
007 28996 34.777022 42.303153 0.97322 0.96899
008 28994 25.348349 42.265230 0.96225 0.96890
009 28952 46.285977 42.283994 0.98905 0.96900
010 28907 45.278754 42.223090 0.98831 0.96852
011 28997 45.461202 42.282155 0.98730 0.96877
012 28663 46.303783 42.241909 0.98940 0.96828
013 28439 46.406194 42.144529 0.99006 0.96756
014 28988 43.626131 42.295697 0.98588 0.96914
015 28425 46.138357 42.174974 0.98869 0.96776
016 28985 25.363093 42.272873 0.96045 0.96873
017 28978 43.177713 42.265303 0.98404 0.96851
018 28980 46.076878 42.322629 0.98681 0.96888
019 28940 46.091393 42.236567 0.98827 0.96842
020 28941 46.261275 42.261725 0.98883 0.96864
021 28916 46.035913 42.267446 0.98746 0.96882
022 28940 45.389124 42.259191 0.98596 0.96862
023 28768 46.176044 42.180726 0.98916 0.96805
024 28970 45.103680 42.272790 0.98665 0.96885
025 28962 46.259253 42.392897 0.98701 0.96919
026 28691 45.511855 41.956545 0.98602 0.96636
027 28950 45.707259 42.047421 0.98701 0.96708
028 28846 46.006410 42.040973 0.98795 0.96658
029 28993 45.750227 42.014534 0.98816 0.96697
030 28996 25.414891 42.223008 0.95874 0.96833
031 28993 45.539223 42.074631 0.98631 0.96761
032 28981 45.657048 42.395632 0.98584 0.96974
033 28667 45.779741 41.965090 0.98680 0.96620
034 28928 45.884291 42.099835 0.98747 0.96749
035 28889 45.524907 41.978714 0.98637 0.96628
036 28953 45.738437 41.962203 0.98735 0.96681
037 28813 45.771543 42.099130 0.98659 0.96752
038 28910 45.146413 42.002176 0.98823 0.96668
039 28462 45.485273 42.288843 0.98575 0.96875
040 28876 45.873729 42.205237 0.98681 0.96845
041 28412 45.483659 42.648307 0.98650 0.97108
042 28762 45.722049 42.545816 0.98746 0.97049
043 28909 45.846076 42.709750 0.98778 0.97173
044 28546 45.879638 42.174140 0.98776 0.96779
045 28972 45.017779 42.331257 0.98428 0.96912
046 29000 32.457917 42.085906 0.96598 0.96716
047 28947 45.878923 42.104862 0.98796 0.96780
048 28994 45.700347 42.018529 0.98688 0.96695
049 28894 45.770148 41.990369 0.98704 0.96659
050 28989 43.189942 42.127519 0.98341 0.96782
