002 5803 44.238447 19.512488 0.98279 0.56907
003 5906 43.571516 20.532045 0.98131 0.59092
004 5908 43.595043 20.413643 0.98134 0.59279
005 5963 43.393519 21.816480 0.98119 0.61664
006 5993 43.130704 21.620648 0.98067 0.60898
007 5982 43.138791 21.762903 0.98059 0.61176
008 5952 42.886639 21.591680 0.98024 0.60233
009 5999 42.878281 22.149244 0.98036 0.61309
010 5975 43.187247 21.924021 0.98010 0.61366
011 5992 43.303030 21.967569 0.98006 0.61663
012 5993 42.361921 21.767230 0.97769 0.61291
013 5957 42.332149 21.802224 0.97750 0.60705
014 5985 42.120641 21.676736 0.97698 0.61163
015 5983 40.954545 21.807006 0.97557 0.60970
016 5967 41.598109 21.639215 0.97639 0.60780
017 5989 40.201287 21.932357 0.97266 0.61493
018 5974 34.669089 21.612310 0.96417 0.60698
019 5970 40.875804 20.691574 0.97692 0.60831
020 5987 40.587461 20.639287 0.97612 0.60483
021 5992 39.110071 21.385997 0.97227 0.60842
022 5996 39.533642 21.653192 0.97544 0.60761
023 6000 39.265385 20.651389 0.97231 0.60445
024 5974 39.960931 20.318481 0.97485 0.59378
025 5972 40.543793 20.717000 0.97601 0.60830
026 5966 39.629381 20.344740 0.97402 0.59105
027 5983 37.826125 20.599486 0.97016 0.59952
028 5973 39.463818 20.300827 0.97280 0.59104
029 5940 38.998586 20.346600 0.96997 0.58975
030 5981 39.031830 20.676866 0.96886 0.60273
031 5917 39.884635 19.514135 0.97079 0.59074
032 5971 37.944631 21.151348 0.96308 0.60082
033 5995 36.058022 21.167385 0.95807 0.59888
034 5996 39.514184 20.705858 0.97021 0.59885
035 5951 39.938053 20.112497 0.97133 0.58936
036 5998 39.252047 21.090601 0.96856 0.59362
037 5962 39.298033 20.183620 0.97110 0.59220
038 5969 40.780338 20.067145 0.97275 0.58971
039 5968 40.571165 20.470752 0.97314 0.59681
040 5993 41.678979 20.596452 0.97485 0.59889
041 5952 41.189575 20.505219 0.97432 0.59860
042 5993 41.945159 21.765411 0.97547 0.61019
043 5976 41.752140 20.713944 0.97490 0.60061
044 5898 42.279114 19.505760 0.97535 0.57776
045 5983 41.823982 20.586884 0.97419 0.59946
046 5748 41.263966 18.954171 0.97368 0.56591
047 5984 41.278495 21.765637 0.97233 0.60439
048 5965 41.181706 20.565959 0.97313 0.59645
049 5991 36.134238 20.577673 0.96329 0.59748
050 5923 41.275155 20.229887 0.97345 0.58786
