002 46973 47.171971 47.798091 0.99101 0.98985
003 46994 34.884898 47.799663 0.97842 0.98984
004 46299 48.956824 47.594561 0.99516 0.98938
005 46609 49.162191 47.692194 0.99485 0.98956
006 46997 49.438883 47.853400 0.99438 0.98992
007 46949 49.326910 47.785148 0.99438 0.98982
008 46758 49.168334 47.729440 0.99404 0.98971
009 46592 49.047304 47.707843 0.99410 0.98958
010 46406 49.009111 47.616009 0.99483 0.98948
011 46994 23.297586 47.720750 0.96380 0.98972
012 46287 49.664528 47.618678 0.99413 0.98930
013 46149 50.059286 47.571416 0.99468 0.98917
014 46983 49.346690 47.730536 0.99398 0.98964
015 46990 41.279582 47.776769 0.98833 0.98980
016 46664 49.750851 47.699387 0.99401 0.98956
017 46984 50.196065 47.737825 0.99505 0.98964
018 46484 50.038620 47.623014 0.99425 0.98933
019 46604 49.748850 47.630850 0.99454 0.98937
020 47000 35.774262 47.746324 0.97847 0.98981
021 46973 49.300970 47.707586 0.99355 0.98971
022 46995 48.820047 47.778366 0.99237 0.98973
023 46937 47.592937 47.749300 0.99139 0.98968
024 46385 49.678334 47.572503 0.99439 0.98919
025 47000 47.589597 47.853002 0.99122 0.98999
026 46262 48.672008 47.304292 0.99243 0.98866
027 46874 49.345568 47.468900 0.99360 0.98913
028 46285 48.963711 47.273464 0.99349 0.98863
029 46678 49.269301 47.334635 0.99280 0.98882
030 46839 49.068215 47.692322 0.99317 0.98965
031 46439 49.466384 47.347746 0.99318 0.98889
032 46424 48.755995 47.747132 0.99239 0.98966
033 46891 49.242697 47.517937 0.99361 0.98923
034 46995 36.911408 47.596154 0.97524 0.98944
035 46842 49.139442 47.449916 0.99306 0.98909
036 46719 49.347298 47.337813 0.99319 0.98889
037 46547 48.924461 47.456326 0.99309 0.98901
038 46994 32.883012 47.434747 0.97556 0.98914
039 46214 49.061160 47.709254 0.99361 0.98955
040 46746 49.494737 47.688171 0.99384 0.98957
041 46867 49.065453 48.237411 0.99335 0.99069
042 46994 36.084196 48.002117 0.98500 0.99021
043 46678 49.452947 48.109863 0.99341 0.99051
044 46566 49.603683 47.682717 0.99371 0.98950
045 46991 49.197240 47.834148 0.99390 0.98990
046 46448 48.987406 47.403549 0.99375 0.98904
047 46961 49.440316 47.592281 0.99337 0.98931
048 46794 48.828131 47.403340 0.99306 0.98891
049 46943 49.149841 47.492998 0.99356 0.98907
050 46640 49.539865 47.487784 0.99320 0.98923
