002 24986 42.945745 41.062734 0.98504 0.96190
003 24935 45.976439 40.986136 0.98885 0.96143
004 24998 45.922293 41.098301 0.98905 0.96174
005 24877 46.205683 41.012973 0.98944 0.96159
006 24716 46.144459 40.956373 0.98806 0.96132
007 24978 46.296758 41.117498 0.98879 0.96172
008 24983 45.988765 41.099281 0.98744 0.96117
009 24997 46.181387 41.075295 0.98950 0.96118
010 24979 46.153818 41.060340 0.98837 0.96138
011 24975 45.918830 41.026492 0.98862 0.96117
012 24524 45.872762 40.881299 0.98708 0.96097
013 24959 45.198737 41.101577 0.98618 0.96143
014 24598 45.829278 40.914016 0.98847 0.96094
015 24967 45.990103 41.155376 0.98705 0.96183
016 24758 45.683398 40.971185 0.98699 0.96102
017 24950 45.919510 41.032340 0.98781 0.96111
018 24867 45.529078 41.053650 0.98701 0.96136
019 24475 45.479454 40.791449 0.98669 0.96034
020 24994 36.643250 41.088605 0.97063 0.96153
021 24820 45.420117 40.975020 0.98646 0.96107
022 24868 45.433218 41.015142 0.98598 0.96117
023 24999 36.048392 41.107500 0.97518 0.96139
024 24986 42.406723 41.110762 0.98028 0.96153
025 24994 37.019394 41.223239 0.96987 0.96203
026 24573 44.411986 40.597427 0.98410 0.95838
027 24990 44.912879 40.868914 0.98495 0.96005
028 24959 43.779290 40.813513 0.98239 0.95950
029 24347 45.213803 40.466874 0.98616 0.95801
030 24993 42.990837 41.015616 0.98187 0.96094
031 24994 25.558528 40.844118 0.95768 0.95984
032 24790 44.697126 41.098245 0.98405 0.96180
033 24994 45.237009 40.848668 0.98468 0.95921
034 24994 26.986464 40.895803 0.96156 0.96007
035 25000 25.419955 40.773040 0.95745 0.95883
036 24757 44.872005 40.633899 0.98498 0.95881
037 24714 44.963112 40.772482 0.98513 0.96013
038 24644 45.315781 40.605460 0.98569 0.95855
039 24987 39.834303 41.272605 0.97438 0.96272
040 24987 44.570649 41.034236 0.98402 0.96115
041 24981 43.151304 41.707157 0.98263 0.96524
042 24982 25.518053 41.517815 0.95879 0.96382
043 24980 43.786120 41.664006 0.98151 0.96492
044 24967 40.673547 41.113676 0.98007 0.96162
045 24997 40.652623 41.160200 0.97986 0.96174
046 24998 26.258565 40.895376 0.96333 0.95980
047 24797 45.596415 40.824151 0.98753 0.95971
048 24350 45.263132 40.405822 0.98670 0.95744
049 24798 45.350071 40.663392 0.98757 0.95877
050 24969 44.356328 40.899853 0.98290 0.95993
