002 48994 42.347117 48.166002 0.98599 0.99046
003 48986 27.330712 48.173133 0.96880 0.99049
004 48440 51.076458 48.052566 0.99571 0.99039
005 48677 49.687023 48.111938 0.99501 0.99049
006 48926 50.800150 48.230426 0.99481 0.99052
007 48934 51.132454 48.149183 0.99521 0.99047
008 48519 50.833405 48.040608 0.99492 0.99034
009 48694 50.222755 48.135825 0.99442 0.99051
010 48750 50.246504 48.099185 0.99482 0.99049
011 48964 50.693399 48.096695 0.99539 0.99046
012 48929 50.302543 48.182028 0.99498 0.99040
013 48842 50.701695 48.181741 0.99519 0.99041
014 48716 50.081933 48.042547 0.99458 0.99021
015 48984 50.290440 48.174204 0.99512 0.99050
016 48654 50.219039 48.059026 0.99528 0.99032
017 48936 50.631931 48.115811 0.99458 0.99031
018 48992 50.189531 48.129920 0.99470 0.99038
019 48850 49.978179 48.092664 0.99432 0.99033
020 48792 50.295673 48.078535 0.99424 0.99037
021 48937 50.029418 48.102414 0.99466 0.99041
022 48669 50.052899 48.083357 0.99443 0.99037
023 48992 23.336551 48.140533 0.96413 0.99045
024 48664 50.010963 47.982777 0.99413 0.99001
025 48982 46.990106 48.221216 0.99399 0.99055
026 48657 49.352070 47.873770 0.99338 0.99001
027 48962 49.309538 47.911471 0.99353 0.99019
028 48942 49.392424 47.902979 0.99346 0.99004
029 48992 49.340196 47.903884 0.99292 0.99010
030 48716 49.127378 48.047155 0.99316 0.99042
031 48851 49.816621 47.916614 0.99354 0.99016
032 48887 49.426388 48.204110 0.99368 0.99050
033 48990 48.479556 47.932892 0.99240 0.99015
034 48312 49.779529 47.822151 0.99436 0.99006
035 48556 49.648811 47.826926 0.99431 0.99006
036 48584 49.849148 47.756589 0.99408 0.98992
037 48643 49.498754 47.918296 0.99417 0.99005
038 48853 49.413169 47.832729 0.99461 0.99010
039 48698 49.751570 48.234080 0.99430 0.99061
040 48884 49.855872 48.086084 0.99410 0.99035
041 48994 47.810153 48.685519 0.99233 0.99122
042 48994 22.572377 48.419809 0.96776 0.99073
043 48967 50.254391 48.604369 0.99464 0.99113
044 48987 48.796421 48.152449 0.99358 0.99043
045 48911 50.185389 48.200985 0.99457 0.99052
046 48483 49.340056 47.887815 0.99446 0.99019
047 48991 49.945694 48.009672 0.99454 0.99022
048 48968 49.474177 47.895775 0.99374 0.99003
049 48953 49.518799 47.874169 0.99390 0.98992
050 48422 49.898241 47.905293 0.99426 0.99028
