002 50632 51.825297 48.525327 0.99649 0.99101
003 50927 51.718000 48.596848 0.99583 0.99114
004 50932 51.040744 48.584160 0.99516 0.99122
005 50956 50.343288 48.609930 0.99624 0.99120
006 50887 51.491924 48.652040 0.99568 0.99120
007 50854 51.016090 48.542116 0.99541 0.99109
008 50660 51.282655 48.501900 0.99506 0.99104
009 50981 51.328386 48.600942 0.99579 0.99123
010 50653 51.045166 48.507870 0.99532 0.99108
011 50815 51.403788 48.492518 0.99631 0.99101
012 50625 51.114856 48.517903 0.99549 0.99093
013 50528 51.262985 48.527379 0.99608 0.99093
014 50813 51.087125 48.518521 0.99588 0.99092
015 50818 51.451502 48.571742 0.99542 0.99111
016 50435 50.702079 48.422530 0.99594 0.99079
017 50938 50.338174 48.523895 0.99516 0.99097
018 50957 50.532136 48.538505 0.99444 0.99102
019 50911 50.201470 48.531678 0.99475 0.99100
020 50982 50.730021 48.543204 0.99486 0.99113
021 50778 50.631177 48.497629 0.99538 0.99102
022 50883 50.426721 48.573268 0.99449 0.99102
023 50988 50.172873 48.568302 0.99379 0.99111
024 50857 50.654050 48.421736 0.99481 0.99079
025 50997 27.863817 48.661414 0.97450 0.99135
026 51000 49.341363 48.357224 0.99366 0.99069
027 50955 49.960856 48.336796 0.99391 0.99073
028 50982 49.892405 48.311929 0.99418 0.99060
029 50988 49.977855 48.283944 0.99350 0.99056
030 50880 49.926523 48.495938 0.99428 0.99105
031 50925 50.190213 48.314398 0.99394 0.99068
032 50989 49.899144 48.656186 0.99389 0.99126
033 50904 49.992695 48.315062 0.99436 0.99069
034 50874 50.424144 48.367698 0.99425 0.99074
035 50383 49.868139 48.202637 0.99404 0.99048
036 50774 50.491354 48.218402 0.99495 0.99048
037 50600 50.315556 48.321703 0.99525 0.99057
038 50956 50.378425 48.258140 0.99494 0.99064
039 50531 50.242134 48.626733 0.99534 0.99121
040 50960 50.882271 48.525598 0.99519 0.99103
041 50986 47.244322 49.186277 0.99132 0.99213
042 50994 36.464418 48.883083 0.98281 0.99159
043 50985 50.808522 49.066768 0.99530 0.99198
044 50969 29.968329 48.568810 0.98013 0.99110
045 50989 50.765916 48.642249 0.99493 0.99122
046 50994 38.074853 48.413733 0.98100 0.99086
047 50724 50.316725 48.380256 0.99450 0.99069
048 50997 49.854032 48.277981 0.99387 0.99051
049 50975 48.190869 48.287130 0.99276 0.99050
050 50943 50.277213 48.450892 0.99453 0.99094
