002 16994 42.148217 36.999394 0.98194 0.92643
003 16968 44.909427 36.986765 0.98555 0.92610
004 16826 45.035815 36.938009 0.98556 0.92565
005 16862 45.080211 36.876082 0.98602 0.92559
006 16963 45.047180 37.027873 0.98596 0.92593
007 16743 44.963623 36.776288 0.98532 0.92601
008 16968 44.889092 37.045439 0.98649 0.92641
009 16382 45.052517 36.341122 0.98574 0.92309
010 16918 44.980494 36.945773 0.98428 0.92563
011 16790 44.966112 36.821608 0.98544 0.92495
012 16332 44.760789 36.287601 0.98533 0.92349
013 16996 40.830384 37.031098 0.97831 0.92689
014 16781 44.868185 36.834053 0.98538 0.92492
015 16866 44.702242 36.885213 0.98391 0.92543
016 16992 44.355558 36.972846 0.98452 0.92514
017 16974 45.077568 37.029318 0.98445 0.92668
018 16823 44.935712 36.817524 0.98422 0.92433
019 16943 44.249942 36.987449 0.98489 0.92456
020 16673 44.584417 36.714517 0.98368 0.92450
021 16990 44.542685 37.016377 0.98376 0.92526
022 16573 44.289277 36.534595 0.98385 0.92278
023 17000 44.289218 37.044393 0.98343 0.92468
024 16969 41.629924 36.996070 0.98282 0.92502
025 16786 42.276111 36.885301 0.98290 0.92659
026 16767 41.676724 36.551225 0.98198 0.92184
027 16460 43.969654 36.290242 0.98214 0.92002
028 16645 43.760130 36.371543 0.98235 0.92087
029 16569 44.255599 36.249437 0.98278 0.92044
030 16915 43.697061 36.830083 0.98048 0.92406
031 16724 44.287584 36.453165 0.98177 0.92142
032 16913 43.885891 37.039341 0.98149 0.92617
033 16879 44.281069 36.688187 0.98326 0.92129
034 16998 38.389409 36.821380 0.97146 0.92296
035 16831 43.680580 36.600426 0.98120 0.92151
036 16538 44.170010 36.181067 0.98108 0.92024
037 16964 42.118870 36.859887 0.97705 0.92380
038 16974 43.800478 36.696700 0.98138 0.92238
039 16608 43.483399 36.826910 0.98105 0.92603
040 16276 44.215993 36.211251 0.98421 0.92099
041 16998 41.117702 37.516789 0.97626 0.93283
042 16140 43.877283 36.354257 0.98168 0.92571
043 16666 43.854345 37.191816 0.98263 0.92972
044 16957 44.034253 37.096777 0.98125 0.92632
045 16428 44.473311 36.517880 0.98442 0.92412
046 16719 44.181894 36.556202 0.98224 0.92237
047 16841 44.363046 36.702190 0.98300 0.92350
048 16843 44.048227 36.583461 0.98108 0.92156
049 16852 44.324100 36.562642 0.98408 0.92138
050 16775 44.186808 36.585662 0.98155 0.92162
