002 36997 25.776140 44.731562 0.96686 0.97956
003 36710 47.490161 44.651970 0.99172 0.97924
004 36952 47.961313 44.761261 0.99208 0.97960
005 36959 47.175089 44.735603 0.99127 0.97962
006 36883 47.514900 44.734811 0.99164 0.97946
007 36814 47.553465 44.705388 0.99185 0.97933
008 36816 47.575146 44.679563 0.99293 0.97937
009 36900 47.006579 44.690992 0.99110 0.97943
010 36933 46.959317 44.687792 0.99147 0.97941
011 36976 47.308355 44.646041 0.99187 0.97919
012 36996 39.892930 44.766746 0.98191 0.97964
013 36825 47.621065 44.699836 0.99069 0.97915
014 36899 47.306659 44.708167 0.99147 0.97936
015 36953 47.172198 44.764564 0.99061 0.97944
016 36972 47.436041 44.699451 0.99076 0.97928
017 36461 47.570794 44.535375 0.99281 0.97862
018 36951 47.386039 44.707669 0.99071 0.97933
019 36904 47.130232 44.679579 0.99114 0.97912
020 36953 47.382855 44.733712 0.98967 0.97932
021 36951 47.598842 44.710594 0.99101 0.97935
022 36479 47.326464 44.559687 0.99086 0.97865
023 36089 47.199346 44.483812 0.99043 0.97845
024 36961 47.521283 44.660480 0.99176 0.97899
025 36379 47.581493 44.669581 0.98990 0.97918
026 36901 46.662386 44.481981 0.98891 0.97844
027 36924 47.368066 44.505857 0.99047 0.97844
028 36114 47.205111 44.314872 0.99028 0.97758
029 36804 47.130737 44.410935 0.99103 0.97807
030 36964 46.588203 44.634778 0.98836 0.97897
031 36868 47.110965 44.484697 0.99028 0.97865
032 36347 46.728125 44.660735 0.98861 0.97934
033 36801 47.024593 44.492121 0.98956 0.97859
034 37000 23.830190 44.573545 0.96689 0.97861
035 36957 46.249618 44.467469 0.98842 0.97839
036 36469 46.782473 44.292795 0.99035 0.97764
037 36403 47.079781 44.441550 0.98887 0.97839
038 36961 45.077096 44.430608 0.99016 0.97828
039 36635 46.755922 44.738029 0.98987 0.97958
040 36947 47.231030 44.666556 0.98939 0.97933
041 36996 45.499691 45.232909 0.98741 0.98170
042 36252 47.266971 44.813003 0.99083 0.97976
043 36959 46.781437 45.147391 0.98880 0.98137
044 36576 47.337813 44.660576 0.99022 0.97911
045 36681 47.465351 44.672194 0.99016 0.97907
046 36314 46.730607 44.392442 0.98964 0.97805
047 36690 47.320830 44.516653 0.98916 0.97879
048 36369 46.643903 44.335352 0.98850 0.97783
049 36993 46.917505 44.484987 0.99081 0.97844
050 36676 47.011765 44.462804 0.98877 0.97838
