002 4999 42.231740 16.587719 0.97771 0.52787
003 4991 41.579071 16.711829 0.97675 0.53491
004 4994 40.470585 16.695276 0.97632 0.53579
005 4358 38.754877 15.249208 0.97476 0.50692
006 4435 38.666808 15.671614 0.97383 0.52611
007 4419 38.392857 15.583727 0.97303 0.51160
008 4478 39.549603 15.991152 0.97333 0.52281
009 4507 42.147255 15.920609 0.97654 0.52800
010 4969 41.237972 16.330286 0.97762 0.52809
011 4544 43.029989 15.883093 0.98009 0.52446
012 4510 42.762978 15.664184 0.97957 0.52774
013 4552 42.798681 15.580401 0.97977 0.52325
014 4517 42.595529 15.919017 0.97982 0.52436
015 4651 41.720697 15.830924 0.97855 0.51757
016 4443 41.306907 15.606807 0.97793 0.52362
017 4698 41.419192 15.928645 0.97807 0.51872
018 4472 40.689703 15.968613 0.97713 0.52056
019 4644 40.602637 15.844424 0.97746 0.51842
020 4995 23.166406 15.921763 0.94767 0.52476
021 4930 37.876532 15.998038 0.97340 0.52088
022 4997 25.534715 16.223785 0.94735 0.53376
023 4991 37.385742 16.225829 0.97089 0.53346
024 4483 36.971953 15.710199 0.97243 0.51530
025 4994 25.534983 16.232051 0.94701 0.52267
026 4290 37.379462 14.173460 0.96704 0.50478
027 4805 38.034196 15.703159 0.96728 0.52363
028 4993 37.367784 16.527041 0.96675 0.52259
029 4290 39.779276 14.500215 0.97210 0.49537
030 4547 38.580274 15.712938 0.96932 0.52519
031 4989 37.571984 16.558987 0.96728 0.52619
032 4591 36.950642 15.869499 0.96335 0.52979
033 4977 38.005718 16.204538 0.96745 0.52601
034 4525 38.389657 16.099180 0.96824 0.52184
035 4997 24.832111 16.695572 0.94005 0.53247
036 4599 36.353879 16.031500 0.95647 0.51482
037 4996 36.732259 16.401976 0.96404 0.53140
038 4548 38.678426 16.172871 0.96972 0.52261
039 4984 39.476426 16.308783 0.97086 0.53151
040 4980 39.105531 16.459547 0.97049 0.52584
041 4626 40.183495 15.670574 0.97099 0.52179
042 4991 40.121427 16.345880 0.97143 0.53526
043 5000 26.184249 16.590498 0.95457 0.53245
044 4330 40.280122 14.963726 0.97324 0.50722
045 4992 23.692919 16.288922 0.94453 0.52939
046 4984 36.388349 16.402157 0.96078 0.53279
047 4968 39.390813 16.097863 0.96880 0.52345
048 4584 38.643084 16.071399 0.96734 0.52100
049 4992 22.823213 16.604064 0.94149 0.53107
050 4994 38.489170 16.588261 0.96428 0.52632
