002 41980 23.355727 46.207543 0.96451 0.98587
003 41594 49.063000 46.078773 0.99323 0.98517
004 41807 49.059847 46.171360 0.99269 0.98566
005 41987 48.259632 46.195079 0.99323 0.98578
006 41993 43.745828 46.259070 0.98993 0.98595
007 41860 48.443366 46.161626 0.99328 0.98553
008 41946 47.989135 46.164973 0.99286 0.98578
009 41935 48.154048 46.181523 0.99257 0.98574
010 41900 48.062399 46.156509 0.99391 0.98567
011 41997 22.830730 46.128807 0.96503 0.98560
012 41738 48.436764 46.134115 0.99305 0.98538
013 41999 42.172437 46.267046 0.98739 0.98582
014 41898 48.535478 46.147994 0.99307 0.98554
015 41925 48.122683 46.148778 0.99264 0.98554
016 41995 48.341801 46.193314 0.99292 0.98572
017 41821 48.628080 46.063510 0.99367 0.98516
018 41960 48.050796 46.175684 0.99282 0.98560
019 41784 48.456564 46.086447 0.99245 0.98520
020 41905 48.193951 46.172441 0.99222 0.98565
021 41644 47.997557 46.032402 0.99208 0.98508
022 41592 48.312555 46.020865 0.99250 0.98485
023 41924 48.270567 46.154491 0.99158 0.98563
024 41159 48.118347 45.864596 0.99269 0.98453
025 41994 22.886006 46.229773 0.96999 0.98591
026 41951 47.034548 45.955423 0.98996 0.98471
027 41904 47.969001 45.937195 0.99158 0.98480
028 41790 47.569086 45.884017 0.99130 0.98455
029 41881 48.383588 45.844009 0.99169 0.98444
030 41217 47.698555 45.832378 0.99079 0.98459
031 41986 25.001792 45.965264 0.96746 0.98486
032 41342 47.500174 46.072850 0.98978 0.98518
033 41770 48.250977 45.930589 0.99208 0.98476
034 41522 48.077837 45.847935 0.99091 0.98449
035 41755 48.057428 45.847998 0.99149 0.98454
036 41927 48.396680 45.835710 0.99219 0.98461
037 41490 47.884441 45.822439 0.99106 0.98446
038 41980 46.361242 45.855253 0.98963 0.98465
039 41974 41.766711 46.249687 0.98122 0.98601
040 41981 45.006612 46.158057 0.98873 0.98563
041 41983 47.148119 46.649753 0.99150 0.98699
042 41436 48.414977 46.336577 0.99244 0.98614
043 41969 47.787956 46.531080 0.99089 0.98677
044 41572 48.186893 46.091990 0.99215 0.98523
045 41710 48.200374 46.121214 0.99182 0.98539
046 41866 47.740279 45.960609 0.99077 0.98490
047 41267 48.312113 45.767214 0.99172 0.98424
048 41273 47.603847 45.681307 0.99095 0.98398
049 41951 47.898890 45.925057 0.99211 0.98470
050 41998 24.405561 45.995936 0.96553 0.98508
