002 14999 45.202805 35.154957 0.98596 0.90972
003 14849 44.871588 35.087957 0.98511 0.90903
004 14839 44.851512 35.134122 0.98559 0.90816
005 14604 44.978561 34.936664 0.98543 0.90415
006 14099 44.731530 34.759298 0.98512 0.89966
007 14146 45.002208 34.758978 0.98491 0.89946
008 14957 44.891606 35.160061 0.98480 0.90919
009 14430 44.706818 34.832360 0.98420 0.90200
010 14504 44.610530 34.931522 0.98469 0.90375
011 14277 44.534356 34.818051 0.98404 0.90019
012 14968 40.376777 35.193990 0.97964 0.90973
013 14863 44.520129 35.116525 0.98369 0.90888
014 14919 44.669629 35.182457 0.98360 0.90845
015 14479 44.373016 34.857771 0.98328 0.90282
016 14813 44.123891 35.087405 0.98286 0.90605
017 14990 43.442589 35.203689 0.98250 0.91037
018 14863 43.628988 35.087645 0.98233 0.90728
019 14346 44.097969 34.790928 0.98250 0.89991
020 14454 44.048945 34.868122 0.98257 0.90185
021 14671 41.160839 35.019234 0.98216 0.90441
022 14554 43.768819 34.848930 0.98219 0.90232
023 14320 40.475566 34.762017 0.98160 0.89894
024 14653 41.258321 34.928794 0.98193 0.90308
025 14535 42.121863 34.977303 0.98206 0.90485
026 14360 41.275593 34.596121 0.98047 0.89586
027 14962 41.707745 35.061910 0.98164 0.90568
028 14358 41.740060 34.614865 0.97972 0.89671
029 14460 41.817056 34.649460 0.98068 0.89741
030 14981 41.363073 35.092189 0.97784 0.90801
031 14998 41.873041 34.980278 0.98101 0.90631
032 14884 43.140426 35.166239 0.97931 0.91069
033 14995 32.342453 35.032107 0.96345 0.90526
034 14751 43.850809 34.866333 0.98220 0.90275
035 14561 43.498831 34.771027 0.98152 0.89949
036 14791 44.051762 34.804344 0.98302 0.90168
037 14949 43.619160 35.027959 0.98126 0.90684
038 14743 43.727968 34.801633 0.98198 0.90058
039 14972 43.305345 35.282332 0.98050 0.91096
040 14995 26.890960 35.170244 0.96471 0.90892
041 14990 36.198681 35.641716 0.96935 0.91857
042 14986 41.674598 35.413339 0.97814 0.91610
043 14994 32.478796 35.543674 0.96232 0.91747
044 14602 43.599758 34.953852 0.98202 0.90444
045 14394 43.878278 34.906974 0.98176 0.90150
046 14981 39.369276 35.022097 0.97272 0.90595
047 14904 43.839085 35.023970 0.98242 0.90598
048 14513 43.956836 34.704634 0.98201 0.89816
049 14693 43.983993 34.795264 0.98235 0.89956
050 14969 40.809629 35.022856 0.97521 0.90702
