006 10955 32.585303 12.901037 0.97988 0.57714
007 10970 31.949884 12.903993 0.97623 0.57614
008 10568 31.086005 12.759044 0.97130 0.56213
009 10909 30.249953 12.901580 0.96543 0.57670
010 10961 29.260699 12.904830 0.95780 0.57471
011 10928 28.728961 12.916431 0.95055 0.57685
012 10586 28.106964 12.762921 0.94232 0.56072
013 10649 27.688581 12.771827 0.93430 0.56231
014 10902 27.326924 12.926410 0.92951 0.57667
015 10949 26.624311 12.921079 0.91681 0.57450
016 10711 26.386544 12.779131 0.91464 0.56098
017 10668 25.976475 12.778049 0.90732 0.56062
018 10653 25.659042 12.784928 0.89126 0.56154
019 10949 25.704124 12.943001 0.89654 0.57579
020 10745 24.946373 12.790078 0.87208 0.56059
021 10768 24.766769 12.795720 0.86896 0.56169
022 10572 24.493805 12.795331 0.86525 0.56030
023 10749 24.223164 12.802049 0.85451 0.56127
024 10867 24.147702 12.966165 0.84726 0.57567
025 10730 23.900303 12.812357 0.84430 0.56055
026 10625 23.857792 12.823564 0.83627 0.56120
027 10898 23.934162 12.986577 0.82977 0.57497
028 10768 23.959628 12.842281 0.84165 0.56289
029 10758 24.212015 12.851398 0.85224 0.56174
030 10695 23.903945 12.853221 0.84018 0.56146
031 10968 23.991901 13.019855 0.83679 0.57666
032 10698 23.545943 12.866742 0.82906 0.56008
033 10642 23.490230 12.867624 0.82120 0.56325
034 10909 22.718924 13.040630 0.77862 0.57553
035 10784 22.601147 12.882401 0.77305 0.56161
036 10763 23.156742 12.892592 0.81120 0.56228
037 10808 22.994617 13.053159 0.80253 0.57496
038 10886 22.878640 13.058947 0.80566 0.57688
039 10633 22.879795 12.890508 0.79214 0.55932
040 10873 22.499265 13.064196 0.78471 0.57576
041 10924 22.595198 13.069042 0.77176 0.57571
042 10966 22.808447 13.074134 0.79827 0.57572
043 10746 22.700294 12.917109 0.79562 0.56170
044 10975 22.597003 13.081554 0.79289 0.57460
045 10956 22.327153 13.081944 0.79212 0.57434
046 10715 22.744439 12.926636 0.78036 0.55985
047 10891 22.301592 13.098167 0.77691 0.57549
048 10782 22.458629 12.943538 0.78171 0.56151
049 10836 22.223123 13.107973 0.76673 0.57575
050 10878 22.517506 13.112024 0.77967 0.57437
051 10548 22.217374 12.962499 0.75946 0.56086
052 10981 21.976749 13.123045 0.74269 0.57475
053 10967 21.916589 13.141434 0.75052 0.57558
054 10639 22.107003 12.987622 0.75091 0.56123
055 10920 21.897522 13.150608 0.72769 0.57424
056 10980 21.771543 13.160321 0.72347 0.57605
057 10802 21.699447 13.165726 0.74917 0.57625
058 10708 21.952538 13.019635 0.74044 0.56113
059 10824 22.135716 13.179401 0.75501 0.57611
060 10882 22.200342 13.192046 0.76549 0.57493
061 10955 22.433025 13.195316 0.78113 0.57627
062 10872 22.229858 13.210041 0.76406 0.57796
063 10826 22.403124 13.069368 0.76566 0.56289
064 10887 22.353852 13.225152 0.77555 0.57691
065 10670 22.263784 13.074511 0.78099 0.56288
066 10895 22.518091 13.225753 0.77666 0.57741
067 10897 22.214394 13.220276 0.77809 0.57646
068 10847 21.803874 13.230883 0.74602 0.57706
069 10934 21.681503 13.222782 0.72573 0.57646
070 10552 21.356545 13.085745 0.70502 0.56069
071 10968 21.877978 13.229617 0.73002 0.57758
072 10891 21.729521 13.240155 0.73512 0.57766
073 10992 21.523021 13.234831 0.72435 0.57526
074 10835 21.887683 13.240060 0.73291 0.57756
075 10682 21.559653 13.122950 0.72753 0.56349
076 10872 21.707974 13.252931 0.70637 0.57686
077 10946 21.356937 13.265072 0.70721 0.57767
078 10866 21.228432 13.265421 0.68508 0.57809
079 10881 21.807479 13.269470 0.70932 0.57729
080 10807 22.043449 13.152464 0.71615 0.56305
081 10852 21.035187 13.265463 0.68877 0.57722
082 10932 21.138807 13.269647 0.69050 0.57733
083 10831 21.189259 13.162209 0.71552 0.56425
084 10565 21.108708 13.155454 0.67706 0.56327
085 10796 21.131238 13.268170 0.68879 0.57786
086 10831 21.029042 13.268685 0.67343 0.57960
087 10686 20.866237 13.152407 0.67182 0.56400
088 10932 21.370874 13.263038 0.70624 0.57724
089 10507 21.605006 13.163180 0.72306 0.56433
090 10673 21.188135 13.155683 0.69444 0.56443
091 10912 21.138288 13.252091 0.67984 0.57810
092 10810 21.295391 13.164846 0.68169 0.56238
093 10595 21.568316 13.161886 0.71741 0.56244
094 10819 21.706495 13.169430 0.72872 0.56268
095 10733 21.546269 13.179358 0.71209 0.56339
096 10691 21.573168 13.177212 0.71998 0.56175
