006 40805 32.258189 30.276259 0.97383 0.96812
007 40727 32.148438 30.234521 0.97332 0.96781
008 40796 31.950939 30.184030 0.97168 0.96787
009 40998 31.811666 30.170912 0.97110 0.96788
010 40779 31.699512 30.153144 0.97058 0.96757
011 40687 31.595846 30.162725 0.96845 0.96743
012 40589 31.581493 30.120119 0.96847 0.96703
013 40850 31.590138 30.182192 0.96873 0.96779
014 40963 31.554115 30.189377 0.96857 0.96782
015 40633 31.564349 29.897190 0.96860 0.96801
016 40871 31.523254 30.126476 0.96831 0.96745
017 40817 31.575883 30.106094 0.96870 0.96752
018 40586 31.591392 30.116270 0.96832 0.96771
019 40955 31.577304 30.145383 0.96774 0.96783
020 40769 31.622827 30.105945 0.96881 0.96779
021 40625 31.671201 30.096606 0.96865 0.96769
022 40737 31.605929 30.088164 0.96874 0.96765
023 40771 31.614681 30.075328 0.96873 0.96757
024 40986 31.673622 30.066214 0.96914 0.96753
025 40971 31.610905 30.063939 0.96864 0.96804
026 40668 31.584700 30.024080 0.96880 0.96780
027 40663 31.639769 30.063247 0.96932 0.96822
028 40968 31.711263 30.139452 0.96894 0.96808
029 40830 31.751707 30.146876 0.96960 0.96818
030 40913 31.765686 30.160474 0.96977 0.96810
031 40685 32.047359 30.092956 0.97044 0.96828
032 40800 31.728191 30.045030 0.96995 0.96822
033 40910 31.615041 30.055108 0.96849 0.96746
034 40635 31.653710 30.002571 0.96933 0.96776
035 40758 31.639905 30.051624 0.96810 0.96735
036 40743 31.643547 30.077436 0.96827 0.96776
037 40840 31.548059 30.010194 0.96869 0.96784
038 40735 31.475306 29.950851 0.96852 0.96791
039 40919 31.500610 29.997323 0.96899 0.96795
040 40644 31.463245 29.960606 0.96802 0.96758
041 40780 31.553793 30.025633 0.96916 0.96803
042 40927 31.548882 30.013152 0.96877 0.96774
043 40928 31.518269 29.995412 0.96871 0.96785
044 40840 31.482174 29.941967 0.96843 0.96759
045 40933 31.476295 29.929746 0.96820 0.96759
046 40851 31.513393 29.983676 0.96836 0.96764
047 40919 31.389404 30.027999 0.96866 0.96825
048 40870 31.567937 30.049543 0.96899 0.96780
049 40988 31.789776 29.950354 0.97012 0.96791
050 40923 31.711761 29.947404 0.96994 0.96782
051 40812 31.514865 29.952895 0.96889 0.96829
052 40942 31.599241 30.030068 0.96934 0.96832
053 40693 31.575998 30.034114 0.96944 0.96822
054 40772 31.629401 30.005783 0.96878 0.96790
055 40578 31.527614 29.981563 0.96961 0.96829
056 40988 31.640183 30.049364 0.96975 0.96854
057 40790 31.625907 30.058210 0.96947 0.96854
058 40960 31.964066 30.051181 0.97094 0.96860
059 40852 32.342445 30.055881 0.97371 0.96876
060 40976 32.426302 30.101032 0.97349 0.96869
061 40812 31.823739 30.069463 0.97119 0.96881
062 40753 31.723778 30.129063 0.97071 0.96908
063 40938 31.749554 30.133419 0.97026 0.96927
064 40861 31.722354 30.107827 0.96981 0.96872
065 40937 31.708547 30.096575 0.96979 0.96861
066 40922 32.100704 30.082426 0.97171 0.96864
067 40901 31.742285 30.050622 0.97130 0.96859
068 40974 31.664513 30.035768 0.97004 0.96883
069 40922 32.027739 30.045201 0.97154 0.96829
070 40701 32.386995 30.034625 0.97385 0.96881
071 40728 31.757961 30.069077 0.97045 0.96887
072 40967 31.657588 30.079338 0.96968 0.96863
073 40774 31.712340 30.060141 0.96947 0.96855
074 40642 31.610670 30.061550 0.96935 0.96873
075 40841 31.621476 30.090792 0.96936 0.96897
076 40762 31.663253 30.127942 0.97027 0.96940
077 41000 31.702423 30.181099 0.97015 0.96934
078 40627 31.703107 30.097373 0.96967 0.96916
079 40909 31.659042 30.157718 0.97002 0.96932
080 40970 31.725797 30.174556 0.97034 0.96942
081 40967 31.654438 30.068901 0.96942 0.96908
082 40500 31.676274 30.083038 0.97025 0.96911
083 40993 31.702199 30.133408 0.97028 0.96933
084 40692 31.601507 30.048858 0.96900 0.96884
085 40543 31.710883 30.120883 0.97007 0.96907
086 40862 31.691304 30.127412 0.97034 0.96919
087 40945 31.535401 30.012409 0.96905 0.96844
088 40997 31.581102 30.113215 0.96967 0.96951
089 40486 31.708424 30.125158 0.96992 0.96926
090 40765 31.494851 30.045617 0.96843 0.96882
091 40413 31.528223 29.995623 0.96901 0.96879
092 40848 31.617374 30.058966 0.96967 0.96897
093 40893 31.479870 29.942226 0.96905 0.96858
094 40939 31.626006 29.989873 0.96963 0.96883
095 40754 31.672727 30.002953 0.96986 0.96938
096 40900 31.413455 29.925648 0.96925 0.96886
