006 30468 32.429740 27.312444 0.97603 0.93517
007 30958 32.228107 27.270964 0.97486 0.93426
008 30780 31.871317 27.210203 0.97226 0.93314
009 30938 31.641395 27.307605 0.96992 0.93605
010 30950 31.448163 27.251296 0.96881 0.93445
011 30936 31.260385 27.275344 0.96647 0.93612
012 30836 31.043445 27.189720 0.96491 0.93307
013 30943 31.348331 27.207213 0.96693 0.93371
014 30773 31.190859 27.320634 0.96713 0.93489
015 30845 31.024003 27.166686 0.96531 0.93298
016 30761 31.192834 27.164529 0.96680 0.93368
017 30781 31.141933 27.160273 0.96528 0.93420
018 30989 31.201058 27.328864 0.96601 0.93546
019 30875 31.198109 27.244573 0.96615 0.93429
020 30876 31.423532 27.156308 0.96893 0.93322
021 30891 31.412746 27.137198 0.96798 0.93398
022 30530 31.131345 27.063823 0.96582 0.93370
023 30714 31.073661 27.103616 0.96560 0.93261
024 30797 31.228421 27.033526 0.96599 0.93244
025 30639 31.145936 27.019603 0.96570 0.93228
026 30888 31.171058 27.014540 0.96711 0.93295
027 30977 31.114017 27.145914 0.96682 0.93610
028 30861 31.290808 27.176080 0.96706 0.93450
029 30921 31.462502 27.214168 0.96856 0.93486
030 30738 31.374706 27.075915 0.96668 0.93265
031 30795 31.333448 27.076904 0.96743 0.93356
032 30708 31.261509 26.913895 0.96702 0.93218
033 30947 31.107633 27.112138 0.96588 0.93557
034 30971 31.286388 27.085545 0.96812 0.93382
035 30580 31.258357 27.062593 0.96720 0.93445
036 30828 31.369011 27.108666 0.96738 0.93549
037 30434 31.246153 26.854374 0.96685 0.93225
038 30717 31.116550 26.867405 0.96630 0.93253
039 30904 31.016235 26.847428 0.96563 0.93042
040 30905 31.063694 27.038837 0.96629 0.93597
041 30951 31.126317 27.029055 0.96573 0.93542
042 30739 31.108775 26.875900 0.96619 0.93349
043 30672 31.207916 27.026685 0.96697 0.93532
044 30960 31.038874 26.947929 0.96634 0.93546
045 30671 31.110435 26.945983 0.96633 0.93495
046 30625 31.010453 26.923403 0.96638 0.93456
047 30900 31.012283 26.979643 0.96546 0.93645
048 30900 31.136569 27.038728 0.96613 0.93547
049 30992 31.166660 26.948977 0.96690 0.93572
050 30613 31.290154 26.941002 0.96685 0.93509
051 30900 31.152611 26.986566 0.96622 0.93683
052 30777 31.159503 26.955702 0.96629 0.93617
053 30981 31.299891 27.042798 0.96668 0.93646
054 30980 31.284133 27.003054 0.96713 0.93532
055 30683 31.506188 26.784774 0.96972 0.93238
056 30873 31.592193 27.002751 0.96923 0.93778
057 30929 31.452422 27.014307 0.96832 0.93674
058 30836 31.392036 26.983479 0.96811 0.93584
059 30691 31.302807 26.943637 0.96738 0.93597
060 30703 31.342221 26.962308 0.96811 0.93568
061 30784 31.322460 27.066060 0.96763 0.93842
062 30615 31.360278 27.005670 0.96842 0.93698
063 30968 31.365784 27.008110 0.96828 0.93677
064 30779 31.451310 27.025750 0.96818 0.93727
065 30681 31.297609 27.005622 0.96702 0.93702
066 30799 31.363632 26.911858 0.96803 0.93646
067 30718 31.308725 26.960085 0.96697 0.93642
068 30985 31.378413 26.978883 0.96840 0.93781
069 30963 31.287550 26.883072 0.96709 0.93701
070 30833 31.383514 26.971128 0.96854 0.93676
071 30867 31.352033 26.998601 0.96746 0.93676
072 30729 31.264020 26.869788 0.96702 0.93596
073 30876 31.325815 27.001604 0.96683 0.93711
074 30938 31.332462 27.061257 0.96797 0.93825
075 30681 31.308824 26.947978 0.96734 0.93629
076 30888 31.345914 27.044714 0.96789 0.93680
077 30876 31.347414 27.019517 0.96692 0.93664
078 30909 31.428419 26.986576 0.96768 0.93710
079 30873 31.282724 27.034456 0.96677 0.93608
080 30810 31.342632 27.012734 0.96766 0.93595
081 30615 31.250360 26.902219 0.96735 0.93546
082 30649 31.284237 26.986770 0.96696 0.93630
083 30737 31.180271 26.942383 0.96644 0.93518
084 30969 31.297642 26.930012 0.96783 0.93618
085 30961 31.145309 27.070612 0.96493 0.93731
086 30836 31.332088 27.000078 0.96776 0.93673
087 30855 30.975649 26.823407 0.96573 0.93417
088 30988 31.165267 27.003996 0.96634 0.93570
089 30874 31.091027 26.992427 0.96504 0.93498
090 30875 31.032974 26.881882 0.96529 0.93493
091 30481 31.072300 26.897698 0.96499 0.93413
092 30867 31.157444 26.883579 0.96624 0.93365
093 30713 31.062130 26.765337 0.96549 0.93367
094 30999 31.137203 26.901752 0.96717 0.93528
095 30833 30.996680 26.895649 0.96486 0.93475
096 30757 30.921381 26.727059 0.96606 0.93258
