006 20905 32.530014 17.823320 0.97868 0.83190
007 20690 32.125813 17.303449 0.97618 0.81920
008 20932 31.662403 17.811094 0.97301 0.82935
009 20781 31.097818 17.298066 0.96888 0.82011
010 20854 30.916659 17.294063 0.96780 0.81704
011 20966 30.709274 17.812849 0.96438 0.83094
012 20903 30.660060 17.298776 0.96338 0.81731
013 20676 30.451663 17.306859 0.96151 0.81876
014 20986 30.359884 17.822367 0.96094 0.83013
015 20840 30.151577 17.804667 0.95815 0.82811
016 20940 30.314539 17.816895 0.95921 0.82960
017 20958 30.236382 17.807694 0.96040 0.82887
018 20949 30.112463 17.814683 0.95809 0.82983
019 20730 30.017611 17.309879 0.95776 0.81798
020 20739 29.990975 17.311159 0.95810 0.81784
021 20883 30.137324 17.312778 0.96004 0.81891
022 20657 29.713019 17.299657 0.95498 0.81800
023 20754 29.699659 17.310170 0.95694 0.81846
024 20883 29.835043 17.300009 0.95446 0.81751
025 20997 29.744230 17.791983 0.95626 0.82784
026 20949 29.560479 17.305069 0.95397 0.81846
027 20623 29.558099 17.291506 0.95328 0.81703
028 20613 29.615774 16.774576 0.95250 0.80844
029 20885 29.783656 17.311411 0.95495 0.81801
030 20827 29.820025 17.309230 0.95452 0.81783
031 20948 29.376742 17.313601 0.95137 0.81949
032 20895 29.516444 17.292850 0.95430 0.81582
033 20773 29.324131 17.308900 0.94911 0.81992
034 20927 29.790399 17.299102 0.95568 0.81629
035 20628 29.617333 17.303250 0.95654 0.81735
036 20963 29.205892 17.813607 0.95302 0.82941
037 20910 29.585345 17.788689 0.95394 0.82645
038 20972 28.924215 17.305441 0.94970 0.81871
039 20794 29.177341 17.292433 0.94883 0.81462
040 20572 29.054054 16.786230 0.95059 0.80609
041 20969 28.998291 17.311065 0.94596 0.81805
042 20920 28.778892 17.310873 0.94501 0.81767
043 20697 28.652879 17.322264 0.94495 0.81813
044 20956 28.271445 17.302468 0.93658 0.81519
045 20835 28.186840 17.315434 0.93739 0.81673
046 20930 28.039981 17.821602 0.93857 0.82749
047 20903 28.143301 17.326967 0.93301 0.81812
048 20896 28.045665 17.341127 0.94317 0.81781
049 20820 28.140130 17.325094 0.93741 0.81748
050 20643 28.018661 17.331592 0.93476 0.81669
051 20983 28.472608 17.856979 0.94559 0.82961
052 20577 27.723220 16.849383 0.93392 0.80559
053 20827 28.698281 17.359477 0.94835 0.81796
054 20819 28.304607 17.356733 0.93819 0.81769
055 20706 28.693424 17.352856 0.94130 0.81702
056 20992 28.470324 17.366408 0.94295 0.82037
057 20734 28.735163 17.368859 0.94310 0.81920
058 20910 28.814013 17.371010 0.94531 0.81834
059 20895 29.126786 17.374333 0.94744 0.81960
060 20477 29.121502 16.918319 0.94969 0.80594
061 21000 29.193337 17.392475 0.94986 0.82056
062 20369 29.061895 16.943490 0.94620 0.80899
063 21000 29.509106 17.399519 0.95279 0.81898
064 20817 29.022287 17.408159 0.94828 0.82037
065 20595 29.209385 17.406267 0.94995 0.81986
066 20885 28.946422 17.399593 0.94902 0.81933
067 20786 29.125780 17.397786 0.94700 0.81867
068 20933 28.955218 17.410950 0.95002 0.81961
069 20829 29.177469 17.391279 0.94436 0.81868
070 20816 29.216019 17.398652 0.95080 0.81794
071 20921 29.501434 17.415648 0.94919 0.82002
072 20871 29.115559 17.409736 0.94882 0.81944
073 20933 29.421921 17.968016 0.95279 0.82980
074 20979 29.136778 17.983475 0.94805 0.83256
075 20662 29.591756 16.986281 0.95296 0.80952
076 20877 29.539166 17.438837 0.95271 0.81897
077 20870 29.384716 17.448612 0.95145 0.82019
078 20941 29.635055 17.448224 0.95302 0.82142
079 20700 29.588424 17.458457 0.95323 0.81961
080 20934 29.671467 17.456742 0.95405 0.81959
081 20770 29.662736 17.450810 0.95166 0.81999
082 20765 30.014456 17.465433 0.95730 0.81996
083 20959 29.804341 17.469848 0.95576 0.82019
084 20821 29.575465 17.455602 0.95252 0.81897
085 20972 29.398184 17.480768 0.95255 0.81964
086 20750 29.591906 17.484526 0.95399 0.82109
087 20639 29.204866 17.004548 0.94694 0.80780
088 20775 28.990251 17.481918 0.94498 0.81748
089 20756 28.970308 17.499043 0.94411 0.81946
090 20940 28.751560 17.486772 0.94486 0.81957
091 20527 28.960544 17.029192 0.94863 0.80665
092 20938 28.784894 17.497596 0.94235 0.81686
093 20976 29.188439 17.481501 0.95034 0.81672
094 20914 29.212786 17.498857 0.94995 0.81761
095 20924 29.409460 17.512640 0.95270 0.81801
096 20801 29.422409 17.494678 0.95056 0.81568
