006 20637 31.428221 17.308080 0.97464 0.82055
007 20686 30.030936 17.303449 0.96340 0.81920
008 20877 29.124954 17.811094 0.95244 0.82935
009 20582 28.584138 17.298066 0.94694 0.82011
010 20864 28.505725 17.294063 0.94461 0.81704
011 20551 28.389602 17.304244 0.94067 0.81969
012 20997 28.282071 17.805536 0.94037 0.82844
013 20844 28.251419 17.306859 0.93488 0.81876
014 20974 28.454694 17.822367 0.93745 0.83013
015 20719 28.381389 17.301391 0.93752 0.81696
016 20952 28.414655 17.816895 0.94278 0.82960
017 20779 28.263308 17.304838 0.93708 0.81774
018 20931 28.649104 17.814683 0.94209 0.82983
019 20545 28.134599 16.751055 0.93436 0.80601
020 20772 28.162578 17.311159 0.93459 0.81784
021 20742 28.461328 17.312778 0.94146 0.81891
022 20582 28.254698 17.299657 0.93754 0.81800
023 20784 27.913266 17.310170 0.93280 0.81846
024 20657 28.027124 17.300009 0.93320 0.81751
025 20491 28.288317 16.745130 0.93861 0.80536
026 20718 28.204810 17.305069 0.93517 0.81846
027 20756 27.812134 17.291506 0.93205 0.81703
028 20902 27.976279 17.320906 0.93555 0.82058
029 20631 27.703777 17.311411 0.92770 0.81801
030 20801 28.063582 17.309230 0.93782 0.81783
031 20909 28.232830 17.313601 0.93764 0.81949
032 20846 27.975310 17.292850 0.93160 0.81582
033 20975 28.008707 17.805135 0.92997 0.83033
034 20818 28.047486 17.299102 0.93182 0.81629
035 20822 27.822418 17.303250 0.93513 0.81735
036 20793 27.791199 17.314762 0.93266 0.81886
037 20656 27.858407 17.292517 0.93176 0.81588
038 20922 27.748649 17.305441 0.93177 0.81871
039 20968 27.420890 17.292433 0.92935 0.81462
040 20653 27.493043 16.786230 0.93235 0.80609
041 20785 27.997814 17.311065 0.93477 0.81805
042 20810 27.915235 17.310873 0.93330 0.81767
043 20830 27.718368 17.322264 0.93005 0.81813
044 20952 27.613259 17.302468 0.92878 0.81519
045 20941 27.578384 17.315434 0.93222 0.81673
046 20667 27.655030 17.316548 0.93178 0.81667
047 20761 27.346676 17.326967 0.92632 0.81812
048 20881 27.605650 17.341127 0.93292 0.81781
049 20885 27.696464 17.325094 0.92949 0.81748
050 20846 27.716147 17.841156 0.92965 0.82722
051 20851 27.512512 17.343328 0.93275 0.81876
052 20704 27.480579 17.337420 0.92798 0.81785
053 20971 27.933682 17.359477 0.92983 0.81796
054 20904 27.715203 17.878319 0.93218 0.82880
055 20948 27.816428 17.352856 0.92836 0.81702
056 20882 28.333537 17.366408 0.94185 0.82037
057 20965 27.895015 17.368859 0.93599 0.81920
058 20791 28.045752 17.371010 0.93604 0.81834
059 20709 28.064547 17.374333 0.93496 0.81960
060 20661 27.677197 17.380931 0.92974 0.81788
061 20714 28.288089 16.931322 0.93461 0.80855
062 20785 28.786986 17.401999 0.94580 0.82101
063 20927 28.619378 17.399519 0.94322 0.81898
064 20749 28.505453 17.408159 0.94044 0.82037
065 20768 28.613653 17.406267 0.94568 0.81986
066 20720 28.426199 17.399593 0.94250 0.81933
067 20753 28.313989 17.397786 0.93646 0.81867
068 20843 28.531486 17.410950 0.94176 0.81961
069 20742 28.212858 17.391279 0.94037 0.81868
070 20673 28.376604 17.398652 0.93763 0.81794
071 20924 28.690515 17.415648 0.94585 0.82002
072 20727 28.665592 17.409736 0.94562 0.81944
073 20900 29.069599 17.968016 0.94543 0.82980
074 20826 28.793661 17.422818 0.94531 0.82022
075 20995 29.104809 17.432381 0.94658 0.82047
076 20941 29.328062 17.438837 0.94473 0.81897
077 20804 29.741446 17.448612 0.95499 0.82019
078 20919 29.504677 17.448224 0.95253 0.82142
079 20848 29.410060 17.458457 0.94788 0.81961
080 20909 29.198762 17.456742 0.94646 0.81959
081 20517 29.378995 16.997859 0.95076 0.80878
082 20976 29.587240 17.465433 0.95405 0.81996
083 20916 29.438353 17.469848 0.95209 0.82019
084 20846 29.326908 17.455602 0.94927 0.81897
085 20687 29.044203 17.480768 0.94627 0.81964
086 20844 29.407087 17.484526 0.94900 0.82109
087 20715 29.375328 17.004548 0.95054 0.80780
088 20949 29.499392 17.481918 0.95365 0.81748
089 20577 29.718327 17.036762 0.95424 0.80830
090 20963 29.203592 17.486772 0.94867 0.81957
091 20744 28.607992 17.495545 0.94129 0.81784
092 20907 28.879138 17.497596 0.94322 0.81686
093 20934 29.280711 17.481501 0.95317 0.81672
094 20525 29.331736 17.029791 0.94878 0.80685
095 20931 28.835206 17.512640 0.94451 0.81801
096 20721 28.681720 17.494678 0.94065 0.81568
