006 10509 30.899793 12.756607 0.97385 0.56331
007 10776 28.610145 12.903993 0.95408 0.57614
008 10770 27.289088 12.905457 0.93537 0.57640
009 10753 26.271270 12.753933 0.91653 0.56234
010 10937 25.606097 12.904830 0.90552 0.57471
011 10535 25.151414 12.767979 0.89352 0.56248
012 10957 24.932153 12.911676 0.87840 0.57503
013 10764 24.574474 12.771827 0.87528 0.56231
014 10939 25.032893 12.926410 0.87099 0.57667
015 10792 24.723783 12.921079 0.87244 0.57450
016 10770 24.547158 12.930293 0.86625 0.57544
017 10935 24.268638 12.929718 0.85320 0.57502
018 10970 24.095383 12.937901 0.84355 0.57628
019 10931 24.140072 12.943001 0.84324 0.57579
020 10988 24.274350 12.945221 0.83877 0.57525
021 10846 24.062651 12.951362 0.85483 0.57644
022 10988 23.728812 12.952561 0.84120 0.57509
023 10712 23.689256 12.802049 0.82697 0.56127
024 10783 23.515076 12.806720 0.81318 0.56049
025 10928 23.314712 12.972467 0.80322 0.57562
026 10633 23.317874 12.823564 0.80349 0.56120
027 10918 23.341793 12.986577 0.80989 0.57497
028 10962 23.236969 13.002935 0.81021 0.57798
029 10845 23.292062 13.012248 0.80967 0.57659
030 10676 23.083921 12.853221 0.78302 0.56146
031 10746 23.196159 12.857744 0.79732 0.56205
032 10664 23.218187 12.866742 0.80908 0.56008
033 10843 23.565885 13.030187 0.80405 0.57772
034 10869 22.984726 13.040630 0.81246 0.57553
035 10705 22.702358 12.882401 0.79568 0.56161
036 10695 23.026408 12.892592 0.79907 0.56228
037 10736 23.316980 12.888818 0.80077 0.56014
038 10854 23.138664 13.058947 0.80424 0.57688
039 10881 22.827905 13.054990 0.78940 0.57406
040 10705 22.637059 12.899809 0.78488 0.56125
041 10910 22.703535 13.069042 0.77093 0.57571
042 10834 22.435232 13.074134 0.76969 0.57572
043 10706 22.457126 12.917109 0.77335 0.56170
044 10896 22.780029 13.081554 0.79342 0.57460
045 10923 22.705258 13.081944 0.78210 0.57434
046 10840 22.373311 13.089801 0.77955 0.57449
047 10785 22.410829 12.935102 0.75895 0.56068
048 10807 22.455130 12.943538 0.76340 0.56151
049 10625 22.826003 12.947058 0.79834 0.56110
050 10934 22.168376 13.112024 0.76439 0.57437
051 10868 22.266127 13.121047 0.74922 0.57515
052 10866 21.874207 13.123045 0.72858 0.57475
053 10978 22.170123 13.141434 0.75978 0.57558
054 10792 22.404036 13.143620 0.76828 0.57548
055 10974 22.671065 13.150608 0.78023 0.57424
056 10887 22.683114 13.160321 0.77985 0.57605
057 10701 22.764846 13.011924 0.78470 0.56198
058 10989 22.341557 13.171948 0.77510 0.57516
059 10927 22.287224 13.179401 0.77541 0.57611
060 10845 22.236268 13.192046 0.74820 0.57493
061 10665 22.525578 13.045829 0.75640 0.56237
062 10866 22.382032 13.210041 0.75998 0.57796
063 10641 22.534261 13.069368 0.77166 0.56289
064 10781 22.940910 13.225152 0.80617 0.57691
065 10753 23.041935 13.074511 0.80392 0.56288
066 10915 23.141079 13.225753 0.80044 0.57741
067 10707 23.161574 13.075609 0.81271 0.56169
068 10873 23.029944 13.230883 0.82606 0.57706
069 10929 23.302918 13.222782 0.82263 0.57646
070 10877 23.444361 13.223743 0.81734 0.57549
071 10855 23.167619 13.229617 0.80994 0.57758
072 10722 23.060266 13.107005 0.79983 0.56292
073 10980 23.053381 13.234831 0.79084 0.57526
074 10689 22.601104 13.112556 0.78083 0.56295
075 10872 22.892983 13.247595 0.78871 0.57788
076 10722 23.179697 13.129266 0.78756 0.56231
077 10890 23.603362 13.265072 0.81800 0.57767
078 10981 23.082955 13.265421 0.79640 0.57809
079 10857 23.128317 13.269470 0.80543 0.57729
080 10830 23.168277 13.270478 0.80219 0.57787
081 10964 23.274896 13.265463 0.82479 0.57722
082 10797 22.669047 13.156136 0.78912 0.56249
083 10814 23.205370 13.162209 0.79759 0.56425
084 10865 23.017484 13.155454 0.79960 0.56327
085 10787 23.287390 13.160712 0.82010 0.56311
086 10960 22.990615 13.268685 0.79178 0.57960
087 10633 22.882751 13.152407 0.79862 0.56400
088 10781 22.781050 13.263038 0.80764 0.57724
089 10661 22.722920 13.163180 0.79942 0.56433
090 10696 22.549518 13.155683 0.77765 0.56443
091 10988 22.819807 13.252091 0.80480 0.57810
092 10970 22.787607 13.260974 0.79928 0.57759
093 10994 22.420522 13.255794 0.78296 0.57744
094 10854 22.311079 13.169430 0.77727 0.56268
095 10787 22.158638 13.179358 0.78110 0.56339
096 10779 22.030217 13.177212 0.77190 0.56175
