006 41000 31.932727 30.295402 0.97416 0.96816
007 40742 31.557552 30.234521 0.97123 0.96781
008 40689 31.339401 30.173898 0.96845 0.96785
009 40774 31.335808 30.143006 0.96825 0.96782
010 40989 31.380762 30.175210 0.96822 0.96763
011 40950 31.581060 30.192751 0.96891 0.96750
012 40838 31.541134 30.151988 0.96775 0.96711
013 40851 31.542371 30.182192 0.96879 0.96779
014 40937 31.565291 30.187960 0.96882 0.96781
015 40843 31.529000 30.072095 0.96828 0.96807
016 40581 31.580759 30.090668 0.96866 0.96735
017 40769 31.572728 30.100436 0.96868 0.96751
018 40778 31.542067 30.144533 0.96806 0.96777
019 40917 31.621105 30.141985 0.96848 0.96783
020 40857 31.513562 30.112048 0.96752 0.96780
021 40821 31.513158 30.117243 0.96850 0.96775
022 40958 31.515109 30.112875 0.96809 0.96772
023 40879 31.590208 30.089820 0.96856 0.96762
024 40661 31.527278 30.029901 0.96857 0.96745
025 40888 31.616688 30.048353 0.96908 0.96796
026 40860 31.561897 30.045715 0.96867 0.96784
027 40657 31.556231 30.061362 0.96929 0.96821
028 40975 31.567732 30.139452 0.96852 0.96808
029 40895 31.491164 30.163014 0.96792 0.96822
030 40799 31.516151 30.146550 0.96791 0.96808
031 40796 31.423750 30.106797 0.96832 0.96830
032 40971 31.534792 30.076279 0.96762 0.96834
033 40872 31.376104 30.055108 0.96714 0.96746
034 40950 31.458507 30.059212 0.96783 0.96796
035 40865 31.538302 30.051624 0.96745 0.96735
036 40899 31.479072 30.107359 0.96732 0.96789
037 40913 31.360547 30.021278 0.96719 0.96787
038 40943 31.433799 29.977140 0.96769 0.96798
039 40978 31.508634 30.005596 0.96856 0.96797
040 40635 31.407368 29.960606 0.96815 0.96758
041 40722 31.475475 30.003648 0.96814 0.96791
042 40985 31.351100 30.015697 0.96757 0.96774
043 40979 31.288711 30.001926 0.96696 0.96787
044 40600 31.448005 29.915476 0.96833 0.96754
045 40774 31.434287 29.919210 0.96716 0.96757
046 40704 31.439485 29.964533 0.96775 0.96761
047 40630 31.497547 29.984459 0.96836 0.96805
048 40880 31.408829 30.049543 0.96745 0.96780
049 40864 31.331669 29.950354 0.96748 0.96791
050 40663 31.301452 29.920938 0.96677 0.96777
051 40622 31.368548 29.925306 0.96818 0.96815
052 40730 31.283373 30.014278 0.96736 0.96829
053 40655 31.349207 30.016493 0.96669 0.96809
054 40854 31.402194 30.016761 0.96756 0.96793
055 40795 31.371209 30.014501 0.96768 0.96845
056 40844 31.307328 30.040011 0.96680 0.96852
057 40999 31.475431 30.084297 0.96831 0.96858
058 40538 31.387078 30.001533 0.96677 0.96843
059 40723 31.315139 30.039757 0.96606 0.96874
060 40973 31.414851 30.101032 0.96753 0.96869
061 40997 31.429738 30.099606 0.96750 0.96887
062 40967 31.430856 30.150042 0.96821 0.96911
063 40950 31.639027 30.138778 0.96895 0.96929
064 40968 31.553572 30.123055 0.96813 0.96882
065 40767 31.503399 30.071158 0.96791 0.96857
066 40723 31.529400 30.065639 0.96820 0.96862
067 40751 31.389804 30.044068 0.96643 0.96858
068 40870 31.330561 30.021904 0.96715 0.96881
069 40698 31.367990 30.012768 0.96773 0.96823
070 40605 31.474379 30.027461 0.96782 0.96880
071 40753 31.474020 30.070883 0.96750 0.96887
072 40996 31.419355 30.082274 0.96764 0.96863
073 40967 31.572319 30.089113 0.96789 0.96860
074 40933 31.517814 30.093498 0.96755 0.96879
075 40646 31.477026 30.070011 0.96793 0.96891
076 40847 31.706788 30.127942 0.96945 0.96940
077 40729 31.650837 30.154856 0.96916 0.96929
078 40972 31.654526 30.124619 0.96922 0.96922
079 40940 31.729699 30.157718 0.96976 0.96932
080 40951 31.765091 30.174556 0.97041 0.96942
081 40707 31.624681 30.047998 0.96958 0.96903
082 40593 31.677505 30.096323 0.96990 0.96913
083 40931 31.674207 30.124596 0.96983 0.96932
084 40881 31.631452 30.062321 0.96924 0.96887
085 40842 31.683996 30.151860 0.96887 0.96912
086 40764 31.726985 30.114992 0.97066 0.96916
087 40891 31.587359 30.012409 0.96836 0.96844
088 40953 31.529835 30.113215 0.96816 0.96951
089 40718 31.741743 30.149952 0.97038 0.96930
090 40834 31.548053 30.053851 0.96785 0.96883
091 40776 31.530612 30.035769 0.96798 0.96887
092 40967 31.666112 30.083929 0.96929 0.96902
093 40915 31.491835 29.950432 0.96803 0.96861
094 40600 31.505504 29.953402 0.96741 0.96876
095 40786 31.499956 30.002953 0.96814 0.96938
096 40933 31.399320 29.925648 0.96826 0.96886
