006 10750 31.085111 12.901037 0.97464 0.57714
007 10796 28.734055 12.903993 0.95685 0.57614
008 10554 27.463995 12.759044 0.94038 0.56213
009 10908 26.750666 12.901580 0.92534 0.57670
010 10743 26.252051 12.757318 0.91381 0.56065
011 10967 25.970628 12.916431 0.90021 0.57685
012 10865 25.693581 12.911676 0.89887 0.57503
013 10955 25.490164 12.921437 0.89391 0.57695
014 10757 25.567855 12.926410 0.89560 0.57667
015 10972 25.177585 12.921079 0.88566 0.57450
016 10936 25.039495 12.930293 0.87875 0.57544
017 10968 24.646895 12.929718 0.86856 0.57502
018 10773 24.617389 12.937901 0.86376 0.57628
019 10662 24.432604 12.789301 0.85907 0.56125
020 10999 24.316449 12.945221 0.84724 0.57525
021 10824 24.435399 12.951362 0.84634 0.57644
022 10946 24.485914 12.952561 0.85439 0.57509
023 10844 24.276388 12.961446 0.85255 0.57646
024 10780 24.247429 12.806720 0.83825 0.56049
025 10580 23.419525 12.812357 0.81537 0.56055
026 10936 23.617692 12.984646 0.81895 0.57646
027 10939 23.705040 12.986577 0.81883 0.57497
028 10916 23.704809 13.002935 0.81229 0.57798
029 10770 23.930465 12.851398 0.82143 0.56174
030 10664 24.125107 12.853221 0.83558 0.56146
031 10907 24.185967 13.019855 0.84607 0.57666
032 10871 24.027668 13.028906 0.85002 0.57468
033 10587 23.963167 12.867624 0.83675 0.56325
034 10998 23.544969 13.040630 0.82042 0.57553
035 10849 23.279681 13.046298 0.81282 0.57615
036 10875 23.359602 13.057228 0.80483 0.57715
037 10858 23.385590 13.053159 0.79717 0.57496
038 10755 23.490075 12.894579 0.82233 0.56212
039 10810 23.223763 13.054990 0.80107 0.57406
040 10804 23.050603 12.899809 0.79475 0.56125
041 10813 22.840356 13.069042 0.78356 0.57571
042 10531 22.471416 12.910338 0.77143 0.56116
043 10936 22.575032 13.080456 0.75572 0.57601
044 10980 22.587959 13.081554 0.77118 0.57460
045 10946 22.779625 13.081944 0.79213 0.57434
046 10760 22.914259 12.926636 0.80088 0.55985
047 10768 22.601972 12.935102 0.77938 0.56068
048 10760 22.425471 12.943538 0.76980 0.56151
049 10713 22.552995 12.947058 0.75731 0.56110
050 10703 22.928532 12.952112 0.77434 0.55995
051 10638 22.588347 12.962499 0.76872 0.56086
052 10856 22.094525 13.123045 0.74715 0.57475
053 10732 22.209808 12.985183 0.75094 0.56150
054 10712 22.828156 12.987622 0.79330 0.56123
055 10738 22.774130 12.995675 0.78899 0.56007
056 10873 23.102148 13.160321 0.77018 0.57605
057 10635 22.912445 13.011924 0.78481 0.56198
058 10973 23.453088 13.171948 0.81985 0.57516
059 10855 23.702396 13.179401 0.82523 0.57611
060 10503 23.628566 13.041306 0.82400 0.56104
061 10756 23.657698 13.045829 0.82029 0.56237
062 10802 23.883655 13.210041 0.83627 0.57796
063 10713 24.011552 13.069368 0.83463 0.56289
064 10619 24.091068 13.076678 0.84029 0.56237
065 10793 23.975785 13.221650 0.85022 0.57732
066 10814 22.962362 13.079423 0.80534 0.56271
067 10964 23.178063 13.220276 0.80283 0.57646
068 10560 23.165949 13.088951 0.81988 0.56249
069 10705 23.415942 13.082512 0.82202 0.56170
070 10878 23.179771 13.223743 0.80213 0.57549
071 10896 23.184349 13.229617 0.80459 0.57758
072 10948 23.252383 13.240155 0.81713 0.57766
073 10842 23.339352 13.234831 0.81388 0.57526
074 10877 23.175024 13.240060 0.80926 0.57756
075 10846 22.952105 13.247595 0.78344 0.57788
076 10915 23.374680 13.252931 0.81359 0.57686
077 10899 23.827517 13.265072 0.83478 0.57767
078 10890 24.218177 13.265421 0.84343 0.57809
079 10998 23.977393 13.269470 0.85246 0.57729
080 10858 24.193330 13.270478 0.84395 0.57787
081 10742 24.387087 13.149148 0.85215 0.56236
082 10917 23.758131 13.269647 0.82969 0.57733
083 10931 23.941071 13.273646 0.83023 0.57878
084 10894 23.992289 13.155454 0.83866 0.56327
085 10986 23.074171 13.268170 0.81034 0.57786
086 10782 23.027987 13.163883 0.80256 0.56504
087 10770 23.504035 13.152407 0.82400 0.56400
088 10922 23.557021 13.263038 0.83045 0.57724
089 10610 23.423284 13.163180 0.82119 0.56433
090 10683 23.373988 13.155683 0.81459 0.56443
