006 41000 31.932170 30.295402 0.97416 0.96816
007 40742 31.556377 30.234521 0.97123 0.96781
008 40689 31.336726 30.173898 0.96845 0.96785
009 40931 31.322605 30.165657 0.96817 0.96787
010 40702 31.598316 30.143189 0.96932 0.96755
011 40859 31.610416 30.177539 0.96784 0.96746
012 40682 31.548466 30.132831 0.96824 0.96706
013 40796 31.549918 30.175157 0.96815 0.96778
014 40810 31.535466 30.169025 0.96883 0.96778
015 40896 31.517463 30.108708 0.96794 0.96807
016 40678 31.606423 30.105951 0.96870 0.96739
017 40669 31.571023 30.028184 0.96885 0.96748
018 40743 31.536451 30.140316 0.96803 0.96776
019 40814 31.611091 30.132590 0.96834 0.96781
020 40569 31.528843 30.080649 0.96773 0.96774
021 40851 31.563095 30.128530 0.96862 0.96777
022 40579 31.547542 30.071200 0.96867 0.96763
023 40655 31.631908 30.062578 0.96917 0.96754
024 40627 31.562537 30.025803 0.96878 0.96744
025 40759 31.604081 30.038661 0.96894 0.96793
026 40653 31.588215 30.022577 0.96875 0.96780
027 40831 31.544838 30.077594 0.96885 0.96826
028 40967 31.615359 30.139452 0.96881 0.96808
029 40780 31.533744 30.146876 0.96791 0.96818
030 40883 31.475355 30.156905 0.96740 0.96809
031 40576 31.432079 30.082271 0.96780 0.96825
032 40575 31.472871 30.019808 0.96751 0.96817
033 40896 31.372415 30.055108 0.96739 0.96746
034 40677 31.486686 30.012597 0.96785 0.96780
035 40991 31.380790 30.075269 0.96702 0.96739
036 40986 31.529085 30.115096 0.96694 0.96792
037 40934 31.368670 30.021278 0.96736 0.96787
038 40727 31.445829 29.950851 0.96778 0.96791
039 40929 31.493233 29.997323 0.96857 0.96795
040 40909 31.413112 30.002948 0.96808 0.96775
041 40861 31.407712 30.034533 0.96839 0.96805
042 40873 31.375669 29.987934 0.96729 0.96758
043 40975 31.337097 30.000753 0.96730 0.96787
044 40827 31.422469 29.941967 0.96814 0.96759
045 40859 31.479824 29.926074 0.96837 0.96758
046 40880 31.422141 29.983676 0.96789 0.96764
047 40594 31.436928 29.980155 0.96809 0.96805
048 40848 31.431655 30.032364 0.96765 0.96778
049 40665 31.254841 29.932285 0.96721 0.96787
050 40705 31.362798 29.926553 0.96729 0.96778
051 40615 31.398197 29.925306 0.96836 0.96815
052 40735 31.361201 30.016254 0.96791 0.96829
053 40851 31.399657 30.051956 0.96736 0.96826
054 40660 31.406370 29.993944 0.96735 0.96788
055 40842 31.362819 30.014501 0.96802 0.96845
056 40839 31.286629 30.040011 0.96693 0.96852
057 40892 31.469498 30.074032 0.96762 0.96857
058 40834 31.392685 30.042479 0.96725 0.96859
059 40865 31.355179 30.055881 0.96748 0.96876
060 40976 31.385739 30.101032 0.96759 0.96869
061 40816 31.450271 30.069463 0.96832 0.96881
062 40971 31.505288 30.150042 0.96768 0.96911
063 40761 31.616241 30.109619 0.96843 0.96919
064 40957 31.601263 30.123055 0.96914 0.96882
065 40665 31.479432 30.061123 0.96814 0.96855
066 40927 31.479597 30.082426 0.96670 0.96864
067 40704 31.355835 30.038866 0.96801 0.96857
068 40691 31.530846 30.005763 0.96860 0.96879
069 40763 31.454260 30.027998 0.96760 0.96825
070 40994 31.435559 30.061377 0.96814 0.96890
071 40573 31.531414 30.051604 0.96849 0.96880
072 40847 31.444583 30.063127 0.96757 0.96859
073 40748 31.506253 30.056458 0.96820 0.96854
074 40708 31.532681 30.061550 0.96863 0.96873
075 40737 31.583665 30.080683 0.96873 0.96895
076 40917 31.709082 30.143364 0.96983 0.96943
077 40884 31.827124 30.169864 0.96949 0.96931
078 40999 31.837663 30.124619 0.97137 0.96922
079 40846 31.704657 30.157718 0.96971 0.96932
080 40568 31.690080 30.132243 0.96983 0.96932
081 40971 31.650153 30.068901 0.97027 0.96908
082 40702 31.625385 30.105463 0.96949 0.96914
083 40828 31.708089 30.113091 0.97031 0.96930
084 40735 31.576962 30.048858 0.96875 0.96884
085 40727 31.677780 30.134027 0.96984 0.96909
086 40937 31.720328 30.127412 0.97023 0.96919
087 40855 31.557511 30.012409 0.96842 0.96844
088 40803 31.518188 30.098552 0.96830 0.96948
089 40948 31.779501 30.183680 0.97081 0.96938
090 40961 31.550230 30.059445 0.96847 0.96884
