006 20953 31.486930 17.823320 0.97519 0.83190
007 20791 30.108680 17.303449 0.96370 0.81920
008 20821 29.167539 17.299876 0.95390 0.81810
009 20617 28.841997 17.298066 0.95051 0.82011
010 20707 28.847921 17.294063 0.94945 0.81704
011 20881 29.272259 17.812849 0.95027 0.83094
012 20761 28.932163 17.298776 0.94488 0.81731
013 20785 28.855967 17.306859 0.94358 0.81876
014 20781 28.875367 17.316052 0.94766 0.81922
015 20956 29.319624 17.804667 0.94853 0.82811
016 20734 29.472083 17.312991 0.95132 0.81855
017 20726 29.199835 17.304838 0.95020 0.81774
018 20591 29.292338 17.311179 0.94993 0.81883
019 20837 28.636028 17.309879 0.94277 0.81798
020 20772 28.737329 17.311159 0.94480 0.81784
021 20910 28.805983 17.312778 0.94498 0.81891
022 20751 28.722035 17.299657 0.94146 0.81800
023 20919 28.890492 17.310170 0.94667 0.81846
024 20882 28.540857 17.300009 0.94234 0.81751
025 20810 28.990658 17.295449 0.94453 0.81734
026 20824 28.794838 17.305069 0.94716 0.81846
027 20945 29.273786 17.787669 0.94829 0.82780
028 20936 29.045447 17.320906 0.94698 0.82058
029 20764 28.956144 17.311411 0.94695 0.81801
030 20826 29.111802 17.309230 0.94630 0.81783
031 20376 29.110240 16.775681 0.94704 0.80734
032 20991 28.559250 17.787155 0.94543 0.82639
033 20897 29.103421 17.805135 0.94839 0.83033
034 20546 29.100074 16.767836 0.94820 0.80408
035 20861 28.819025 17.303250 0.94370 0.81735
036 20938 28.840757 17.813607 0.94468 0.82941
037 20983 28.901908 17.788689 0.94456 0.82645
038 20789 28.751367 17.305441 0.94667 0.81871
039 20716 28.797651 17.292433 0.94282 0.81462
040 20839 28.655737 17.307678 0.94396 0.81812
041 20936 29.003618 17.311065 0.94813 0.81805
042 20872 28.327330 17.310873 0.93749 0.81767
043 20573 28.514798 16.804813 0.94052 0.80602
044 20915 28.783268 17.302468 0.94119 0.81519
045 20626 28.511084 16.802769 0.94304 0.80465
046 20802 28.784083 17.316548 0.94327 0.81667
047 20717 28.226477 17.326967 0.93553 0.81812
048 20960 29.054687 17.850386 0.94804 0.82853
049 20714 28.709766 17.325094 0.94521 0.81748
050 20528 28.874015 17.331592 0.94244 0.81669
051 20650 28.292857 17.343328 0.93547 0.81876
052 20509 28.586142 16.849383 0.94428 0.80559
053 20988 28.780946 17.359477 0.94589 0.81796
054 20875 28.590695 17.878319 0.94175 0.82880
055 20599 28.712178 16.879089 0.94589 0.80525
056 20768 29.154452 17.366408 0.94783 0.82037
057 20957 28.431271 17.368859 0.93841 0.81920
058 20712 29.134238 17.371010 0.94921 0.81834
059 20833 28.975658 17.374333 0.94478 0.81960
060 20885 28.389066 17.380931 0.93948 0.81788
061 20880 29.046582 17.392475 0.94740 0.82056
062 20739 28.784684 17.401999 0.94370 0.82101
063 20968 29.274651 17.399519 0.95039 0.81898
064 20610 29.391140 16.954805 0.95055 0.80878
065 20823 29.341233 17.406267 0.94990 0.81986
066 20941 29.093128 17.399593 0.94746 0.81933
067 20968 29.059365 17.946542 0.94510 0.83049
068 20879 29.077090 17.410950 0.94664 0.81961
069 20933 28.892505 17.391279 0.94774 0.81868
070 20669 29.028436 17.398652 0.94543 0.81794
071 20705 29.282621 17.415648 0.95226 0.82002
072 20888 29.408950 17.409736 0.95195 0.81944
073 20736 29.305241 17.409013 0.94716 0.81745
074 20755 29.724558 17.422818 0.95507 0.82022
075 20985 29.554224 17.432381 0.95103 0.82047
076 20985 29.868358 17.438837 0.95371 0.81897
077 20702 29.943423 17.000070 0.95628 0.80914
078 20922 30.094694 17.448224 0.95928 0.82142
079 20925 30.029531 17.458457 0.95747 0.81961
080 20879 30.265391 17.456742 0.96035 0.81959
081 20633 30.114266 16.997859 0.95828 0.80878
082 20566 30.048684 17.010270 0.95661 0.80882
083 20718 30.297944 17.012859 0.96055 0.80895
084 20989 30.085968 17.455602 0.95638 0.81897
085 20881 29.987679 17.480768 0.95722 0.81964
086 20816 29.965665 17.484526 0.95594 0.82109
087 20845 29.808891 17.463092 0.95288 0.81901
088 20934 29.758298 17.481918 0.95388 0.81748
089 20848 29.851649 17.499043 0.95498 0.81946
090 20545 29.297342 17.022815 0.95034 0.80859
