006 30723 31.707361 27.312444 0.97485 0.93517
007 30791 30.878835 27.268939 0.96790 0.93424
008 30895 30.620479 27.263222 0.96433 0.93446
009 30833 30.294071 27.283989 0.96055 0.93568
010 30754 30.861008 27.227538 0.96547 0.93404
011 30992 30.867669 27.275344 0.96318 0.93612
012 30974 30.682518 27.271657 0.96178 0.93476
013 30668 30.992159 27.182827 0.96455 0.93331
014 30668 30.914420 27.218069 0.96341 0.93282
015 30934 30.741317 27.166686 0.96106 0.93298
016 30871 30.994882 27.164529 0.96579 0.93368
017 30972 31.140641 27.160273 0.96528 0.93420
018 30610 31.190915 27.201469 0.96563 0.93318
019 30717 30.977156 27.123211 0.96466 0.93205
020 30618 31.008939 27.133975 0.96364 0.93284
021 30707 30.823522 27.135049 0.96365 0.93396
022 30780 30.922031 27.086360 0.96401 0.93410
023 30748 30.937759 27.125248 0.96467 0.93298
024 30814 30.886815 27.033526 0.96384 0.93244
025 30506 31.082415 27.019603 0.96546 0.93228
026 30941 31.083036 27.148080 0.96499 0.93523
027 30618 30.895128 26.989531 0.96464 0.93320
028 30794 31.024525 27.156557 0.96364 0.93416
029 30871 30.857901 27.089491 0.96251 0.93273
030 30877 30.647289 27.075915 0.96110 0.93265
031 30880 30.753149 27.206074 0.96155 0.93598
032 30838 30.724800 26.913895 0.96138 0.93218
033 30900 30.644210 27.112138 0.96149 0.93557
034 30845 30.763843 27.085545 0.96322 0.93382
035 30956 30.943438 27.137329 0.96333 0.93588
036 30647 30.635278 26.982392 0.96097 0.93292
037 30957 30.499643 27.022861 0.96053 0.93530
038 30956 30.742308 27.002820 0.96426 0.93480
039 30809 30.719282 26.847428 0.96363 0.93042
040 30842 30.952144 27.020899 0.96393 0.93566
041 30803 30.779353 27.029055 0.96265 0.93542
042 30784 30.749373 26.875900 0.96328 0.93349
043 30923 30.738397 27.080487 0.96280 0.93649
044 30956 30.718592 26.947929 0.96310 0.93546
045 30856 30.769786 26.967746 0.96321 0.93531
046 30770 30.875963 26.945010 0.96306 0.93492
047 30727 30.622905 26.825379 0.96276 0.93356
048 30914 30.812070 27.038728 0.96324 0.93547
049 30828 30.607249 26.946732 0.96154 0.93570
050 30775 30.591222 26.957346 0.96267 0.93553
051 30994 30.664741 27.003552 0.96266 0.93732
052 30791 30.545597 26.955702 0.96075 0.93617
053 30702 30.490476 26.993087 0.96135 0.93527
054 30996 30.791530 27.003054 0.96282 0.93532
055 30773 30.600579 26.934340 0.96123 0.93503
056 30610 30.515034 26.952271 0.96134 0.93646
057 30739 30.574481 26.992775 0.96075 0.93612
058 30738 30.730533 26.983479 0.96390 0.93584
059 30909 30.691932 26.966529 0.96239 0.93630
060 30988 30.575481 27.009244 0.96175 0.93690
061 30922 30.652668 27.066060 0.96202 0.93842
062 30809 30.886040 27.029009 0.96465 0.93730
063 30582 30.958092 26.964449 0.96322 0.93590
064 30834 31.051860 27.025750 0.96646 0.93727
065 30942 30.930352 27.032749 0.96320 0.93767
066 30883 30.878524 26.937641 0.96391 0.93712
067 30841 30.529317 26.992866 0.96070 0.93729
068 30863 30.706665 26.952204 0.96364 0.93720
069 30521 30.687263 26.833445 0.96220 0.93578
070 30827 30.664588 26.971128 0.96268 0.93676
071 30927 30.731764 27.025453 0.96354 0.93738
072 30754 30.898932 26.869788 0.96470 0.93596
073 30837 30.936625 26.976282 0.96373 0.93650
074 30913 30.899202 26.989499 0.96436 0.93756
075 30749 31.200455 26.976397 0.96549 0.93693
076 30714 31.116462 27.011000 0.96663 0.93611
077 30997 31.308268 27.047274 0.96756 0.93716
078 30869 31.279270 26.986576 0.96607 0.93710
079 30942 31.365748 27.034456 0.96756 0.93608
080 30906 31.378437 27.039817 0.96749 0.93649
081 30900 31.252206 26.947911 0.96728 0.93664
082 30814 31.186433 27.016760 0.96639 0.93693
083 30701 31.213568 26.942383 0.96653 0.93518
084 30615 30.999295 26.855750 0.96582 0.93453
085 30875 31.320141 27.043061 0.96696 0.93678
086 30596 31.298852 26.972316 0.96645 0.93617
087 30594 31.094636 26.795079 0.96589 0.93373
088 30786 31.012087 26.976401 0.96421 0.93518
089 30900 31.461526 26.992427 0.96825 0.93498
090 30828 31.031675 26.881882 0.96583 0.93493
