006 40086 23.194845 30.407277 0.82049 0.96788
007 40992 22.235832 30.472251 0.72764 0.96774
008 39649 21.658647 30.258350 0.68605 0.96749
009 40281 21.734560 30.286323 0.68939 0.96744
010 40976 21.661132 30.389086 0.69573 0.96716
011 40485 21.025397 30.359197 0.69033 0.96730
012 39795 21.405223 30.230727 0.67099 0.96705
013 40314 21.625218 30.332791 0.67172 0.96743
014 40986 21.437594 30.405278 0.66927 0.96757
015 39883 21.346462 30.218437 0.64139 0.96721
016 40870 20.789194 30.343526 0.64628 0.96702
017 39939 21.449622 30.214630 0.67875 0.96731
018 40965 21.467304 30.370074 0.67277 0.96775
019 40534 21.323816 30.311537 0.63866 0.96749
020 40574 20.322297 30.326789 0.59830 0.96709
021 40946 20.749091 30.362033 0.63130 0.96740
022 40654 21.314544 30.298253 0.64774 0.96769
023 40833 21.286874 30.313039 0.66354 0.96779
024 40946 20.935486 30.275394 0.64763 0.96748
025 40420 21.310708 30.235881 0.63917 0.96739
026 40763 20.775576 30.269149 0.65475 0.96746
027 40061 20.979088 30.204118 0.65838 0.96796
028 39857 21.092842 30.231038 0.63352 0.96758
029 40937 21.325485 30.406439 0.65447 0.96825
030 40906 21.019849 30.388054 0.64204 0.96816
031 40752 20.903378 30.328565 0.60638 0.96812
032 40920 21.049429 30.302578 0.63649 0.96821
033 40734 20.869444 30.265660 0.62686 0.96741
034 39970 20.768579 30.151949 0.59645 0.96734
035 40994 20.911893 30.282777 0.62611 0.96746
036 40926 20.969608 30.311416 0.61133 0.96780
037 40042 20.097332 30.176568 0.59050 0.96691
038 40835 20.446051 30.218852 0.60399 0.96732
039 40304 20.683236 30.149411 0.59203 0.96754
040 40937 20.957435 30.232323 0.63255 0.96708
041 39530 21.018083 30.092955 0.61389 0.96721
042 40171 20.677319 30.150072 0.62815 0.96720
043 40802 20.539790 30.210926 0.59645 0.96719
044 40968 20.688107 30.217463 0.62579 0.96671
045 39489 20.876815 29.998272 0.61609 0.96666
046 40784 20.103114 30.202396 0.60327 0.96728
047 40124 20.529900 30.134095 0.59583 0.96784
048 40771 21.011061 30.246280 0.65810 0.96712
049 40775 21.207336 30.186174 0.64186 0.96750
050 40658 20.722023 30.151635 0.62723 0.96753
051 40937 20.643673 30.210235 0.64260 0.96769
052 40101 21.027784 30.173110 0.62583 0.96768
053 40213 20.142666 30.184079 0.60880 0.96813
054 39582 20.525764 30.086334 0.59474 0.96783
055 40682 20.809158 30.221277 0.65152 0.96801
056 39888 20.873362 30.133370 0.62576 0.96790
057 40870 20.672356 30.293723 0.63558 0.96832
058 39681 20.880222 30.130698 0.62302 0.96836
059 39869 20.017674 30.174550 0.59153 0.96793
060 39658 20.389102 30.173013 0.58362 0.96788
061 40747 20.721662 30.311803 0.63707 0.96839
062 40446 20.766610 30.292862 0.61300 0.96878
063 40718 20.456540 30.338318 0.62844 0.96889
064 40380 20.448002 30.283039 0.59545 0.96856
065 40259 20.480168 30.205540 0.61956 0.96840
066 40998 20.345417 30.306935 0.58382 0.96828
067 40849 20.307134 30.258076 0.60942 0.96853
068 40142 20.331472 30.147087 0.59432 0.96819
069 40260 20.391300 30.184015 0.62114 0.96780
070 40397 20.179423 30.221032 0.57571 0.96842
071 40780 20.036193 30.278485 0.59420 0.96883
072 40665 20.068461 30.237447 0.57229 0.96841
073 40078 19.974211 30.137206 0.58895 0.96811
074 39867 20.002224 30.173665 0.56099 0.96823
075 40817 19.948900 30.305451 0.58935 0.96829
076 40566 19.902372 30.335348 0.56147 0.96910
077 40880 19.899401 30.383401 0.56652 0.96937
078 40748 19.928394 30.301576 0.54871 0.96939
079 40842 19.984653 30.349091 0.58940 0.96956
080 40022 20.012714 30.255202 0.56621 0.96926
081 40855 19.853908 30.295182 0.56341 0.96863
082 39437 19.880469 30.130908 0.54445 0.96859
083 40543 19.332234 30.313826 0.54130 0.96925
084 40561 19.979020 30.262030 0.56615 0.96854
085 40362 21.019657 30.304662 0.64778 0.96904
086 40819 20.674901 30.308490 0.65638 0.96932
087 40351 20.561862 30.168740 0.62194 0.96840
088 40545 20.399299 30.315470 0.60872 0.96874
089 40966 20.446603 30.365356 0.63024 0.96923
090 40530 20.542846 30.207633 0.60376 0.96856
091 40665 20.301381 30.264374 0.58728 0.96870
092 40738 20.294750 30.267057 0.61304 0.96917
093 40371 20.368528 30.079313 0.58971 0.96842
094 40973 20.690430 30.202703 0.61591 0.96898
095 40853 20.433234 30.224710 0.63602 0.96934
