006 10953 23.150256 23.775925 0.81904 0.79508
007 10798 22.117595 23.681532 0.72434 0.79028
008 10744 21.668877 23.719243 0.68598 0.79470
009 10972 21.579250 23.706190 0.68576 0.79474
010 10507 21.571641 23.595940 0.69274 0.78473
011 10876 21.050154 23.667199 0.68757 0.79292
012 10849 21.435407 23.692817 0.67118 0.79370
013 10982 21.516618 23.682294 0.66913 0.79212
014 10559 21.392919 23.590595 0.66630 0.78585
015 10782 21.373133 23.643776 0.64164 0.79110
016 10970 20.809303 23.693244 0.64429 0.79406
017 10646 21.321124 23.543656 0.67505 0.78421
018 10574 21.418235 23.588283 0.67116 0.78489
019 10957 21.359966 23.666309 0.63928 0.79271
020 10599 20.381950 23.534524 0.59959 0.78451
021 10708 20.709829 23.547616 0.62880 0.78583
022 10911 21.381748 23.611363 0.64844 0.79086
023 10769 21.227672 23.520491 0.66043 0.78666
024 10537 20.907389 23.493972 0.64487 0.78372
025 10780 21.371130 23.503210 0.63949 0.78616
026 10961 20.824643 23.547624 0.65204 0.79113
027 10858 21.125992 23.485697 0.65994 0.78545
028 10989 21.249955 23.587448 0.63984 0.79239
029 10832 21.374015 23.579625 0.65860 0.79071
030 10773 21.120795 23.503920 0.64337 0.78833
031 10910 20.967795 23.536894 0.60759 0.79055
032 10708 21.055952 23.433815 0.63493 0.78528
033 10883 20.926026 23.436464 0.62698 0.78984
034 10751 20.833776 23.454244 0.59865 0.78847
035 10812 20.909869 23.461118 0.62460 0.78876
036 10703 21.029807 23.403770 0.61212 0.78415
037 10894 20.163160 23.417240 0.59183 0.78869
038 10996 20.493486 23.423687 0.60343 0.79077
039 10994 20.752149 23.320740 0.59381 0.78562
040 10787 20.941349 23.360333 0.63015 0.78640
041 10866 21.099803 23.452466 0.61564 0.79152
042 10600 20.628918 23.306743 0.62547 0.78455
043 10847 20.616231 23.314411 0.59751 0.78614
044 10508 20.671622 23.271572 0.62313 0.78170
045 10906 20.947755 23.332542 0.61624 0.78844
046 10724 20.191325 23.221718 0.60448 0.77940
047 10945 20.600791 23.326287 0.59558 0.78759
048 10954 21.031135 23.382459 0.65550 0.79250
049 10815 21.294039 23.259417 0.64214 0.78415
050 10798 20.766726 23.234264 0.62707 0.78166
051 10670 20.655782 23.252301 0.64127 0.78535
052 10855 21.108488 23.265700 0.62772 0.78623
053 10860 20.226913 23.311345 0.60971 0.78359
054 10971 20.595577 23.379403 0.59509 0.78967
055 10903 20.778881 23.322598 0.64823 0.78938
056 10895 20.971093 23.284683 0.62693 0.78585
057 10631 20.670113 23.291497 0.63254 0.78523
058 10891 20.968098 23.315525 0.62383 0.78857
059 10960 20.106292 23.315004 0.59289 0.78657
060 10896 20.472624 23.307308 0.58482 0.78751
061 10588 20.684050 23.287342 0.63425 0.78638
062 10929 20.864771 23.376175 0.61509 0.78918
063 10945 20.516157 23.350578 0.61961 0.78635
064 10903 20.834190 23.334821 0.61180 0.78993
065 10846 19.941890 23.308032 0.57889 0.78913
066 10896 20.286567 23.325765 0.57358 0.78916
067 10719 20.642256 23.271391 0.63203 0.78758
068 10942 20.743677 23.280366 0.61088 0.78966
069 10938 20.337551 23.251648 0.62057 0.78765
070 10910 20.372402 23.292019 0.59128 0.78889
071 10745 20.369413 23.288189 0.61363 0.78686
072 10945 20.315210 23.311658 0.57888 0.78912
073 10711 20.180340 23.214838 0.60331 0.78576
074 10775 20.283999 23.258857 0.58675 0.78694
075 10971 20.143029 23.363284 0.58821 0.79050
076 10909 20.089967 23.357202 0.56092 0.79036
077 10990 20.067148 23.367136 0.59286 0.78973
078 10990 20.129974 23.364673 0.57403 0.78938
079 10977 20.047920 23.362985 0.57246 0.79007
080 10967 20.050242 23.381795 0.54844 0.79128
081 10996 19.985149 23.304902 0.58420 0.78719
082 10701 20.071962 23.290108 0.56656 0.78571
083 10939 19.954745 23.369943 0.56377 0.78961
084 10963 20.059473 23.277734 0.59414 0.78680
085 10949 20.241075 23.358011 0.57748 0.78974
086 10817 19.952477 23.304846 0.56109 0.78690
087 10977 19.964809 23.268134 0.58996 0.78883
088 10931 20.157798 23.319551 0.57384 0.78774
089 10944 19.296919 23.372023 0.53175 0.78938
090 10750 19.737403 23.245423 0.53982 0.78525
091 10932 20.302252 23.293384 0.58869 0.78592
092 10986 20.396982 23.312391 0.62212 0.78790
093 10875 20.514445 23.195728 0.60099 0.78392
094 10875 20.759422 23.266037 0.62742 0.78630
095 10995 20.601970 23.295786 0.64930 0.78751
