006 50337 23.197441 32.169708 0.82055 0.97067
007 50504 22.243632 32.169608 0.72801 0.97032
008 50544 21.662282 32.179692 0.68626 0.97035
009 50958 21.744970 32.188373 0.68979 0.97049
010 50786 21.660756 32.158853 0.69592 0.96989
011 49782 21.026341 31.870327 0.69067 0.96978
012 50244 21.406555 31.914376 0.67161 0.96982
013 50813 21.635705 32.186967 0.67271 0.97024
014 50018 21.440173 31.906290 0.66998 0.97003
015 50150 21.350003 31.894606 0.64192 0.96995
016 50056 20.793646 31.830374 0.64678 0.96956
017 50402 21.459194 31.911850 0.67948 0.97004
018 50765 21.469030 32.111085 0.67345 0.97031
019 50801 21.323467 32.124806 0.63915 0.97030
020 50900 20.322773 32.123993 0.59881 0.96997
021 50874 20.757652 32.131410 0.63233 0.97014
022 50831 21.318011 32.092559 0.64840 0.97034
023 50938 21.297465 32.101847 0.66440 0.97058
024 50226 20.947563 31.819844 0.64853 0.96991
025 50654 21.318954 32.023109 0.64000 0.97008
026 50747 20.785879 32.045874 0.65565 0.97007
027 50999 20.989265 32.089004 0.65932 0.97076
028 50389 21.101576 31.994045 0.63445 0.97032
029 50997 21.339387 32.178776 0.65557 0.97087
030 50747 21.028377 32.139894 0.64295 0.97074
031 50616 20.910601 32.053285 0.60719 0.97066
032 50032 21.063489 31.795056 0.63764 0.97052
033 50514 20.876702 31.933767 0.62790 0.97004
034 50649 20.776106 32.006823 0.59733 0.97013
035 50310 20.926946 31.812254 0.62733 0.97002
036 50375 20.378571 31.839968 0.63676 0.97025
037 50882 21.011724 32.022388 0.62825 0.96963
038 50019 20.744191 31.727655 0.62508 0.96969
039 50600 20.827579 31.852492 0.64426 0.97011
040 50928 21.215510 31.958568 0.63104 0.96962
041 50810 20.740971 31.997465 0.66490 0.97020
042 50968 20.956382 32.008635 0.64700 0.97000
043 50401 21.160608 31.746528 0.68017 0.96968
044 50782 21.295369 31.924480 0.66619 0.96934
045 50782 20.207206 31.895409 0.62107 0.96966
046 50945 20.553971 31.973480 0.60391 0.97008
047 50800 21.060244 31.958894 0.66322 0.97051
048 50631 21.277695 31.954465 0.64573 0.96974
049 50978 20.912093 31.955434 0.65222 0.97014
050 50562 20.392575 31.840924 0.63468 0.97006
051 50509 21.038650 31.840316 0.62308 0.97029
052 49605 20.205562 31.651810 0.61261 0.97000
053 50978 20.578642 32.034357 0.59831 0.97089
054 50304 20.866091 31.811461 0.64389 0.97046
055 50900 21.084382 32.009415 0.62505 0.97069
056 50673 20.717578 31.929195 0.63553 0.97053
057 50879 20.529444 32.036787 0.59625 0.97085
058 50576 20.552210 31.926682 0.62042 0.97104
059 50600 20.728002 31.982252 0.60697 0.97068
060 49885 19.936210 31.769400 0.57980 0.97038
061 50859 20.334954 32.077984 0.57400 0.97116
062 50978 20.706762 32.115165 0.63044 0.97163
063 50857 20.729561 32.122645 0.60440 0.97160
064 50618 20.448150 32.048820 0.61407 0.97118
065 50943 20.675040 32.057849 0.60063 0.97116
066 50739 20.601808 32.042855 0.62231 0.97086
067 50701 20.490832 31.987433 0.59628 0.97107
068 49990 20.479734 31.749135 0.63682 0.97077
069 50735 20.559909 31.979610 0.61698 0.97048
070 50731 20.643873 32.027554 0.64505 0.97111
071 50619 20.380817 31.999471 0.59315 0.97129
072 50963 20.209334 32.082442 0.61203 0.97118
073 50764 20.226705 32.023155 0.58571 0.97104
074 49568 20.082554 31.709142 0.59571 0.97057
075 50602 20.127049 32.064413 0.56756 0.97098
076 50208 20.105604 31.913026 0.59630 0.97166
077 50494 20.067762 32.102120 0.56809 0.97197
078 49605 20.035067 31.761057 0.57446 0.97169
079 50951 20.080359 32.155222 0.55550 0.97231
080 50210 19.485102 31.974157 0.55224 0.97196
081 50669 20.153004 32.044030 0.57424 0.97136
082 49667 20.450127 31.739120 0.60428 0.97127
083 50888 20.673205 32.143128 0.63732 0.97220
084 50705 20.434033 32.086440 0.60018 0.97136
085 49838 20.352680 31.871000 0.62367 0.97155
086 50757 20.516056 32.131522 0.60854 0.97217
087 49967 20.441914 31.737591 0.60450 0.97096
088 50970 20.481258 32.150651 0.63131 0.97182
089 50891 20.566560 32.208663 0.60127 0.97213
090 50027 20.291136 31.785904 0.58227 0.97104
091 50705 20.168481 32.108135 0.55996 0.97163
092 50757 20.660614 32.082401 0.61106 0.97199
093 50298 20.467992 31.763127 0.63863 0.97114
094 50843 20.374133 32.029354 0.60161 0.97177
095 50166 20.349498 31.908784 0.59318 0.97195
