006 20981 23.180518 26.373285 0.82011 0.91748
007 20671 22.210574 26.265911 0.72631 0.91467
008 20998 21.672398 26.219669 0.68641 0.91442
009 20571 21.721240 26.204942 0.68882 0.91453
010 20694 21.672929 26.166384 0.69527 0.91254
011 20870 21.052485 26.225848 0.69018 0.91561
012 20974 21.444733 26.207537 0.67156 0.91349
013 20666 21.625569 26.178818 0.67103 0.91339
014 20895 21.456063 26.244599 0.66855 0.91404
015 20977 21.392645 26.151244 0.64206 0.91291
016 20953 20.808167 26.217141 0.64593 0.91465
017 20923 21.448594 26.150315 0.67796 0.91394
018 20810 21.489063 26.216675 0.67233 0.91393
019 20964 21.367026 26.159723 0.63933 0.91298
020 20676 20.355557 26.123235 0.59870 0.91256
021 20845 20.759000 26.179595 0.62996 0.91404
022 20618 21.357862 26.044153 0.64781 0.91335
023 20703 21.291399 26.146375 0.66256 0.91348
024 20708 20.956315 26.054805 0.64693 0.91191
025 20720 21.361008 26.047975 0.63990 0.91266
026 20965 20.801516 26.076726 0.65412 0.91425
027 20841 21.006777 26.012518 0.65800 0.91342
028 20740 21.135961 26.215906 0.63411 0.91534
029 20800 21.343462 26.113905 0.65348 0.91305
030 20623 21.056386 26.100496 0.64241 0.91283
031 20938 20.944339 26.159005 0.60731 0.91559
032 20851 21.065540 25.941056 0.63555 0.91190
033 20640 20.904628 26.071079 0.62704 0.91524
034 20592 20.807870 25.958436 0.59733 0.91043
035 20911 20.932282 26.032312 0.62554 0.91399
036 20600 21.014112 26.036582 0.61234 0.91412
037 20554 20.127921 25.863049 0.59115 0.91054
038 20623 20.465439 25.953151 0.60346 0.91338
039 20546 20.708947 25.856727 0.59188 0.90890
040 20849 20.968112 25.966378 0.63172 0.91364
041 20754 21.055649 25.977709 0.61442 0.91401
042 20676 20.680391 25.915074 0.62756 0.91366
043 20883 20.576313 25.980205 0.59703 0.91365
044 20800 20.699496 25.798602 0.62508 0.91080
045 20584 20.914400 25.837271 0.61658 0.91099
046 20739 20.134669 25.851213 0.60398 0.91218
047 20825 20.559707 25.864468 0.59591 0.91376
048 20800 21.024127 25.976533 0.65710 0.91304
049 20769 21.243817 25.845435 0.64217 0.91264
050 20951 20.736549 25.843453 0.62675 0.91197
051 20707 20.654230 25.883019 0.64184 0.91352
052 20853 21.062025 25.868928 0.62625 0.91377
053 20398 20.169226 25.906836 0.60909 0.91265
054 20590 20.549527 25.901956 0.59468 0.91292
055 20898 20.808650 25.868059 0.65042 0.91228
056 20687 20.912511 25.924470 0.62628 0.91496
057 20966 20.685627 25.916187 0.63470 0.91455
058 20592 20.924084 25.857612 0.62363 0.91260
059 20431 20.049744 25.875975 0.59208 0.91327
060 20545 20.424658 25.861868 0.58416 0.91174
061 20990 20.723055 25.975097 0.63635 0.91564
062 20822 20.809615 25.991757 0.61437 0.91605
063 20904 20.512456 25.919129 0.62182 0.91344
064 20749 20.777653 25.959730 0.61066 0.91479
065 20544 20.531035 25.926278 0.61979 0.91471
066 20472 20.391243 25.828306 0.58516 0.91346
067 20703 20.359110 25.851000 0.61182 0.91346
068 20983 20.389277 25.907846 0.59559 0.91470
069 20887 20.439548 25.800801 0.62441 0.91388
070 20924 20.269189 25.863850 0.58025 0.91312
071 20853 20.108748 25.944543 0.59774 0.91503
072 20873 20.133761 25.857460 0.57516 0.91458
073 20844 20.002773 25.850315 0.58866 0.91206
074 20852 20.072622 25.926011 0.56452 0.91519
075 20633 19.996813 25.925469 0.59135 0.91441
076 20775 19.965036 25.939616 0.56553 0.91323
077 20883 19.938392 25.965500 0.56802 0.91450
078 20978 19.973685 25.979076 0.54895 0.91652
079 20750 20.036270 25.972337 0.59113 0.91367
080 20922 20.075682 25.939758 0.56989 0.91363
081 20898 19.902171 25.902827 0.56607 0.91447
082 20882 19.933730 25.963442 0.54673 0.91434
083 20714 19.376597 25.935108 0.54297 0.91381
084 20463 20.031772 25.802496 0.56818 0.91156
085 20879 21.064199 25.979767 0.64842 0.91414
086 20994 20.736496 25.968799 0.65814 0.91617
087 20505 20.627810 25.776900 0.62389 0.91222
088 20821 20.458368 25.911475 0.61119 0.91180
089 20991 20.489308 25.994689 0.63123 0.91429
090 20513 20.595911 25.825831 0.60529 0.91294
091 20852 20.342039 25.879504 0.58796 0.91179
092 20634 20.314420 25.836303 0.61290 0.91104
093 20993 20.426220 25.745777 0.59279 0.91166
094 20990 20.716277 25.853127 0.61730 0.91251
095 20578 20.490602 25.821042 0.63831 0.91235
