006 30335 23.189674 27.836247 0.82036 0.94284
007 30932 22.222257 27.796053 0.72725 0.94301
008 30714 21.666804 27.773177 0.68611 0.94207
009 30924 21.730902 27.753381 0.68903 0.94258
010 30941 21.660787 27.812710 0.69557 0.94317
011 30532 21.028982 27.719940 0.68993 0.94237
012 30789 21.415846 27.777035 0.67092 0.94190
013 30912 21.624576 27.790858 0.67146 0.94258
014 30955 21.440370 27.828254 0.66920 0.94252
015 30227 21.361865 27.676196 0.64157 0.94088
016 30576 20.790339 27.743611 0.64576 0.94214
017 30615 21.447777 27.757243 0.67815 0.94289
018 30917 21.470468 27.827866 0.67265 0.94285
019 30557 21.337282 27.668811 0.63857 0.94031
020 29890 20.326934 27.601908 0.59793 0.94038
021 30915 20.744199 27.719341 0.63053 0.94228
022 30714 21.326273 27.659358 0.64736 0.94275
023 30962 21.285290 27.762270 0.66298 0.94279
024 30957 20.938862 27.646901 0.64731 0.94101
025 30565 21.330372 27.647082 0.63929 0.94154
026 30778 20.780234 27.654409 0.65409 0.94222
027 30744 20.982719 27.603737 0.65757 0.94161
028 30820 21.105834 27.785050 0.63330 0.94270
029 30880 21.323580 27.739656 0.65381 0.94226
030 30981 21.027242 27.747376 0.64165 0.94265
031 30796 20.911527 27.706008 0.60618 0.94276
032 30960 21.048370 27.651061 0.63579 0.94298
033 30072 20.878207 27.516629 0.62639 0.94056
034 30873 20.777311 27.650872 0.59616 0.94154
035 30994 20.915025 27.662905 0.62579 0.94265
036 30378 20.373686 27.591331 0.63536 0.94170
037 30697 21.014905 27.594710 0.62731 0.94187
038 30187 20.741537 27.498264 0.62354 0.94026
039 30924 20.819969 27.543406 0.64272 0.94035
040 30865 21.223577 27.575493 0.62997 0.94196
041 30183 20.732078 27.520506 0.66320 0.94120
042 30747 20.965225 27.608697 0.64601 0.94307
043 30922 21.153581 27.668425 0.67879 0.94392
044 31000 21.308445 27.585074 0.66510 0.94302
045 30172 20.210693 27.468874 0.61994 0.94065
046 30850 20.559490 27.561001 0.60291 0.94277
047 30996 21.051265 27.597810 0.66140 0.94376
048 30977 21.289401 27.565034 0.64463 0.94135
049 30636 20.905289 27.495283 0.65078 0.94175
050 30843 20.390744 27.588209 0.63344 0.94319
051 30989 21.053521 27.563886 0.62234 0.94345
052 30660 20.211991 27.573427 0.61191 0.94281
053 30819 20.586030 27.619373 0.59741 0.94302
054 30891 20.855898 27.539536 0.64217 0.94246
055 30705 21.093223 27.518672 0.62413 0.94159
056 30481 20.704323 27.467182 0.63378 0.94133
057 30837 20.538625 27.594243 0.59551 0.94373
058 30996 20.543138 27.683162 0.61894 0.94473
059 30817 20.737591 27.553920 0.60633 0.94294
060 30843 19.940752 27.599833 0.57912 0.94345
061 30800 20.339284 27.664100 0.57301 0.94476
062 30536 20.694313 27.621120 0.62913 0.94365
063 30876 20.741485 27.647239 0.60389 0.94396
064 30995 20.439746 27.681976 0.61279 0.94479
065 30768 20.685577 27.587755 0.59981 0.94340
066 30201 20.594428 27.455372 0.62106 0.94083
067 30614 20.497380 27.544348 0.59559 0.94308
068 30611 20.475849 27.519159 0.63568 0.94282
069 30671 20.574086 27.509648 0.61634 0.94346
070 30893 20.637143 27.566331 0.64378 0.94289
071 30867 20.394820 27.611689 0.59277 0.94379
072 30324 20.201998 27.421586 0.61082 0.94138
073 31000 20.237116 27.577948 0.58516 0.94267
074 30749 20.081367 27.523208 0.59425 0.94252
075 30850 20.134574 27.527318 0.56641 0.94223
076 30594 20.096913 27.674711 0.59491 0.94348
077 30787 20.073670 27.612038 0.56726 0.94265
078 30180 20.033793 27.451502 0.57283 0.94105
079 30729 20.087155 27.588720 0.55438 0.94251
080 30311 19.487558 27.520410 0.55114 0.94048
081 30834 20.159708 27.510672 0.57359 0.94187
082 30634 20.452238 27.537975 0.60297 0.94193
083 30149 20.668710 27.450442 0.63613 0.94018
084 30973 20.440793 27.553807 0.59950 0.94320
085 30788 20.346316 27.620790 0.62196 0.94259
086 30682 20.516657 27.552206 0.60719 0.94279
087 30169 20.438093 27.320571 0.60270 0.93859
088 30889 20.478529 27.610491 0.62985 0.94213
089 30755 20.576283 27.552471 0.60027 0.94008
090 30449 20.287023 27.329536 0.58070 0.93819
091 30952 20.172721 27.542660 0.55893 0.94200
092 30642 20.650847 27.478326 0.60956 0.94074
093 30513 20.469577 27.275117 0.63761 0.93821
094 30910 20.384639 27.446678 0.60101 0.94086
095 30250 20.349740 27.346803 0.59174 0.93887
