002 11948 38.689761 38.633425 0.94204 0.94380
003 11952 38.725300 38.623893 0.94286 0.94400
004 11992 38.803293 38.642842 0.94249 0.94386
005 11974 38.750224 38.623335 0.94341 0.94427
006 11930 38.782127 38.649176 0.94212 0.94380
007 11961 38.814129 38.646306 0.94371 0.94428
008 7497 36.089511 36.089511 0.91430 0.91430
009 11977 38.804804 38.625378 0.94348 0.94398
010 11924 38.741666 38.601785 0.94172 0.94331
011 11981 38.815399 38.666708 0.94313 0.94389
012 7510 36.060847 36.060847 0.91469 0.91469
013 7505 36.066571 36.066571 0.91420 0.91420
014 7499 36.084840 36.084840 0.91450 0.91450
015 7506 36.027080 36.027080 0.91409 0.91409
016 11972 38.777756 38.699563 0.94292 0.94365
017 11959 38.751614 38.635214 0.94127 0.94324
018 11965 38.764394 38.633373 0.94234 0.94341
019 7525 36.080276 36.080276 0.91411 0.91411
020 11944 38.788331 38.640079 0.94215 0.94371
021 11988 38.769323 38.616556 0.94289 0.94352
022 7507 36.035132 36.035132 0.91322 0.91322
023 7495 36.019567 36.019567 0.91248 0.91248
024 7527 36.024849 36.024849 0.91437 0.91437
025 11970 38.889904 38.737880 0.94372 0.94416
026 11946 38.541596 38.458477 0.93891 0.94056
027 7592 35.954948 35.954948 0.91202 0.91202
028 7590 35.873289 35.873289 0.91096 0.91096
029 11959 38.497249 38.397428 0.93938 0.94038
030 11957 38.700180 38.559673 0.94208 0.94268
031 11999 38.604487 38.460958 0.93997 0.94111
032 11943 38.831846 38.701913 0.94309 0.94447
033 11897 38.552349 38.420353 0.94040 0.94044
034 11981 38.605997 38.486021 0.94057 0.94126
035 11985 38.556425 38.464475 0.93890 0.94012
036 11981 38.486028 38.406937 0.93946 0.94059
037 11957 38.660480 38.535241 0.94102 0.94145
038 11934 38.481337 38.418873 0.93881 0.93991
039 11936 38.929538 38.802052 0.94335 0.94477
040 7517 36.016163 36.016163 0.91274 0.91274
041 11980 39.407760 39.173543 0.94926 0.94984
042 11915 39.123574 38.947994 0.94592 0.94637
043 11964 39.301706 39.100535 0.94808 0.94855
044 11966 38.823287 38.671528 0.94226 0.94348
045 7490 36.163811 36.163811 0.91469 0.91469
046 11990 38.591556 38.513243 0.94037 0.94122
047 7575 36.017151 36.017151 0.91172 0.91172
048 11997 38.560067 38.446155 0.94023 0.94059
049 11948 38.490932 38.355482 0.93945 0.93976
050 7572 35.943392 35.943392 0.91180 0.91180
