002 15980 40.717271 40.684120 0.95886 0.95810
003 15945 40.775392 40.699230 0.95870 0.95791
004 15937 40.753707 40.687462 0.95799 0.95775
005 15964 40.777101 40.728259 0.95806 0.95781
006 15948 40.771924 40.711185 0.95787 0.95754
007 15967 40.791710 40.729011 0.95844 0.95781
008 15982 40.789643 40.740977 0.95826 0.95815
009 15929 40.758112 40.700974 0.95814 0.95764
010 15994 40.776769 40.692271 0.95793 0.95772
011 15879 40.743324 40.699703 0.95784 0.95752
012 15986 40.771761 40.723911 0.95826 0.95817
013 15969 40.780351 40.698688 0.95804 0.95767
014 15984 40.805394 40.737260 0.95812 0.95775
015 15997 40.807265 40.748364 0.95804 0.95796
016 15945 40.744556 40.695778 0.95743 0.95738
017 15933 40.751426 40.693795 0.95778 0.95750
018 15933 40.742325 40.681341 0.95788 0.95729
019 15986 40.794757 40.727090 0.95818 0.95775
020 15969 40.816556 40.741532 0.95809 0.95760
021 15906 40.721266 40.670140 0.95775 0.95718
022 15989 40.753953 40.696014 0.95807 0.95765
023 15994 40.778856 40.692596 0.95792 0.95733
024 15997 40.765715 40.691302 0.95743 0.95721
025 15935 40.850016 40.786704 0.95864 0.95819
026 15978 40.563301 40.521423 0.95622 0.95579
027 15970 40.608185 40.526985 0.95646 0.95596
028 15997 40.629537 40.557977 0.95627 0.95587
029 15947 40.514957 40.480286 0.95568 0.95536
030 15997 40.716322 40.656439 0.95699 0.95676
031 15939 40.578939 40.536389 0.95571 0.95546
032 15995 40.882278 40.811790 0.95881 0.95825
033 15997 40.607766 40.542826 0.95559 0.95523
034 15996 40.614247 40.549926 0.95658 0.95608
035 15960 40.512945 40.448504 0.95510 0.95492
036 15888 40.476585 40.434871 0.95526 0.95501
037 15904 40.627395 40.579088 0.95655 0.95617
038 15997 40.537865 40.482490 0.95580 0.95534
039 15964 40.903431 40.819974 0.95881 0.95845
040 15948 40.729114 40.666084 0.95751 0.95719
041 15997 41.289305 41.205578 0.96155 0.96199
042 15980 41.074996 40.979580 0.96080 0.96034
043 15991 41.237148 41.103644 0.96147 0.96153
044 15916 40.755931 40.694464 0.95802 0.95741
045 15997 40.844296 40.766202 0.95847 0.95811
046 15965 40.634836 40.551018 0.95634 0.95590
047 15977 40.627954 40.586372 0.95646 0.95608
048 15982 40.537477 40.486075 0.95571 0.95501
049 15961 40.502761 40.457118 0.95544 0.95511
050 15940 40.629399 40.556908 0.95662 0.95593
