002 18843 41.712192 41.624912 0.96392 0.96573
003 18972 41.833164 41.712773 0.96466 0.96585
004 18987 41.824702 41.711201 0.96438 0.96576
005 18865 41.786510 41.676156 0.96386 0.96602
006 18893 41.798088 41.698663 0.96463 0.96606
007 18973 41.871787 41.734093 0.96457 0.96603
008 18906 41.752718 41.652358 0.96429 0.96579
009 18982 41.834159 41.735851 0.96446 0.96605
010 18912 41.780905 41.643090 0.96444 0.96566
011 18856 41.753735 41.646169 0.96374 0.96530
012 18934 41.833844 41.714950 0.96492 0.96612
013 18980 41.848151 41.709928 0.96456 0.96576
014 18981 41.850897 41.747717 0.96420 0.96584
015 18968 41.902250 41.739695 0.96463 0.96609
016 18967 41.791761 41.681212 0.96416 0.96546
017 18936 41.794250 41.655094 0.96378 0.96529
018 18997 41.827275 41.696269 0.96469 0.96580
019 18866 41.772551 41.670556 0.96393 0.96561
020 18961 41.823908 41.727026 0.96496 0.96593
021 18949 41.789882 41.680355 0.96399 0.96555
022 18990 41.836680 41.680339 0.96489 0.96583
023 18957 41.807413 41.675397 0.96385 0.96542
024 18997 41.855094 41.718073 0.96441 0.96572
025 18981 41.986692 41.795326 0.96481 0.96641
026 18972 41.581252 41.489381 0.96254 0.96413
027 18959 41.618722 41.497038 0.96265 0.96426
028 18980 41.613991 41.495864 0.96275 0.96427
029 18969 41.566713 41.445646 0.96184 0.96384
030 18992 41.758051 41.639648 0.96342 0.96538
031 18934 41.614110 41.512823 0.96260 0.96428
032 18986 41.968877 41.827623 0.96506 0.96628
033 18968 41.619898 41.490399 0.96233 0.96400
034 18979 41.648274 41.550350 0.96292 0.96439
035 18965 41.545724 41.411927 0.96213 0.96351
036 18970 41.505392 41.388640 0.96143 0.96340
037 18960 41.651039 41.546197 0.96379 0.96488
038 18841 41.502027 41.375058 0.96194 0.96330
039 18997 41.983963 41.880577 0.96543 0.96685
040 18971 41.820237 41.656304 0.96366 0.96539
041 18985 42.427563 42.296859 0.96843 0.96969
042 18856 42.147611 42.021653 0.96623 0.96774
043 18993 42.315955 42.219908 0.96776 0.96886
044 18969 41.863299 41.715119 0.96380 0.96579
045 18996 41.843189 41.763463 0.96470 0.96578
046 18929 41.637556 41.505100 0.96237 0.96420
047 18975 41.630304 41.544529 0.96310 0.96459
048 18952 41.529463 41.429535 0.96162 0.96354
049 18981 41.519334 41.426470 0.96283 0.96380
050 18979 41.697626 41.529756 0.96285 0.96442
