002 1962 39.660194 13.691755 0.96331 0.65149
003 1991 36.716999 13.718924 0.94495 0.65293
004 1925 36.494690 13.423569 0.94330 0.63871
005 1924 36.582932 13.786512 0.94360 0.65563
006 1999 36.501732 13.825969 0.94257 0.65746
007 1934 36.511912 13.527464 0.94304 0.64324
008 1997 36.536935 13.893766 0.94324 0.66057
009 1942 36.566456 13.563399 0.94363 0.64543
010 1999 36.499763 13.902989 0.94293 0.66107
011 1998 36.389454 13.899240 0.94217 0.66052
012 1938 36.466340 13.557082 0.94232 0.64485
013 1966 36.227944 13.892876 0.94036 0.66069
014 1994 36.157644 13.889310 0.93974 0.66002
015 1980 36.062318 13.887137 0.93932 0.66065
016 1967 35.976749 13.886877 0.93909 0.65980
017 1902 36.043470 13.335173 0.93950 0.63773
018 1995 35.899790 13.883795 0.93895 0.65986
019 1973 35.741995 13.884104 0.93870 0.65976
020 1882 35.415695 13.549790 0.93635 0.64379
021 1997 35.470462 13.887016 0.93557 0.65962
022 1992 35.266247 13.887484 0.93429 0.65940
023 1982 35.507565 13.890149 0.93606 0.66053
024 1994 35.466675 13.888570 0.93457 0.65911
025 1997 35.693693 13.894372 0.93611 0.66118
026 1959 35.319979 13.889182 0.93244 0.65526
027 1968 35.382843 13.891959 0.93331 0.65641
028 1928 35.222874 13.560440 0.92959 0.63954
029 1951 35.111793 13.895081 0.92955 0.65519
030 1990 34.896819 13.904199 0.92800 0.65795
031 1929 35.101209 13.570411 0.92917 0.64029
032 1995 35.068525 13.916648 0.92865 0.66091
033 1893 35.136687 13.575239 0.92740 0.64035
034 1961 34.973124 13.580000 0.92817 0.64196
035 1884 35.227964 13.581907 0.92855 0.63976
036 1983 35.086835 13.919456 0.92744 0.65523
037 1998 35.371708 13.929223 0.93053 0.65794
038 1955 35.120749 13.928955 0.92829 0.65575
039 1983 35.532764 13.944868 0.93256 0.66304
040 1928 35.283967 13.606040 0.93057 0.64357
041 1977 35.650353 13.627979 0.93486 0.65610
042 1956 35.664638 13.605034 0.93428 0.65088
043 1978 35.710682 13.945077 0.93406 0.66903
044 1893 35.473606 13.598957 0.93176 0.64605
045 1975 35.447809 13.940372 0.93148 0.66172
046 1973 35.089660 13.936237 0.92692 0.65756
047 1907 35.330084 13.601988 0.92935 0.64313
048 1974 35.071101 13.939323 0.92692 0.65685
049 1901 35.150582 13.603228 0.92747 0.64138
050 1963 35.054093 13.946714 0.92587 0.65905
