002 5970 34.449950 34.380437 0.89285 0.89987
003 5973 34.456755 34.409381 0.89527 0.89941
004 5980 34.559376 34.451104 0.89357 0.90044
005 5995 34.537048 34.454730 0.89663 0.90054
006 5972 34.561183 34.461590 0.89455 0.89954
007 5956 34.449679 34.429813 0.89611 0.89949
008 5985 34.580216 34.464817 0.89634 0.90101
009 5991 34.515717 34.496083 0.89679 0.90012
010 5981 34.611369 34.488831 0.89624 0.90016
011 5984 34.476769 34.443161 0.89594 0.90028
012 5972 34.550590 34.460674 0.89441 0.89951
013 5995 34.474693 34.446021 0.89545 0.90106
014 5977 34.572042 34.447508 0.89665 0.90033
015 5989 34.479092 34.429034 0.89726 0.90112
016 5969 34.605466 34.418630 0.89502 0.89965
017 5959 34.453432 34.427216 0.89580 0.90002
018 6000 34.602389 34.443674 0.89560 0.89994
019 5985 34.467168 34.424137 0.89594 0.90009
020 5962 34.541961 34.412471 0.89515 0.89935
021 5944 34.455557 34.382374 0.89671 0.89807
022 5973 34.571463 34.371114 0.89538 0.89945
023 5951 34.395794 34.410361 0.89433 0.89901
024 5992 34.503787 34.418603 0.89610 0.90046
025 5991 34.567254 34.474722 0.89934 0.90208
026 5999 34.367443 34.251026 0.89216 0.89658
027 5994 34.318458 34.285559 0.89317 0.89671
028 5987 34.319237 34.216577 0.89179 0.89603
029 5971 34.206502 34.150338 0.89187 0.89461
030 5932 34.374157 34.227756 0.89317 0.89775
031 5981 34.226079 34.180623 0.89476 0.89630
032 5985 34.548098 34.388417 0.89604 0.90140
033 5970 34.251369 34.224413 0.89343 0.89524
034 5985 34.341396 34.182152 0.89301 0.89720
035 5977 34.334184 34.299596 0.89217 0.89553
036 5998 34.320835 34.222592 0.88924 0.89446
037 5996 34.408751 34.366026 0.89470 0.89773
038 5985 34.323645 34.233880 0.88961 0.89496
039 5986 34.608489 34.554015 0.89820 0.90234
040 5993 34.470514 34.378183 0.89507 0.89962
041 5997 34.965623 34.837893 0.90602 0.90937
042 5982 34.840785 34.699457 0.90007 0.90536
043 5983 34.866272 34.849086 0.90389 0.90775
044 5999 34.549456 34.420542 0.89516 0.90068
045 5968 34.590650 34.540808 0.89937 0.90183
046 5982 34.418286 34.297703 0.89134 0.89587
047 5994 34.416458 34.371785 0.89436 0.89741
048 5995 34.360221 34.265095 0.89074 0.89643
049 5951 34.192625 34.191909 0.89141 0.89422
050 5970 34.421965 34.306532 0.89215 0.89789
