002 2918 35.529070 27.735717 0.92952 0.81224
003 2887 35.415894 27.727287 0.92895 0.81219
004 2876 35.399384 27.587652 0.92879 0.80960
005 2960 35.414065 27.969172 0.92809 0.81766
006 2932 35.176923 27.971328 0.92241 0.81646
007 2957 35.193528 27.959375 0.92348 0.81605
008 2990 35.132156 28.003083 0.92240 0.81807
009 2951 35.209579 27.963613 0.92285 0.81593
010 2990 35.130378 28.017286 0.92210 0.81835
011 2939 35.133216 27.794383 0.92299 0.81480
012 2945 35.147430 27.970614 0.92276 0.81652
013 2985 35.073938 27.981281 0.92197 0.81787
014 2934 35.108144 27.753759 0.92205 0.81462
015 2925 35.047534 27.760501 0.92267 0.81500
016 2949 35.033735 27.969571 0.92188 0.81733
017 2962 35.115589 27.773934 0.92290 0.81408
018 2967 34.946005 27.945772 0.92186 0.81557
019 2942 34.799463 27.745044 0.92140 0.81320
020 2885 34.761245 27.578391 0.91881 0.81086
021 3000 34.608717 28.131247 0.91865 0.81986
022 2959 34.481350 27.736692 0.91760 0.81401
023 2999 34.633364 27.952683 0.91845 0.81665
024 2999 34.669726 28.281393 0.91854 0.81999
025 2975 34.849481 27.985568 0.92039 0.81898
026 2909 34.544749 27.595349 0.91575 0.80888
027 2893 34.636540 27.618349 0.91651 0.80860
028 2931 34.578681 27.603964 0.91560 0.80778
029 2926 34.583010 27.580935 0.91584 0.80701
030 2998 34.350038 28.104767 0.91281 0.81805
031 2915 34.513499 27.612815 0.91336 0.80953
032 2903 34.479439 27.787581 0.91434 0.81489
033 2956 34.441889 27.632638 0.91195 0.80956
034 2974 34.447583 27.637456 0.91380 0.81076
035 2963 34.588911 27.981656 0.91325 0.81246
036 2948 34.523117 27.774554 0.91221 0.80936
037 2963 34.681260 27.878284 0.91485 0.81272
038 2984 34.589475 27.980761 0.91325 0.81256
039 2884 34.800137 27.658113 0.91682 0.81301
040 2888 34.687977 27.523205 0.91542 0.80871
041 2982 34.975154 27.941826 0.92113 0.82332
042 2968 34.928750 27.979052 0.92014 0.82100
043 2978 35.008109 28.261327 0.92111 0.82472
044 2924 34.700644 27.784320 0.91664 0.81351
045 2900 34.707568 27.654924 0.91644 0.81153
046 2889 34.562405 27.657401 0.91310 0.80963
047 2978 34.706220 28.051683 0.91464 0.81499
048 2997 34.512725 28.148810 0.91265 0.81533
049 2946 34.482761 27.772780 0.91238 0.80939
050 2960 34.494391 27.684254 0.91335 0.81070
