002 4932 33.624736 33.304433 0.88322 0.87946
003 4950 33.658884 33.336721 0.88339 0.87962
004 4946 33.658236 33.343806 0.88358 0.87992
005 4958 33.701707 33.371785 0.88602 0.88215
006 4940 33.700062 33.378175 0.88390 0.88012
007 4926 33.649995 33.337485 0.88371 0.88003
008 4938 33.703031 33.385022 0.88551 0.88180
009 4955 33.719323 33.396280 0.88427 0.88059
010 4952 33.761099 33.438234 0.88534 0.88161
011 4961 33.706151 33.387947 0.88574 0.88204
012 4942 33.674347 33.354213 0.88362 0.87996
013 4930 33.654634 33.335257 0.88469 0.88096
014 4943 33.693531 33.371965 0.88503 0.88130
015 4948 33.702515 33.379102 0.88665 0.88292
016 4953 33.680359 33.352614 0.88482 0.88105
017 4953 33.741314 33.417358 0.88503 0.88133
018 4951 33.654097 33.330521 0.88337 0.87973
019 4959 33.678588 33.381770 0.88410 0.88049
020 4955 33.696000 33.373465 0.88483 0.88114
021 4945 33.691575 33.348937 0.88475 0.88087
022 4954 33.634078 33.312369 0.88436 0.88063
023 4955 33.702433 33.382224 0.88395 0.88025
024 4923 33.633743 33.293576 0.88365 0.87981
025 4933 33.743467 33.416515 0.88707 0.88336
026 4987 33.545237 33.210242 0.88171 0.87790
027 4978 33.555452 33.235499 0.88107 0.87736
028 4991 33.546994 33.229326 0.88081 0.87721
029 4996 33.521309 33.181993 0.88045 0.87659
030 4965 33.577274 33.277306 0.88428 0.88091
031 4991 33.517161 33.192717 0.88231 0.87860
032 4938 33.636217 33.318408 0.88573 0.88239
033 4998 33.539642 33.223367 0.88169 0.87804
034 4995 33.535819 33.208619 0.88358 0.87995
035 5000 33.619641 33.292822 0.88047 0.87676
036 5000 33.559513 33.196749 0.87960 0.87547
037 4985 33.652297 33.325755 0.88179 0.87806
038 4995 33.560635 33.226660 0.88005 0.87623
039 4925 33.794005 33.461133 0.88630 0.88259
040 4964 33.642730 33.322949 0.88420 0.88048
041 4931 33.979836 33.979836 0.89133 0.89133
042 4971 33.878767 33.878767 0.88812 0.88812
043 4934 33.949151 33.949151 0.88829 0.88829
044 4995 33.647850 33.596568 0.88220 0.88150
045 4923 33.765995 33.446228 0.88452 0.88265
046 4983 33.576059 33.272388 0.87974 0.87799
047 4940 33.638815 33.266024 0.87983 0.87756
048 4970 33.528044 33.159192 0.87840 0.87627
049 4989 33.491760 33.199612 0.87739 0.87571
050 4991 33.594804 33.299503 0.88154 0.87983
