002 7983 36.272283 36.150755 0.91787 0.91807
003 7990 36.353820 36.163360 0.91666 0.91801
004 7974 36.373457 36.256889 0.91668 0.91837
005 7943 36.351793 36.220453 0.91621 0.91807
006 7953 36.342557 36.204351 0.91609 0.91806
007 7983 36.323803 36.225443 0.91693 0.91888
008 7992 36.400783 36.251103 0.91737 0.91890
009 7991 36.348721 36.229237 0.91718 0.91905
010 7995 36.369253 36.217506 0.91736 0.91872
011 7970 36.366836 36.242893 0.91667 0.91804
012 7987 36.357420 36.236505 0.91744 0.91904
013 7986 36.377474 36.239305 0.91707 0.91867
014 8000 36.403503 36.257623 0.91725 0.91890
015 8000 36.334321 36.201395 0.91671 0.91849
016 7980 36.344421 36.209089 0.91605 0.91794
017 7992 36.353269 36.237997 0.91713 0.91831
018 7999 36.364078 36.239211 0.91624 0.91788
019 7996 36.372106 36.232075 0.91690 0.91822
020 7878 36.293005 36.182445 0.91601 0.91702
021 7967 36.275936 36.185739 0.91632 0.91773
022 7986 36.348404 36.194391 0.91577 0.91765
023 7967 36.307086 36.179315 0.91599 0.91699
024 7987 36.307107 36.177820 0.91717 0.91852
025 7971 36.440829 36.291732 0.91831 0.91904
026 7988 36.159451 36.028903 0.91324 0.91468
027 8000 36.195944 36.082443 0.91448 0.91555
028 7987 36.131409 36.003954 0.91344 0.91483
029 7974 36.084778 35.968205 0.91312 0.91403
030 7968 36.236649 36.135925 0.91556 0.91698
031 7971 36.146365 36.010008 0.91424 0.91525
032 7984 36.393218 36.210726 0.91747 0.91808
033 7969 36.141921 36.024645 0.91296 0.91410
034 7991 36.155881 36.005117 0.91462 0.91569
035 7909 36.120961 36.031827 0.91313 0.91378
036 7981 36.047561 35.946047 0.91203 0.91368
037 7978 36.268655 36.140142 0.91532 0.91679
038 7993 36.162116 36.046937 0.91293 0.91361
039 7982 36.463102 36.327949 0.91840 0.91993
040 7955 36.274915 36.155661 0.91576 0.91698
041 7913 36.812596 36.644708 0.92285 0.92459
042 8000 36.695192 36.570044 0.92125 0.92258
043 7998 36.779003 36.648309 0.92261 0.92413
044 7958 36.402340 36.282285 0.91690 0.91788
045 7968 36.442017 36.332548 0.91790 0.91895
046 7981 36.192104 36.094103 0.91351 0.91485
047 7976 36.260501 36.154009 0.91502 0.91503
048 7982 36.084500 35.992483 0.91224 0.91390
049 7970 36.084366 35.993181 0.91360 0.91338
050 7997 36.211785 36.096985 0.91469 0.91551
