002 10995 38.238823 38.203280 0.93805 0.93795
003 10968 38.246100 38.217432 0.93801 0.93821
004 10979 38.305916 38.252234 0.93840 0.93831
005 10973 38.264352 38.210880 0.93906 0.93853
006 10968 38.288182 38.236589 0.93873 0.93813
007 10994 38.336499 38.254735 0.93907 0.93884
008 10964 38.317968 38.257951 0.93861 0.93859
009 10960 38.292797 38.223757 0.93834 0.93822
010 10994 38.284772 38.221082 0.93813 0.93789
011 10896 38.275193 38.228557 0.93816 0.93767
012 10991 38.318433 38.228275 0.93863 0.93822
013 10983 38.371697 38.280889 0.93864 0.93813
014 10989 38.314317 38.249302 0.93823 0.93794
015 10963 38.292387 38.247099 0.93813 0.93801
016 10954 38.276015 38.239146 0.93761 0.93755
017 10989 38.286614 38.233226 0.93743 0.93723
018 10981 38.314413 38.264998 0.93809 0.93803
019 10974 38.288706 38.223915 0.93776 0.93756
020 10940 38.285581 38.229830 0.93801 0.93779
021 10963 38.262101 38.198805 0.93771 0.93745
022 10919 38.244051 38.207335 0.93777 0.93751
023 10985 38.280647 38.224219 0.93777 0.93765
024 10894 38.226241 38.187033 0.93706 0.93691
025 10962 38.373531 38.288489 0.93864 0.93807
026 10948 38.073416 38.043330 0.93509 0.93482
027 10947 38.072199 38.040055 0.93511 0.93493
028 10957 38.081815 38.044237 0.93552 0.93527
029 10931 38.009245 37.971000 0.93453 0.93425
030 10864 38.160846 38.125464 0.93717 0.93690
031 10972 38.099269 38.042886 0.93598 0.93549
032 10954 38.354447 38.292493 0.93871 0.93881
033 10929 38.066875 38.037647 0.93552 0.93530
034 10922 38.089803 38.061892 0.93604 0.93587
035 10970 38.084503 38.058926 0.93495 0.93479
036 10935 37.979752 37.955702 0.93464 0.93459
037 10917 38.155896 38.123851 0.93642 0.93615
038 10922 38.034908 38.008819 0.93479 0.93456
039 10946 38.433367 38.378269 0.93902 0.93895
040 10841 38.186689 38.163875 0.93683 0.93675
041 10952 38.859363 38.727444 0.94433 0.94391
042 10905 38.602352 38.517857 0.94167 0.94048
043 10978 38.807747 38.639447 0.94358 0.94261
044 10958 38.341693 38.277495 0.93813 0.93789
045 10931 38.371241 38.302566 0.93924 0.93820
046 10972 38.098659 38.060066 0.93557 0.93531
047 10933 38.150805 38.112882 0.93620 0.93586
048 10898 38.048798 38.027752 0.93530 0.93512
049 10911 37.998537 37.972826 0.93450 0.93440
050 10981 38.154503 38.097466 0.93702 0.93615
