002 6995 35.560965 35.266170 0.90766 0.91070
003 6997 35.578369 35.295145 0.90837 0.91056
004 6983 35.625988 35.333731 0.90965 0.91068
005 6993 35.652394 35.371934 0.90814 0.91063
006 6998 35.647765 35.360719 0.90943 0.91101
007 6981 35.598990 35.332577 0.90776 0.91132
008 6941 35.605614 35.274997 0.91013 0.91085
009 6995 35.630868 35.386555 0.90824 0.91175
010 6984 35.615510 35.339583 0.91015 0.91121
011 6972 35.601753 35.307022 0.90765 0.91072
012 6995 35.602176 35.400748 0.91066 0.91180
013 6996 35.665473 35.319577 0.90872 0.91098
014 6987 35.622242 35.347775 0.90938 0.91142
015 6967 35.561345 35.259728 0.90820 0.91087
016 6969 35.581378 35.263576 0.90700 0.91004
017 6983 35.600147 35.357908 0.90810 0.91092
018 6975 35.566566 35.308624 0.90829 0.91013
019 6959 35.559344 35.286096 0.90717 0.91083
020 6993 35.597696 35.289429 0.90967 0.91074
021 6981 35.546456 35.293097 0.90732 0.91008
022 7000 35.513936 35.278457 0.90846 0.91002
023 6972 35.551704 35.254167 0.90624 0.90943
024 6965 35.546622 35.231290 0.90898 0.91073
025 6972 35.630904 35.348369 0.90968 0.91229
026 6989 35.354714 35.105939 0.90511 0.90711
027 6986 35.402152 35.138030 0.90570 0.90811
028 6983 35.364353 35.084772 0.90341 0.90740
029 6999 35.259776 35.005436 0.90519 0.90690
030 6989 35.507667 35.123954 0.90662 0.90904
031 6997 35.373032 35.070827 0.90574 0.90795
032 6995 35.628609 35.260287 0.90974 0.91062
033 6970 35.304072 35.103419 0.90435 0.90688
034 6964 35.330212 35.044182 0.90505 0.90801
035 6994 35.387113 35.149388 0.90418 0.90772
036 6963 35.274578 35.044373 0.90178 0.90585
037 7000 35.487472 35.214534 0.90623 0.90941
038 6968 35.324432 35.095333 0.90387 0.90650
039 6997 35.785160 35.462825 0.90954 0.91241
040 6976 35.513841 35.223778 0.90734 0.90935
041 6984 36.139766 35.910629 0.91692 0.91753
042 6999 36.003343 35.667302 0.91422 0.91460
043 6997 36.076594 35.820205 0.91374 0.91594
044 6957 35.621954 35.310995 0.90898 0.91011
045 6982 35.735810 35.409606 0.90925 0.91155
046 6991 35.442156 35.174723 0.90519 0.90719
047 6955 35.409857 35.190837 0.90458 0.90790
048 6994 35.338570 35.104159 0.90441 0.90645
049 6989 35.294290 35.085955 0.90319 0.90645
050 6974 35.428588 35.164270 0.90661 0.90829
