002 929 39.310400 10.449303 0.96245 0.46715
003 997 38.825825 10.589377 0.96004 0.47967
004 977 38.489965 10.471854 0.95845 0.46958
005 999 38.469970 10.609223 0.95839 0.48124
006 1000 38.345523 10.615837 0.95708 0.48169
007 940 38.360594 10.494554 0.95745 0.47108
008 935 38.357619 10.498393 0.95740 0.47137
009 950 38.365959 10.504178 0.95751 0.47181
010 999 38.337552 10.637359 0.95756 0.48324
011 949 38.336859 10.510539 0.95718 0.47228
012 925 38.165464 10.513377 0.95670 0.47288
013 995 38.190109 10.645939 0.95692 0.48417
014 947 38.179682 10.517561 0.95714 0.47316
015 953 37.967452 10.519359 0.95594 0.47396
016 970 37.682669 10.521909 0.95363 0.47358
017 984 37.375466 10.524184 0.95275 0.47343
018 955 37.415822 10.525644 0.95280 0.47393
019 980 37.069601 10.527773 0.95166 0.47386
020 988 36.688019 10.528985 0.95054 0.47400
021 934 36.410130 10.531627 0.95027 0.47402
022 961 36.142513 10.533011 0.94969 0.47417
023 958 36.267711 10.535270 0.95064 0.47424
024 917 36.702383 10.535589 0.94912 0.47431
025 947 37.029806 10.537280 0.95093 0.47571
026 924 36.479377 10.535191 0.94736 0.47173
027 1000 36.567418 10.683304 0.94708 0.48549
028 952 35.946447 10.539218 0.94411 0.47198
029 953 36.382589 10.538981 0.94563 0.47190
030 962 35.845013 10.545931 0.94340 0.47416
031 927 36.035898 10.544607 0.94475 0.47245
032 937 36.006007 10.551079 0.94395 0.47607
033 924 36.047937 10.546577 0.94318 0.47257
034 993 35.872369 10.548874 0.94361 0.47321
035 958 36.356429 10.548235 0.94402 0.47265
036 957 36.101698 10.550417 0.94276 0.47211
037 984 36.595681 10.553443 0.94577 0.47420
038 945 36.127321 10.553332 0.94339 0.47263
039 977 36.640574 10.560415 0.94704 0.47759
040 934 36.404142 10.559150 0.94542 0.47480
041 918 36.426620 10.433071 0.94721 0.47120
042 957 36.345604 10.546409 0.94653 0.47838
043 1000 36.308726 10.688689 0.94650 0.49275
044 992 35.964448 10.541954 0.94415 0.47502
045 991 35.827321 10.543050 0.94373 0.47574
046 906 35.504809 10.543254 0.94015 0.47307
047 997 35.986951 10.545597 0.94354 0.47371
048 975 35.734786 10.546635 0.94147 0.47268
049 898 35.601189 10.547958 0.94092 0.47278
050 984 35.665729 10.551977 0.94122 0.47404
