002 9997 37.663749 37.455681 0.93070 0.93476
003 9960 37.640788 37.402560 0.93085 0.93489
004 9950 37.695358 37.484832 0.93060 0.93547
005 9997 37.664002 37.515507 0.93074 0.93600
006 10000 37.703731 37.514440 0.93158 0.93512
007 9982 37.640031 37.488524 0.93075 0.93567
008 9986 37.700453 37.475784 0.93127 0.93524
009 9985 37.677079 37.432763 0.93088 0.93510
010 9994 37.695281 37.426485 0.93004 0.93476
011 9871 37.558077 37.372186 0.93004 0.93430
012 9993 37.687172 37.470302 0.93120 0.93493
013 9983 37.725093 37.502660 0.93200 0.93510
014 9984 37.721631 37.480494 0.93041 0.93493
015 9967 37.659577 37.461723 0.93081 0.93484
016 9995 37.709237 37.481386 0.93021 0.93450
017 9995 37.664183 37.460512 0.92938 0.93416
018 9970 37.699634 37.466667 0.93084 0.93475
019 10000 37.615576 37.452805 0.93010 0.93427
020 9996 37.701752 37.445858 0.93077 0.93483
021 9979 37.601594 37.406865 0.93015 0.93432
022 9989 37.698987 37.432724 0.93048 0.93459
023 9961 37.646022 37.429027 0.92954 0.93437
024 9991 37.652029 37.391559 0.93130 0.93394
025 9981 37.802368 37.547154 0.93052 0.93528
026 9997 37.449149 37.240765 0.92716 0.93170
027 9996 37.506897 37.243806 0.92598 0.93194
028 9981 37.427098 37.217358 0.92800 0.93177
029 9975 37.412487 37.154911 0.92600 0.93101
030 9993 37.569751 37.388666 0.92968 0.93423
031 9966 37.466515 37.197251 0.92723 0.93218
032 10000 37.744690 37.536389 0.93179 0.93516
033 9988 37.461048 37.219692 0.92666 0.93175
034 9986 37.468429 37.258643 0.92878 0.93264
035 9976 37.484424 37.216410 0.92604 0.93094
036 9986 37.306130 37.114275 0.92635 0.93100
037 9996 37.593974 37.336227 0.92783 0.93355
038 9997 37.414071 37.242452 0.92769 0.93126
039 9978 37.852515 37.628793 0.93147 0.93595
040 9964 37.581089 37.401192 0.92997 0.93407
041 9999 38.235535 38.077181 0.93699 0.94122
042 9994 38.042914 37.846089 0.93489 0.93762
043 9973 38.185988 37.980326 0.93594 0.94011
044 9961 37.699419 37.523246 0.93079 0.93496
045 9957 37.781348 37.564257 0.93061 0.93546
046 9992 37.461787 37.296860 0.92747 0.93235
047 9985 37.561644 37.343720 0.92879 0.93295
048 9970 37.384087 37.212267 0.92692 0.93180
049 9976 37.384777 37.137415 0.92656 0.93071
050 9978 37.517768 37.274975 0.92830 0.93257
