002 7510 36.006735 36.006735 0.91390 0.91390
003 7505 36.021278 36.021278 0.91386 0.91386
004 13000 39.326636 39.085474 0.94735 0.94911
005 12939 39.318847 39.064086 0.94691 0.94881
006 12957 39.361598 39.122260 0.94703 0.94893
007 7517 36.060904 36.060904 0.91457 0.91457
008 7497 36.089511 36.089511 0.91430 0.91430
009 13000 39.356717 39.095828 0.94788 0.94949
010 7518 36.056580 36.056580 0.91444 0.91444
011 7524 36.092147 36.092147 0.91409 0.91409
012 12969 39.346059 39.091470 0.94740 0.94896
013 7505 36.066571 36.066571 0.91420 0.91420
014 7499 36.084840 36.084840 0.91450 0.91450
015 12955 39.362902 39.097462 0.94691 0.94892
016 12928 39.290028 39.128992 0.94614 0.94864
017 7522 36.073675 36.073675 0.91415 0.91415
018 12991 39.352370 39.122513 0.94740 0.94885
019 12950 39.255836 39.119827 0.94631 0.94868
020 7522 36.068610 36.068610 0.91422 0.91422
021 12990 39.313155 39.053090 0.94696 0.94886
022 12937 39.297844 39.065024 0.94641 0.94855
023 12999 39.318183 39.074323 0.94654 0.94854
024 7527 36.024849 36.024849 0.91437 0.91437
025 12979 39.470442 39.228532 0.94758 0.94969
026 12985 39.077499 38.930834 0.94378 0.94660
027 7592 35.954948 35.954948 0.91202 0.91202
028 12964 39.144678 38.942853 0.94453 0.94643
029 7616 35.855655 35.855655 0.91086 0.91086
030 12939 39.266344 38.997844 0.94592 0.94785
031 7591 35.888003 35.888003 0.91151 0.91151
032 12971 39.450609 39.186186 0.94786 0.94998
033 7580 35.903208 35.903208 0.91058 0.91058
034 7579 35.867592 35.867592 0.91179 0.91179
035 7604 35.935210 35.935210 0.91131 0.91131
036 12975 39.017299 38.844315 0.94374 0.94588
037 12973 39.228391 39.015830 0.94558 0.94736
038 7617 35.934023 35.934023 0.91051 0.91051
039 7445 36.141340 36.141340 0.91533 0.91533
040 7517 36.016163 36.016163 0.91274 0.91274
041 12928 39.927511 39.640813 0.95244 0.95465
042 12971 39.670509 39.446727 0.94944 0.95212
043 12987 39.854069 39.570224 0.95229 0.95396
044 7491 36.108651 36.108651 0.91349 0.91349
045 7490 36.163811 36.163811 0.91469 0.91469
046 7588 35.960566 35.960566 0.91099 0.91099
047 12978 39.231768 38.983882 0.94627 0.94696
048 7573 35.856850 35.856850 0.90992 0.90992
049 12914 38.993656 38.789605 0.94391 0.94506
050 12930 39.166060 38.933073 0.94417 0.94688
