002 17968 41.387106 41.263646 0.96235 0.96392
003 17976 41.447177 41.307847 0.96276 0.96383
004 17926 41.434160 41.260020 0.96208 0.96365
005 17897 41.401911 41.277350 0.96244 0.96398
006 17925 41.449749 41.298925 0.96222 0.96403
007 17965 41.459830 41.308581 0.96289 0.96396
008 17847 41.407514 41.239757 0.96176 0.96371
009 17933 41.458173 41.292707 0.96238 0.96390
010 18000 41.450447 41.250073 0.96223 0.96364
011 17967 41.432981 41.282334 0.96237 0.96330
012 17945 41.464031 41.291821 0.96265 0.96397
013 17914 41.418876 41.271024 0.96241 0.96368
014 17992 41.471216 41.364033 0.96193 0.96375
015 17985 41.503248 41.331058 0.96297 0.96407
016 17991 41.440781 41.274106 0.96164 0.96341
017 17886 41.397418 41.245002 0.96222 0.96323
018 18000 41.481401 41.275578 0.96235 0.96374
019 17827 41.384915 41.238847 0.96185 0.96336
020 17911 41.431847 41.277729 0.96224 0.96360
021 17943 41.405478 41.272743 0.96190 0.96346
022 17942 41.431560 41.248247 0.96248 0.96354
023 17910 41.403945 41.235147 0.96177 0.96317
024 17983 41.431235 41.289729 0.96246 0.96357
025 17953 41.575413 41.375468 0.96284 0.96437
026 17962 41.192649 41.086985 0.95999 0.96188
027 17965 41.239721 41.095572 0.96084 0.96205
028 17804 41.182220 41.039273 0.95998 0.96112
029 17922 41.166985 41.046024 0.95997 0.96138
030 17938 41.374365 41.205958 0.96074 0.96298
031 17987 41.252356 41.141443 0.96026 0.96200
032 17951 41.567765 41.388812 0.96247 0.96412
033 17949 41.220078 41.096545 0.96055 0.96134
034 17923 41.254866 41.111667 0.96036 0.96204
035 17980 41.200588 41.007768 0.95951 0.96107
036 17974 41.162288 40.997807 0.96006 0.96115
037 17961 41.303633 41.143019 0.96079 0.96241
038 17999 41.158497 41.049808 0.96057 0.96121
039 17909 41.573992 41.425640 0.96257 0.96450
040 17927 41.329722 41.239006 0.96241 0.96318
041 17980 42.048022 41.840074 0.96591 0.96759
042 17893 41.730206 41.587945 0.96450 0.96555
043 17848 41.944088 41.681260 0.96528 0.96643
044 17990 41.427451 41.280677 0.96252 0.96367
045 17988 41.534482 41.334352 0.96231 0.96380
046 17968 41.259148 41.122689 0.96048 0.96197
047 17964 41.279706 41.126167 0.96126 0.96235
048 17987 41.216956 41.050825 0.95924 0.96136
049 17980 41.128978 41.024407 0.96050 0.96139
050 17839 41.275214 41.091686 0.96044 0.96167
