002 19910 42.149296 42.101581 0.96636 0.96747
003 19973 42.239078 42.142286 0.96624 0.96738
004 19938 42.227254 42.147968 0.96680 0.96727
005 19918 42.199723 42.133244 0.96656 0.96765
006 19987 42.262566 42.176355 0.96703 0.96782
007 19996 42.280179 42.206564 0.96671 0.96755
008 19968 42.207811 42.136442 0.96663 0.96739
009 19917 42.217852 42.151579 0.96664 0.96750
010 19966 42.203260 42.104386 0.96653 0.96730
011 19991 42.216983 42.139038 0.96682 0.96706
012 19967 42.273487 42.173324 0.96715 0.96763
013 19919 42.211445 42.119224 0.96668 0.96709
014 19999 42.266622 42.183160 0.96673 0.96726
015 19994 42.271332 42.196279 0.96715 0.96760
016 19979 42.199452 42.134994 0.96595 0.96699
017 19990 42.186944 42.119401 0.96600 0.96687
018 19975 42.249948 42.127226 0.96647 0.96724
019 19993 42.198848 42.164066 0.96701 0.96733
020 19927 42.220824 42.135243 0.96637 0.96740
021 19964 42.200977 42.131921 0.96653 0.96724
022 19956 42.227308 42.095633 0.96633 0.96727
023 19967 42.192406 42.116870 0.96642 0.96702
024 19994 42.235730 42.126153 0.96675 0.96714
025 19932 42.317984 42.222845 0.96669 0.96780
026 19999 41.993748 41.923880 0.96518 0.96583
027 19877 41.956912 41.877796 0.96439 0.96573
028 19944 41.963595 41.895619 0.96507 0.96577
029 19962 41.933752 41.874363 0.96397 0.96551
030 19979 42.135953 42.059874 0.96628 0.96706
031 19974 42.044392 41.947465 0.96477 0.96604
032 19962 42.337471 42.254166 0.96735 0.96779
033 19993 42.015407 41.932878 0.96493 0.96575
034 19973 42.082946 41.983860 0.96491 0.96620
035 19946 41.903783 41.824553 0.96419 0.96524
036 19947 41.873861 41.805593 0.96453 0.96502
037 19809 41.987654 41.909254 0.96500 0.96635
038 19869 41.899329 41.802851 0.96457 0.96530
039 19983 42.391323 42.307829 0.96759 0.96808
040 19926 42.164397 42.076454 0.96654 0.96696
041 19978 42.835912 42.776501 0.97055 0.97094
042 19919 42.555839 42.519390 0.96856 0.96910
043 19902 42.702150 42.653691 0.96990 0.97006
044 19987 42.275396 42.149590 0.96630 0.96742
045 19981 42.256056 42.168057 0.96719 0.96714
046 19942 42.029901 41.914048 0.96474 0.96578
047 19993 42.033016 41.968210 0.96565 0.96630
048 19987 41.980283 41.844518 0.96407 0.96509
049 19961 41.918120 41.836017 0.96481 0.96537
050 19959 42.079173 41.953579 0.96498 0.96613
