002 3898 34.436454 30.186159 0.90884 0.85634
003 4000 34.378713 30.528785 0.90773 0.86243
004 3931 34.313672 30.358489 0.90565 0.85950
005 3957 34.382259 30.398863 0.90831 0.86187
006 3933 34.356748 30.392999 0.90587 0.86020
007 3930 34.324306 30.350551 0.90605 0.85982
008 3935 34.384408 30.347519 0.90773 0.85929
009 3949 34.384022 30.381245 0.90647 0.86043
010 3950 34.428992 30.416178 0.90752 0.86113
011 3949 34.365723 30.356572 0.90786 0.85986
012 3929 34.341197 30.374304 0.90578 0.85986
013 3991 34.284560 30.414847 0.90637 0.86203
014 3932 34.356306 30.348690 0.90701 0.85913
015 3929 34.328400 30.259376 0.90785 0.85996
016 3956 34.344924 30.395832 0.90681 0.86094
017 3937 34.415530 30.264526 0.90687 0.85832
018 3934 34.286673 30.335389 0.90514 0.85935
019 3917 34.257005 30.196760 0.90534 0.85714
020 3962 34.269366 30.398064 0.90703 0.86147
021 3942 34.103463 30.345820 0.90673 0.86065
022 3926 34.020371 30.183655 0.90590 0.85729
023 3939 34.155632 30.341952 0.90539 0.85942
024 3984 34.136091 30.493001 0.90524 0.86261
025 3925 34.354125 30.299000 0.90867 0.86044
026 3957 34.144377 30.184863 0.90392 0.85512
027 3959 34.178034 30.252283 0.90323 0.85694
028 3986 34.161308 30.234717 0.90273 0.85651
029 3990 34.129176 30.207172 0.90221 0.85578
030 3957 34.115639 30.297095 0.90470 0.85826
031 3985 34.134363 30.237718 0.90421 0.85726
032 3942 34.170575 30.291459 0.90564 0.86008
033 3957 34.163459 30.249250 0.90343 0.85681
034 3961 34.145399 30.220268 0.90511 0.85683
035 3981 34.249385 30.400600 0.90252 0.85839
036 3977 34.175194 30.333803 0.90156 0.85717
037 3957 34.270125 30.298197 0.90388 0.85692
038 3996 34.199139 30.354999 0.90235 0.85779
039 3928 34.439933 30.424126 0.90795 0.86070
040 3944 34.277180 30.302846 0.90596 0.85799
041 3926 34.437768 30.524666 0.90997 0.86704
042 3932 34.402856 30.610212 0.90884 0.86542
043 4000 34.461190 30.934506 0.90846 0.87184
044 3969 34.138986 30.462114 0.90339 0.86123
045 3993 34.269207 30.503457 0.90553 0.86301
046 3908 34.079807 30.232816 0.90117 0.85498
047 3901 34.140162 30.246677 0.90107 0.85495
048 3935 34.001868 30.232948 0.89959 0.85529
049 3908 33.971534 30.172147 0.89876 0.85388
050 3925 34.068633 30.152901 0.90210 0.85615
