002 8955 36.950028 36.692257 0.92379 0.92872
003 8976 37.032887 36.738476 0.92405 0.92951
004 8887 36.941517 36.756676 0.92279 0.92908
005 8962 36.990623 36.766334 0.92338 0.92984
006 8997 37.039011 36.779774 0.92272 0.92930
007 8966 36.963401 36.759430 0.92465 0.92993
008 8928 36.988020 36.738819 0.92216 0.92962
009 8969 37.011320 36.731936 0.92508 0.92949
010 8967 36.940719 36.715091 0.92228 0.92919
011 8983 37.012246 36.782260 0.92403 0.92905
012 8995 36.979881 36.756128 0.92269 0.92958
013 8990 37.046711 36.788934 0.92488 0.92970
014 8995 36.981378 36.798201 0.92318 0.92958
015 8977 36.968009 36.742430 0.92424 0.92891
016 8987 36.970797 36.770143 0.92209 0.92912
017 8996 37.025275 36.772900 0.92442 0.92892
018 8950 36.935749 36.749672 0.92189 0.92920
019 8964 36.989821 36.762016 0.92477 0.92901
020 8959 37.005504 36.740664 0.92162 0.92934
021 8958 36.891112 36.694227 0.92335 0.92819
022 8966 36.988916 36.726326 0.92238 0.92921
023 8958 36.959441 36.727229 0.92331 0.92880
024 8974 36.964933 36.696441 0.92300 0.92906
025 8953 37.095017 36.850451 0.92548 0.93036
026 8941 36.764128 36.509793 0.91959 0.92526
027 8996 36.800987 36.578376 0.92120 0.92664
028 8956 36.778195 36.493633 0.91933 0.92543
029 8967 36.713913 36.456307 0.91933 0.92472
030 8982 36.899860 36.639401 0.92264 0.92808
031 8992 36.760448 36.530012 0.92069 0.92665
032 8984 37.045103 36.767021 0.92354 0.92943
033 8965 36.797231 36.524823 0.92071 0.92561
034 8970 36.771704 36.509435 0.91959 0.92655
035 8986 36.832145 36.572028 0.92016 0.92558
036 8986 36.695423 36.432711 0.91769 0.92472
037 8993 36.910242 36.642749 0.92177 0.92776
038 8991 36.800521 36.551714 0.91775 0.92524
039 8986 37.143227 36.889646 0.92565 0.93091
040 8981 36.901417 36.691113 0.92069 0.92817
041 8983 37.544869 37.280576 0.93085 0.93620
042 8957 37.292135 37.098487 0.92739 0.93321
043 8972 37.412765 37.203446 0.92915 0.93518
044 8964 36.980632 36.810441 0.92354 0.92902
045 8974 37.095122 36.881490 0.92503 0.93022
046 8964 36.764967 36.569045 0.91974 0.92574
047 8987 36.912890 36.674779 0.92146 0.92682
048 8966 36.688734 36.500601 0.91851 0.92485
049 8843 36.603779 36.382799 0.91991 0.92296
050 8976 36.862483 36.598998 0.92077 0.92609
