002 14993 40.451319 40.443337 0.95644 0.95643
003 14967 40.451584 40.426619 0.95588 0.95605
004 14955 40.438152 40.433237 0.95589 0.95610
005 14989 40.470560 40.458470 0.95593 0.95604
006 14986 40.486610 40.488762 0.95578 0.95593
007 14955 40.467327 40.440497 0.95579 0.95599
008 14983 40.484039 40.471596 0.95608 0.95614
009 14981 40.482581 40.484707 0.95623 0.95628
010 14984 40.448353 40.425492 0.95595 0.95575
011 14976 40.462422 40.412594 0.95573 0.95581
012 15000 40.478805 40.478805 0.95648 0.95648
013 14996 40.482508 40.482508 0.95639 0.95639
014 14987 40.498712 40.498260 0.95627 0.95628
015 14990 40.507383 40.477191 0.95628 0.95608
016 14980 40.456121 40.458947 0.95577 0.95584
017 15000 40.490350 40.495299 0.95618 0.95623
018 14972 40.437539 40.413222 0.95552 0.95562
019 14996 40.483899 40.471996 0.95597 0.95608
020 14976 40.525255 40.479722 0.95618 0.95597
021 14999 40.434360 40.412080 0.95551 0.95557
022 14962 40.454003 40.395530 0.95603 0.95582
023 14991 40.447516 40.442831 0.95546 0.95561
024 14997 40.471457 40.452827 0.95558 0.95543
025 14995 40.580337 40.570750 0.95690 0.95684
026 14978 40.246136 40.192115 0.95339 0.95372
027 14987 40.310300 40.223322 0.95439 0.95395
028 15000 40.313231 40.234929 0.95376 0.95369
029 14963 40.142334 40.098229 0.95265 0.95311
030 14982 40.395917 40.345076 0.95475 0.95474
031 14987 40.300289 40.207354 0.95342 0.95327
032 14990 40.574998 40.574998 0.95687 0.95687
033 14999 40.273530 40.229179 0.95279 0.95313
034 14975 40.276095 40.246107 0.95425 0.95406
035 14982 40.167989 40.145070 0.95254 0.95292
036 14952 40.154994 40.087802 0.95321 0.95300
037 14998 40.328251 40.297704 0.95416 0.95433
038 14938 40.167526 40.102934 0.95257 0.95324
039 14998 40.602656 40.588892 0.95699 0.95691
040 14971 40.413497 40.382554 0.95517 0.95542
041 14788 40.898289 40.877739 0.95976 0.95963
042 14858 40.713554 40.686252 0.95835 0.95814
043 14998 40.909498 40.853779 0.95977 0.95953
044 14977 40.464750 40.445348 0.95567 0.95567
045 14981 40.533967 40.537176 0.95653 0.95660
046 14982 40.314113 40.241508 0.95379 0.95373
047 14958 40.316369 40.275296 0.95403 0.95398
048 14976 40.213789 40.119533 0.95251 0.95281
049 14949 40.108324 40.087774 0.95217 0.95301
050 14990 40.326299 40.280817 0.95411 0.95418
