002 13923 39.844447 39.669340 0.95115 0.95329
003 13903 39.839600 39.679763 0.95151 0.95322
004 13998 39.880948 39.725376 0.95165 0.95370
005 13906 39.860027 39.636733 0.95160 0.95308
006 13995 39.972807 39.763051 0.95118 0.95346
007 13969 39.957114 39.702382 0.95216 0.95368
008 13981 39.881503 39.772091 0.95188 0.95362
009 13953 39.962235 39.717246 0.95184 0.95338
010 13948 39.831364 39.680399 0.95040 0.95297
011 13961 39.916947 39.672363 0.95136 0.95340
012 13981 39.960872 39.702002 0.95206 0.95353
013 13971 39.933780 39.735606 0.95144 0.95351
014 13955 39.914271 39.709371 0.95149 0.95322
015 13996 40.017861 39.737683 0.95144 0.95354
016 13968 39.911469 39.737846 0.95156 0.95332
017 13951 39.876001 39.729837 0.95045 0.95327
018 13940 39.887351 39.663190 0.95098 0.95297
019 13965 39.894267 39.726860 0.95119 0.95328
020 13968 39.982523 39.718983 0.95150 0.95324
021 13985 39.879341 39.665112 0.95168 0.95309
022 13963 39.939998 39.675842 0.95113 0.95317
023 13957 39.859133 39.671355 0.95114 0.95301
024 13935 39.880303 39.680772 0.95115 0.95257
025 13954 40.016082 39.851663 0.95229 0.95402
026 13932 39.658169 39.428026 0.94838 0.95101
027 13977 39.738348 39.502746 0.94975 0.95142
028 13974 39.723019 39.504428 0.94868 0.95105
029 13993 39.594867 39.431095 0.94933 0.95049
030 14000 39.868075 39.628792 0.95020 0.95229
031 13951 39.713073 39.460591 0.94863 0.95073
032 13944 40.032527 39.810758 0.95230 0.95403
033 13986 39.692538 39.497113 0.94850 0.95066
034 13970 39.694433 39.502683 0.95006 0.95159
035 13987 39.682383 39.467802 0.94792 0.95058
036 13975 39.629171 39.408215 0.94806 0.95045
037 13989 39.807596 39.592873 0.94938 0.95168
038 13977 39.611822 39.430604 0.94828 0.95073
039 13989 40.082149 39.901810 0.95218 0.95439
040 13976 39.915673 39.670932 0.95043 0.95273
041 13999 40.523238 40.350976 0.95613 0.95805
042 13962 40.285284 40.075458 0.95467 0.95617
043 13974 40.430080 40.242152 0.95592 0.95752
044 13997 39.934952 39.750045 0.95122 0.95334
045 13969 39.968899 39.803522 0.95155 0.95384
046 13943 39.703656 39.517335 0.94849 0.95089
047 13986 39.771488 39.573701 0.94930 0.95148
048 13966 39.634059 39.429013 0.94759 0.94993
049 13965 39.540011 39.396380 0.94803 0.95039
050 13931 39.740231 39.486366 0.94915 0.95151
