002 16893 41.018027 40.949159 0.96051 0.96095
003 16994 41.112994 41.002185 0.96064 0.96104
004 17000 41.102796 40.988714 0.95995 0.96086
005 16908 41.076131 40.994273 0.96027 0.96078
006 16954 41.087139 41.008296 0.96013 0.96093
007 16967 41.122428 41.004596 0.96075 0.96089
008 16977 41.096622 41.017484 0.96019 0.96106
009 16941 41.118799 40.997390 0.96041 0.96070
010 16999 41.078938 40.973755 0.95989 0.96075
011 16952 41.071246 41.007398 0.96029 0.96050
012 16984 41.113865 41.027594 0.96039 0.96132
013 16896 41.088165 40.972945 0.96006 0.96054
014 16954 41.103672 41.043577 0.96016 0.96084
015 16998 41.140178 41.042243 0.96019 0.96102
016 16988 41.063067 40.984806 0.95943 0.96034
017 16973 41.085408 40.988046 0.96052 0.96041
018 16986 41.094433 40.971613 0.96021 0.96048
019 16989 41.116950 41.010353 0.96003 0.96096
020 16906 41.104401 41.008248 0.96006 0.96033
021 16936 41.065650 40.971402 0.95986 0.96019
022 16957 41.056498 40.986313 0.96004 0.96048
023 16962 41.099183 40.984779 0.96017 0.96018
024 16970 41.073785 40.977816 0.95953 0.96025
025 16908 41.186646 41.073820 0.96047 0.96104
026 16998 40.866717 40.816339 0.95813 0.95893
027 16852 40.886355 40.794189 0.95811 0.95854
028 16981 40.909947 40.821366 0.95834 0.95856
029 16942 40.815375 40.783201 0.95751 0.95828
030 16928 41.031775 40.902816 0.95927 0.95942
031 16938 40.892438 40.835776 0.95779 0.95830
032 16957 41.202710 41.113816 0.96072 0.96126
033 16981 40.890663 40.823678 0.95743 0.95828
034 16899 40.930542 40.825524 0.95897 0.95901
035 16889 40.835091 40.707557 0.95693 0.95746
036 16919 40.807979 40.715886 0.95742 0.95775
037 16921 40.947800 40.874182 0.95878 0.95898
038 16978 40.862957 40.777855 0.95820 0.95810
039 16967 41.227455 41.120501 0.96049 0.96163
040 16800 41.004513 40.929559 0.95960 0.95970
041 16917 41.630232 41.475649 0.96367 0.96472
042 16987 41.394240 41.295064 0.96323 0.96322
043 16988 41.608793 41.412213 0.96370 0.96437
044 16972 41.107352 40.980179 0.96027 0.96046
045 16936 41.135354 41.036382 0.96018 0.96098
046 16894 40.912615 40.831147 0.95818 0.95863
047 16933 40.937557 40.841920 0.95877 0.95894
048 16960 40.848959 40.767044 0.95730 0.95783
049 16890 40.771300 40.730394 0.95752 0.95783
050 16939 40.965764 40.849824 0.95848 0.95896
