002 7173 47.961687 39.433103  
003 7922 47.852462 39.851101  
004 7909 47.787169 39.849058  
005 6069 43.046882 38.307393  
006 6043 44.022455 38.310334  
007 6039 43.843668 38.312863  
008 6027 43.671050 38.290308  
009 6035 43.026484 38.332976  
010 5995 42.760040 38.274654  
011 5981 42.062205 38.238956  
012 484 40.038430 12.786816  
013 5940 41.350573 38.176814  
014 6013 41.855814 38.297243  
015 5986 39.855155 38.233014  
016 482 39.479148 12.806819  
017 6134 41.660594 38.450998  
018 6162 41.344010 38.447301  
019 6221 41.057883 38.515289  
020 7811 45.497267 39.802444  
021 5644 41.167897 37.991930  
022 6120 43.681783 38.406696  
023 481 40.329075 12.803233  
024 486 39.590186 12.801571  
025 6144 41.870058 38.514371  
026 2688 41.575788 31.363754  
027 493 41.044357 12.800794  
028 6297 42.510460 38.343537  
029 498 40.592442 12.802425  
030 472 39.344981 12.803445  
031 481 39.326262 12.803942  
032 7867 43.068280 39.867491  
033 476 41.909071 12.802667  
034 481 40.570937 12.803845  
035 481 40.009413 12.802972  
036 6260 41.134356 38.174365  
037 2701 43.145952 31.437819  
038 494 41.456022 12.803996  
039 492 40.884994 12.809668  
040 473 40.148587 12.807570  
041 468 39.319814 10.086884  
042 7830 44.217967 40.126653  
043 494 42.813757 12.810224  
044 487 41.694322 12.805535  
045 484 40.954927 12.808947  
046 487 40.008262 12.806820  
047 481 39.875943 12.807803  
048 2762 40.957918 31.464472  
049 483 40.635556 12.807646  
050 474 39.766929 12.808740  
