002 6747 47.858402 38.862916  
003 6980 47.384716 39.171354  
004 6933 47.336325 39.174466  
005 6069 42.931935 38.307393  
006 6043 43.844990 38.310334  
007 6039 43.662693 38.312863  
008 6027 43.510539 38.290308  
009 6035 42.877111 38.332976  
010 5995 42.643425 38.274654  
011 5981 41.960705 38.238956  
012 484 39.967345 12.786816  
013 5940 41.252234 38.176814  
014 6013 41.762152 38.297243  
015 5986 39.798639 38.233014  
016 482 39.433212 12.806819  
017 6134 41.581566 38.450998  
018 6162 41.275864 38.447301  
019 6221 40.994466 38.515289  
020 6753 45.315881 38.980064  
021 5644 41.098710 37.991930  
022 6120 43.682211 38.406696  
023 481 40.329136 12.803233  
024 486 39.590492 12.801571  
025 6144 41.870168 38.514371  
026 2688 41.575352 31.363754  
027 493 41.044094 12.800794  
028 6297 42.510119 38.343537  
029 498 40.592334 12.802425  
030 472 39.344685 12.803445  
031 481 39.326103 12.803942  
032 6773 42.962522 39.039765  
033 476 41.857665 12.802667  
034 481 40.522830 12.803845  
035 481 39.975451 12.802972  
036 6260 41.135524 38.174365  
037 2701 43.148676 31.437819  
038 494 41.457220 12.803996  
039 492 40.886469 12.809668  
040 473 40.149732 12.807570  
041 468 39.320864 10.086884  
042 6962 43.891432 39.498314  
043 494 42.631636 12.810224  
044 487 41.560500 12.805535  
045 484 40.827335 12.808947  
046 487 39.892493 12.806820  
047 2712 41.710062 31.435087  
048 472 40.562974 12.807075  
049 483 40.193696 12.807646  
050 474 39.475744 12.808740  
