002 5922 47.579874 38.098664  
003 5948 41.908138 38.171805  
004 5999 43.405751 38.307138  
005 4752 42.308121 37.095314  
006 4779 43.109808 37.299304  
007 4777 42.929128 37.234664  
008 4777 42.830772 37.284426  
009 4539 42.256200 36.707026  
010 5995 42.071718 38.274654  
011 5981 41.435729 38.238956  
012 5995 41.093355 38.279918  
013 477 39.737732 12.791604  
014 4662 40.147230 37.055448  
015 4997 41.410249 37.725827  
016 482 38.542243 12.806819  
017 5046 39.911416 37.782468  
018 5026 39.593112 37.744546  
019 5132 39.461243 37.801458  
020 5100 39.334949 37.764528  
021 5628 44.115403 37.991930  
022 5616 40.650416 38.013670  
023 5005 42.993124 37.733251  
024 486 40.057621 12.801571  
025 493 39.551592 12.804318  
026 5091 40.904648 37.604432  
027 2732 42.039205 31.398411  
028 477 40.604952 12.800877  
029 5086 42.109396 37.615661  
030 472 39.766210 12.803445  
031 481 39.744011 12.803942  
032 5151 40.187994 37.815846  
033 2763 42.067516 31.634496  
034 481 40.708826 12.803845  
035 5066 41.994585 37.666346  
036 484 40.400555 12.803131  
037 482 40.026553 12.805382  
038 2820 41.320142 31.581318  
039 492 40.828257 12.809668  
040 473 39.938115 12.807570  
041 5862 41.538333 38.669600  
042 479 40.684852 12.808732  
043 2752 42.358665 31.863462  
044 487 41.459519 12.805535  
045 484 40.775256 12.808947  
046 487 39.717485 12.806820  
047 5039 41.256270 37.748341  
048 472 40.189830 12.807075  
049 2731 42.056085 31.350639  
050 474 40.931413 12.808740  
