002 1913 44.382949 28.856002  
003 1951 40.537368 28.927096  
004 1998 41.166601 29.028060  
005 1973 41.391950 28.954709  
006 1995 41.831288 29.035002  
007 1992 41.729720 29.027297  
008 1981 41.692971 29.029120  
009 1991 41.285793 29.021623  
010 1993 41.129615 29.029601  
011 1985 40.618781 28.964290  
012 1927 40.310731 28.936929  
013 477 39.217660 12.791604  
014 1889 39.499168 28.869058  
015 1964 40.152889 29.020720  
016 1949 39.444965 29.010507  
017 1936 39.064627 28.933065  
018 1929 38.839823 28.840382  
019 1952 38.711138 28.996246  
020 1947 38.600413 28.912983  
021 1826 40.437216 28.709009  
022 1944 42.494042 28.901833  
023 1759 39.704798 28.538939  
024 1945 41.244382 28.836285  
025 493 39.450629 12.804318  
026 1982 40.096470 28.972224  
027 1820 41.076041 28.517427  
028 477 39.904489 12.800877  
029 1991 41.056843 28.871896  
030 472 39.218692 12.803445  
031 481 39.174725 12.803942  
032 1927 39.533382 28.922045  
033 1834 41.057129 28.629175  
034 481 39.963549 12.803845  
035 1991 41.016792 28.965054  
036 484 39.731055 12.803131  
037 482 39.441883 12.805382  
038 1836 40.468441 28.594564  
039 492 40.184776 12.809668  
040 1967 41.098214 28.950626  
041 468 40.354659 10.086884  
042 479 39.733305 12.808732  
043 1790 41.033674 28.808333  
044 1986 41.777212 29.012656  
045 484 40.968951 12.808947  
046 487 39.951021 12.806820  
047 481 39.734239 12.807803  
048 472 38.998859 12.807075  
049 1831 40.380553 28.611169  
050 474 39.696480 12.808740  
