002 8554 48.235901 40.188180  
003 8556 47.970603 40.185895  
004 8468 47.884463 40.187334  
005 6069 43.058990 38.307393  
006 6043 44.020494 38.310334  
007 6039 43.831481 38.312863  
008 6027 43.666217 38.290308  
009 6035 43.015880 38.332976  
010 5995 42.756651 38.274654  
011 5981 42.065930 38.238956  
012 484 40.040674 12.786816  
013 5940 41.358389 38.176814  
014 6013 41.873849 38.297243  
015 5986 39.877010 38.233014  
016 482 39.499862 12.806819  
017 6134 41.691669 38.450998  
018 6162 41.377323 38.447301  
019 6221 41.084212 38.515289  
020 8890 45.609151 40.403526  
021 5644 41.193130 37.991930  
022 6120 43.681783 38.406696  
023 481 40.329075 12.803233  
024 486 39.590186 12.801571  
025 6144 41.870058 38.514371  
026 2688 41.575788 31.363754  
027 493 41.044357 12.800794  
028 6297 42.510460 38.343537  
029 498 40.592442 12.802425  
030 472 39.344981 12.803445  
031 481 39.326262 12.803942  
032 8929 43.133893 40.460959  
033 476 41.930687 12.802667  
034 481 40.594598 12.803845  
035 481 40.030877 12.802972  
036 6260 41.134356 38.174365  
037 2701 43.145952 31.437819  
038 494 41.456022 12.803996  
039 492 40.884994 12.809668  
040 473 40.148587 12.807570  
041 468 39.319814 10.086884  
042 8716 44.298149 40.638011  
043 494 42.839248 12.810224  
044 487 41.724772 12.805535  
045 484 40.982103 12.808947  
046 487 40.034127 12.806820  
047 481 39.896728 12.807803  
048 2762 40.957918 31.464472  
049 483 40.635556 12.807646  
050 474 39.766929 12.808740  
