002 824 43.737328 25.675665  
003 994 39.988487 25.965297  
004 981 40.552387 25.992559  
005 986 40.698604 25.927064  
006 988 41.044677 25.975082  
007 979 40.977210 25.948518  
008 980 40.904491 26.001183  
009 962 40.584151 25.965354  
010 978 40.429067 25.973566  
011 992 40.051491 25.923172  
012 989 39.776787 26.023232  
013 932 39.652763 25.926995  
014 993 39.117462 26.030668  
015 997 38.963792 26.011350  
016 997 38.428048 26.031489  
017 976 38.154450 25.972129  
018 927 37.928322 25.769346  
019 991 37.881775 26.018541  
020 988 37.792551 25.958048  
021 979 37.634702 25.945165  
022 954 39.222119 25.901302  
023 990 40.635592 25.956410  
024 997 38.629409 25.898755  
025 966 39.624008 25.920892  
026 493 38.032262 12.802296  
027 981 38.792185 25.910740  
028 979 39.238037 25.856548  
029 1000 39.778336 25.960124  
030 472 38.450265 12.803445  
031 481 38.310719 12.803942  
032 981 38.527019 26.019871  
033 991 39.492913 25.967092  
034 481 38.731409 12.803845  
035 986 39.342742 25.935728  
036 484 38.530659 12.803131  
037 482 38.352205 12.805382  
038 993 39.022393 25.921338  
039 933 40.032106 25.764317  
040 473 39.118254 12.807570  
041 468 39.025163 10.086884  
042 909 38.986796 25.753645  
043 964 39.160518 25.884229  
044 487 38.593147 12.805535  
045 484 38.407213 12.808947  
046 487 37.836036 12.806820  
047 945 39.189688 25.929843  
048 995 39.662570 25.967075  
049 483 39.313021 12.807646  
050 474 38.734624 12.808740  
