002 4864 46.955831 37.346963  
003 4505 40.819599 36.599842  
004 4392 41.468737 36.501557  
005 4752 41.758270 37.095314  
006 4779 42.257665 37.299304  
007 4777 42.109268 37.234664  
008 4777 42.057665 37.284426  
009 4539 41.619900 36.707026  
010 4527 41.446955 36.723354  
011 4500 40.903130 36.657479  
012 484 39.320224 12.786816  
013 4507 40.368830 36.742617  
014 4933 40.753114 37.625848  
015 475 38.201377 12.803134  
016 4693 38.931227 37.023036  
017 4619 38.472720 36.898785  
018 4563 38.244389 36.767502  
019 4677 38.155851 37.033976  
020 4624 38.115898 36.901081  
021 4786 43.440858 37.290011  
022 4155 40.340151 35.859173  
023 4633 42.831613 36.900337  
024 486 39.974575 12.801571  
025 493 39.484500 12.804318  
026 4678 40.791186 36.827983  
027 2732 41.896496 31.398411  
028 477 40.506922 12.800877  
029 4726 42.006307 36.804195  
030 472 39.707913 12.803445  
031 481 39.681179 12.803942  
032 471 38.731733 12.806885  
033 4784 42.283738 37.102432  
034 481 40.638347 12.803845  
035 481 40.091802 12.802972  
036 484 39.360950 12.803131  
037 4970 40.997315 37.658013  
038 2820 42.249442 31.581318  
039 492 41.564100 12.809668  
040 473 40.545223 12.807570  
041 468 39.848278 10.086884  
042 4985 41.017716 37.894652  
043 494 40.289980 12.810224  
044 2731 42.317494 31.559126  
045 484 41.586986 12.808947  
046 487 40.404158 12.806820  
047 481 40.140367 12.807803  
048 472 39.294303 12.807075  
049 483 39.123731 12.807646  
050 4877 41.721192 37.268036  
