002 3978 46.104148 34.606351  
003 3198 40.738865 32.375804  
004 3994 41.452817 35.481654  
005 3304 41.634931 32.621834  
006 3274 42.126357 32.650374  
007 3304 41.988697 32.661804  
008 3295 41.930933 32.786349  
009 3267 41.505972 32.637634  
010 3264 41.326389 32.669983  
011 3210 40.813496 32.426960  
012 3186 40.488369 32.510209  
013 477 39.330387 12.791604  
014 3142 39.650985 32.392655  
015 3743 40.707371 34.101663  
016 3675 39.895156 33.884446  
017 3705 39.486156 33.956324  
018 3795 39.227735 34.103242  
019 3631 39.065034 33.803588  
020 3665 38.993507 33.799709  
021 3903 42.219623 34.415539  
022 3691 39.740858 33.873306  
023 3675 42.731481 33.800622  
024 486 39.955484 12.801571  
025 493 39.461533 12.804318  
026 3695 40.737790 33.746659  
027 2732 41.840280 31.398411  
028 477 40.465684 12.800877  
029 3756 41.884196 33.910210  
030 472 39.658150 12.803445  
031 481 39.621845 12.803942  
032 471 38.683393 12.806885  
033 3943 41.268270 34.556695  
034 481 40.056854 12.803845  
035 481 39.586941 12.802972  
036 484 38.895362 12.803131  
037 3666 40.925642 33.776721  
038 2820 42.154344 31.581318  
039 492 41.501210 12.809668  
040 473 40.494685 12.807570  
041 468 39.821071 10.086884  
042 479 39.387142 12.808732  
043 3814 40.565681 34.578710  
044 2731 42.692370 31.559126  
045 484 41.856591 12.808947  
046 487 40.545001 12.806820  
047 481 40.307465 12.807803  
048 472 39.360928 12.807075  
049 483 39.163339 12.807646  
050 2831 40.176641 31.673491  
