002 2924 45.323721 31.857735  
003 2802 40.699080 31.648801  
004 2916 41.341199 31.968444  
005 2929 41.613438 31.875704  
006 2938 42.068160 31.987341  
007 2907 41.935868 31.885735  
008 2993 41.890385 32.025584  
009 2904 41.469813 31.878658  
010 2942 41.304643 32.009650  
011 2842 40.773103 31.812054  
012 2804 40.450453 31.807775  
013 477 39.296629 12.791604  
014 2810 39.642385 31.821866  
015 2880 40.546862 31.878703  
016 2952 39.787962 31.986360  
017 2945 39.379150 31.966406  
018 2989 39.148410 31.971605  
019 2823 38.994241 31.821329  
020 2844 38.909536 31.822800  
021 2898 40.950609 31.833395  
022 2956 40.223208 31.929827  
023 2841 42.471624 31.785627  
024 486 39.852534 12.801571  
025 2850 41.490849 31.813039  
026 493 39.272324 12.802296  
027 2732 40.911946 31.398411  
028 2900 42.318593 31.674372  
029 498 40.512153 12.802425  
030 472 39.207465 12.803445  
031 481 39.114806 12.803942  
032 2875 39.941992 31.903180  
033 2763 41.691305 31.634496  
034 481 40.436560 12.803845  
035 2903 41.579594 31.771569  
036 484 40.135586 12.803131  
037 482 39.802666 12.805382  
038 2820 40.999768 31.581318  
039 492 40.597213 12.809668  
040 473 39.722687 12.807570  
041 2743 41.224991 31.919782  
042 479 40.463064 12.808732  
043 2752 42.067512 31.863462  
044 487 41.137315 12.805535  
045 484 40.501039 12.808947  
046 2863 41.016222 31.753754  
047 481 40.653290 12.807803  
048 472 39.755743 12.807075  
049 2731 41.440596 31.350639  
050 474 40.550513 12.808740  
