002 1962 38.715120 13.691755 0.97200 0.65149
003 1975 40.497413 13.718924 0.96760 0.65293
004 1993 39.459017 13.752963 0.96650 0.65458
005 1998 38.390050 13.786512 0.96527 0.65563
006 1996 39.367748 13.825969 0.95958 0.65746
007 1998 39.417083 13.864336 0.96023 0.65920
008 1988 39.288205 13.893766 0.95965 0.66057
009 1972 39.191561 13.902878 0.95915 0.66140
010 1987 39.187191 13.902989 0.95915 0.66107
011 1971 39.163374 13.899240 0.95873 0.66052
012 1999 39.098530 13.895267 0.95911 0.66073
013 1976 39.091193 13.892876 0.95899 0.66069
014 1982 39.063582 13.889310 0.95935 0.66002
015 1965 38.779184 13.887137 0.95804 0.66065
016 1997 38.472450 13.886877 0.95810 0.65980
017 1990 38.088183 13.549823 0.95718 0.64480
018 1997 37.879779 13.883795 0.95750 0.65986
019 1987 37.554071 13.884104 0.94865 0.65976
020 1996 37.650437 13.885374 0.95069 0.65967
021 1978 37.266528 13.887016 0.94792 0.65962
022 1995 36.503202 13.887484 0.94051 0.65940
023 1961 36.308865 13.555055 0.94048 0.64468
024 1967 35.904618 13.888570 0.93938 0.65911
025 1984 36.635657 13.894372 0.94744 0.66118
026 1961 36.414457 13.889182 0.94061 0.65526
027 1996 36.299623 13.891959 0.94037 0.65641
028 1952 35.719180 13.560440 0.93777 0.63954
029 1973 36.324323 13.895081 0.94261 0.65519
030 1978 36.079498 13.904199 0.93964 0.65795
031 1967 36.005624 13.904664 0.93883 0.65595
032 1992 35.517148 13.916648 0.93747 0.66091
033 1972 36.464515 13.909457 0.94254 0.65605
034 1972 36.203771 13.580000 0.93958 0.64196
035 1964 36.125434 13.916462 0.93806 0.65538
036 1956 35.598466 13.919456 0.93576 0.65523
037 1974 36.860365 13.929223 0.94521 0.65794
038 1962 36.287222 13.928955 0.93927 0.65575
039 1999 35.857572 13.944868 0.93381 0.66304
040 1957 35.447555 13.941902 0.93024 0.65933
041 1957 36.887803 13.627979 0.94296 0.65610
042 1991 36.515351 13.942912 0.93799 0.66683
043 1979 35.845003 13.945077 0.93163 0.66903
044 1961 35.552131 13.598957 0.92695 0.64605
045 1929 36.645328 13.601725 0.93441 0.64588
046 1961 35.689884 13.936237 0.92608 0.65756
047 1950 35.587981 13.939638 0.92507 0.65875
048 1979 35.986437 13.939323 0.92875 0.65685
049 1956 35.652008 13.940574 0.92482 0.65703
050 1955 35.336547 13.946714 0.92412 0.65905
051 1994 35.999088 13.945164 0.92987 0.65986
