002 995 43.055351 10.576076 0.97727 0.47825
003 989 42.540145 10.589377 0.97658 0.47967
004 975 41.499977 10.471854 0.97386 0.46958
005 992 41.548362 10.609223 0.97372 0.48124
006 981 41.339343 10.487532 0.97279 0.47049
007 943 41.292231 10.494554 0.97271 0.47108
008 942 41.137501 10.498393 0.97222 0.47137
009 948 41.064664 10.504178 0.97227 0.47181
010 913 40.960961 10.507994 0.97197 0.47198
011 929 40.952643 10.510539 0.97193 0.47228
012 909 40.739747 10.513377 0.97138 0.47288
013 930 40.825301 10.515951 0.97167 0.47296
014 923 40.687863 10.517561 0.97183 0.47316
015 978 39.584321 10.519359 0.96699 0.47396
016 977 39.478965 10.521909 0.96761 0.47358
017 989 39.435250 10.524184 0.96790 0.47343
018 984 38.613526 10.525644 0.96313 0.47393
019 991 37.998788 10.658805 0.95864 0.48520
020 987 37.751680 10.528985 0.95811 0.47400
021 978 36.848699 10.531627 0.95288 0.47402
022 990 36.635487 10.533011 0.95240 0.47417
023 966 36.851204 10.535270 0.95329 0.47424
024 952 37.050953 10.535589 0.95398 0.47431
025 996 37.372845 10.680674 0.95429 0.48818
026 970 36.553697 10.535191 0.95032 0.47173
027 987 36.925220 10.537148 0.95186 0.47254
028 979 36.561116 10.539218 0.94998 0.47198
029 957 36.383693 10.538981 0.94963 0.47190
030 999 36.105928 10.545931 0.94749 0.47416
031 974 36.599229 10.544607 0.95027 0.47245
032 992 36.091126 10.551079 0.94804 0.47607
033 963 36.261174 10.546577 0.94782 0.47257
034 987 36.045376 10.548874 0.94751 0.47321
035 922 36.700418 10.548235 0.95116 0.47265
036 920 36.322887 10.550417 0.94776 0.47211
037 948 36.350205 10.553443 0.94913 0.47420
038 990 36.074118 10.553332 0.94726 0.47263
039 955 36.431175 10.560415 0.95032 0.47759
040 976 36.301568 10.559150 0.94893 0.47480
041 948 36.653602 10.570278 0.95274 0.48292
042 967 36.729133 10.546409 0.95197 0.47838
043 957 36.432601 10.545398 0.94985 0.48016
044 965 35.620247 10.541954 0.94328 0.47502
045 920 35.831002 10.543050 0.94514 0.47574
046 945 35.326029 10.543254 0.94150 0.47307
047 1000 35.724241 10.545597 0.94362 0.47371
048 980 35.133129 10.546635 0.94019 0.47268
049 945 35.585754 10.547958 0.94237 0.47278
050 966 35.262068 10.551977 0.94039 0.47404
051 948 35.262477 10.551717 0.94072 0.47386
