002 3787 44.146508 29.791707 0.98234 0.85088
003 3561 43.231397 29.433651 0.98113 0.84337
004 3733 43.571021 29.696778 0.98088 0.84875
005 3861 43.767227 30.133775 0.98106 0.85751
006 3890 43.495548 30.338028 0.98059 0.85862
007 3266 43.041239 28.720193 0.97979 0.83176
008 3758 43.296048 29.756607 0.97995 0.85069
009 3289 42.804773 28.735116 0.97963 0.83225
010 3330 43.055274 28.829334 0.97935 0.83469
011 2649 42.258469 17.874526 0.97818 0.75445
012 3310 42.660404 28.736823 0.97900 0.83264
013 3279 42.682109 28.701212 0.97904 0.83248
014 2623 41.696076 17.873377 0.97777 0.75413
015 3660 42.351401 29.511686 0.97860 0.84775
016 3974 42.015217 30.434043 0.97833 0.86218
017 3512 41.331796 29.068049 0.97738 0.83931
018 3883 41.375096 30.189839 0.97691 0.85663
019 3938 41.388064 30.300868 0.97649 0.85809
020 3971 40.468072 30.414572 0.97459 0.86240
021 3936 40.173009 30.345820 0.97446 0.86065
022 3955 39.768447 30.320104 0.97396 0.85943
023 3959 40.024529 30.378457 0.97193 0.86040
024 3961 40.390187 30.354332 0.97270 0.86023
025 3991 40.350475 30.486566 0.97154 0.86450
026 3949 39.938605 30.184863 0.96509 0.85512
027 3969 40.175922 30.252283 0.96836 0.85694
028 3976 40.573292 30.234717 0.96972 0.85651
029 3457 40.035895 28.860060 0.96899 0.83316
030 3938 39.858502 30.190380 0.96528 0.85728
031 3689 39.951317 29.367216 0.96768 0.84300
032 3912 40.192746 30.172622 0.96774 0.85864
033 2722 39.763545 21.261823 0.96618 0.78218
034 3834 40.218913 29.737448 0.96774 0.85078
035 3960 40.479048 30.232743 0.96758 0.85547
036 3999 40.712414 30.361491 0.96890 0.85770
037 2703 40.361807 21.274684 0.96843 0.78221
038 3809 40.882624 29.889606 0.96957 0.84930
039 2665 40.149787 19.316883 0.96907 0.77475
040 3979 41.053969 30.348896 0.97065 0.85981
041 3960 39.919907 30.654155 0.97011 0.86880
042 3995 41.005376 30.701945 0.97176 0.86857
043 2145 40.114140 14.599241 0.96976 0.69260
044 3925 41.105452 30.407184 0.97164 0.85956
045 2054 40.416259 14.299882 0.97038 0.67691
046 3949 40.918969 30.311588 0.97075 0.85809
