002 4379 44.188704 32.233719 0.98254 0.87333
003 4260 43.269350 31.967035 0.98144 0.87177
004 4605 43.696336 32.765768 0.98163 0.87657
005 4609 43.864786 32.787818 0.98163 0.87871
006 4685 43.599559 32.936763 0.98119 0.87754
007 4792 43.146770 33.133908 0.98049 0.87865
008 4595 43.418163 32.768083 0.98085 0.87857
009 4813 42.924539 33.156033 0.98040 0.87892
010 4698 43.188016 33.012104 0.98022 0.87915
011 2649 42.347201 17.874526 0.97878 0.75445
012 4677 42.774606 32.941360 0.97982 0.87740
013 2628 41.953451 17.875114 0.97832 0.75475
014 4666 42.599255 32.902771 0.98006 0.87850
015 4259 41.739038 31.598956 0.97875 0.87411
016 4861 42.151079 33.232133 0.97952 0.88000
017 4302 41.398250 32.042784 0.97811 0.87406
018 4776 41.501067 33.046503 0.97849 0.87778
019 4682 41.504601 32.878554 0.97777 0.87756
020 4888 40.633817 33.279420 0.97622 0.88018
021 4633 40.065880 32.823607 0.97626 0.87794
022 4941 39.576086 33.288698 0.97563 0.88050
023 4973 40.065394 33.453657 0.97487 0.88064
024 4934 40.170804 33.333063 0.97473 0.88003
025 4885 41.128161 33.351068 0.97453 0.88256
026 4947 40.192354 33.146786 0.96946 0.87717
027 4822 41.407183 32.985924 0.97300 0.87573
028 4785 40.384192 32.906303 0.97166 0.87495
029 4650 41.110299 32.600824 0.97163 0.87304
030 4938 39.709894 33.235333 0.96844 0.88067
031 4621 40.913875 32.588723 0.97103 0.87473
032 4545 39.945464 32.697228 0.96917 0.87882
033 4594 40.670591 32.558207 0.97007 0.87396
034 4758 39.853607 32.859702 0.96862 0.87745
035 4710 40.790393 32.793341 0.97067 0.87350
036 4796 39.993840 32.847813 0.96885 0.87341
037 4645 41.151831 32.730192 0.97189 0.87463
038 4808 40.682746 32.898383 0.97080 0.87419
039 1790 40.043931 13.063521 0.97075 0.62888
040 4723 40.765540 32.917186 0.97136 0.87801
041 4973 40.629179 33.985230 0.97187 0.89172
042 4659 40.917076 33.280714 0.97171 0.88449
043 1753 40.467679 13.058392 0.97157 0.63452
044 2690 40.479169 21.285031 0.97048 0.78619
045 3864 40.796911 30.192815 0.97220 0.85720
046 2704 40.013623 21.258104 0.96926 0.78231
047 1826 40.328098 13.390095 0.97066 0.63621
048 4802 39.960409 32.894208 0.96961 0.87483
049 1842 39.945507 13.391677 0.96954 0.63448
050 4962 40.343388 33.236546 0.96939 0.87922
051 1848 40.595226 13.395979 0.96992 0.63733
