002 2941 44.016334 27.735717 0.98148 0.81224
003 2908 43.169858 27.739137 0.98073 0.81247
004 2992 43.409754 28.166216 0.97984 0.81823
005 2862 43.555035 27.589842 0.97982 0.81154
006 2868 43.248104 27.755891 0.97924 0.81317
007 2791 42.923825 27.452171 0.97898 0.80725
008 2839 43.084619 27.592502 0.97876 0.81088
009 2747 42.696464 21.284756 0.97875 0.78600
010 2976 42.984674 28.017286 0.97894 0.81835
011 2649 42.225657 17.874526 0.97804 0.75445
012 2986 42.593297 28.170559 0.97859 0.81919
013 2902 42.604935 27.770990 0.97857 0.81475
014 2623 41.655667 17.873377 0.97750 0.75413
015 2917 42.170206 27.755825 0.97746 0.81492
016 2969 41.846613 27.976146 0.97709 0.81746
017 2882 41.237806 27.567710 0.97656 0.80985
018 2985 41.196556 28.141234 0.97558 0.81824
019 2978 41.213088 27.953306 0.97504 0.81633
020 2994 40.212168 27.964200 0.97277 0.81731
021 2931 39.887621 27.727273 0.97240 0.81415
022 2992 39.721954 27.944885 0.97181 0.81707
023 2975 39.368806 27.952683 0.96837 0.81665
024 2984 39.824745 28.281393 0.97001 0.81999
025 2993 40.121723 27.991128 0.96917 0.81911
026 2972 38.721205 27.806524 0.95861 0.81206
027 2942 39.463568 27.819190 0.96168 0.81176
028 2981 39.391677 27.811813 0.96268 0.81095
029 2964 39.828040 27.785376 0.96461 0.81032
030 2991 37.773396 27.902995 0.95192 0.81496
031 2930 37.941071 27.619583 0.95253 0.80974
032 2963 37.264336 27.797919 0.94892 0.81512
033 2976 36.621499 27.840871 0.94387 0.81277
034 3000 36.275454 27.843037 0.94119 0.81373
035 2959 36.122696 27.981656 0.93768 0.81246
036 2997 35.549765 28.000149 0.93230 0.81284
037 2967 35.092056 27.878284 0.92759 0.81272
038 2991 35.002036 28.013582 0.92636 0.81319
039 2960 35.302034 27.830005 0.93019 0.81622
040 2954 35.100245 27.702571 0.92827 0.81204
041 2976 35.623289 27.941826 0.93595 0.82332
042 2980 35.537196 28.185170 0.93338 0.82397
043 2958 35.595246 28.261327 0.93451 0.82472
044 2955 35.183386 27.987706 0.93020 0.81658
045 2990 35.311390 28.034495 0.93106 0.81788
046 2934 34.997082 27.858123 0.92629 0.81265
047 2947 35.113417 27.860376 0.92761 0.81256
048 2956 34.927947 27.795396 0.92579 0.80971
049 2980 34.933383 27.995193 0.92611 0.81267
050 2901 34.841247 27.501605 0.92464 0.80719
051 2997 35.059862 27.854297 0.92741 0.81284
