002 1929 43.762559 13.691755 0.98014 0.65149
003 1868 42.965365 13.391941 0.97935 0.63698
004 1985 42.919331 13.752963 0.97790 0.65458
005 1980 43.073686 13.786512 0.97796 0.65563
006 1962 42.776460 13.825969 0.97738 0.65746
007 1894 42.709831 13.527464 0.97703 0.64324
008 1911 42.585247 13.554503 0.97678 0.64456
009 1913 42.337741 13.563399 0.97689 0.64543
010 1986 42.598919 13.902989 0.97710 0.66107
011 1909 41.997259 13.560767 0.97669 0.64458
012 1944 42.194919 13.557082 0.97649 0.64485
013 1927 42.177522 13.555247 0.97628 0.64489
014 1914 41.315102 13.552163 0.97569 0.64410
015 1973 41.564414 13.887137 0.97456 0.66065
016 1985 41.236830 13.886877 0.97409 0.65980
017 1981 41.063914 13.549823 0.97382 0.64480
018 1987 40.504971 13.883795 0.97162 0.65986
019 1962 40.347548 13.548532 0.96942 0.64393
020 1990 39.070768 13.885374 0.96499 0.65967
021 1980 38.614351 13.887016 0.96467 0.65962
022 1958 37.265456 13.887484 0.95708 0.65940
023 1986 36.108097 13.890149 0.94745 0.66053
024 1967 36.054141 13.888570 0.94614 0.65911
025 1988 36.155672 13.894372 0.94514 0.66118
026 1994 35.478813 13.889182 0.93901 0.65526
027 1987 35.483736 13.891959 0.93777 0.65641
028 1981 35.227212 13.894268 0.93495 0.65523
029 1970 35.247247 13.895081 0.93535 0.65519
030 1996 34.912102 13.904199 0.93329 0.65795
031 1994 35.172219 13.904664 0.93509 0.65595
032 1948 35.123852 13.581723 0.93411 0.64516
033 1957 35.195130 13.909457 0.93307 0.65605
034 1976 35.130938 13.580000 0.93424 0.64196
035 1992 35.284824 13.916462 0.93302 0.65538
036 1969 34.801331 13.919456 0.92878 0.65523
037 1952 34.990656 13.594157 0.93148 0.64228
038 1998 34.966931 13.928955 0.93013 0.65575
039 1934 35.206190 13.608802 0.93340 0.64729
040 1964 35.071992 13.941902 0.93224 0.65933
041 1961 35.498252 13.627979 0.93756 0.65610
042 1953 35.387692 13.605034 0.93472 0.65088
043 1941 35.407325 13.606804 0.93494 0.65320
044 1987 35.228768 13.937112 0.93255 0.66188
045 1955 35.145203 13.940372 0.93170 0.66172
046 1966 34.970044 13.936237 0.92863 0.65756
047 2000 35.133166 13.939638 0.93031 0.65875
048 1986 34.787174 13.939323 0.92780 0.65685
049 1987 34.783275 13.940574 0.92783 0.65703
050 1981 34.704799 13.946714 0.92764 0.65905
051 1967 34.885711 13.607621 0.92945 0.64417
