006 10957 30.096167 12.427457 0.97445 0.50680
007 10999 29.138693 12.449967 0.95659 0.50771
008 10969 27.762866 12.453273 0.93579 0.50798
009 10987 26.928844 12.436522 0.91790 0.50645
010 10991 26.312841 12.456782 0.90175 0.50766
011 10980 26.093052 12.477707 0.88833 0.50997
012 10983 26.042838 12.460263 0.88365 0.50730
013 10998 25.896990 12.469426 0.87472 0.50899
014 10975 25.766849 12.472575 0.86907 0.50794
015 10988 25.805099 12.487315 0.86695 0.50897
016 10978 25.660300 12.472592 0.86035 0.50611
017 10977 25.459282 12.476027 0.85746 0.50734
018 10964 25.443345 12.481124 0.85213 0.50737
019 10975 25.357241 12.499197 0.84788 0.50897
020 10992 25.354367 12.486790 0.84911 0.50671
021 10957 25.217526 12.491522 0.84421 0.50736
022 10987 25.175442 12.502215 0.84268 0.50785
023 10985 25.068868 12.497013 0.83782 0.50711
024 10982 24.960677 12.516966 0.83697 0.50934
025 10993 24.923421 12.507960 0.83425 0.50677
026 10975 24.800840 12.527053 0.83386 0.50812
027 10992 24.691583 12.542324 0.82991 0.50941
028 10966 24.620741 12.528811 0.82775 0.50774
029 10996 24.679891 12.538958 0.82364 0.50830
030 10974 24.677122 12.566549 0.82468 0.50981
031 10987 24.766815 12.561071 0.82831 0.50959
032 10984 24.743233 12.571352 0.82529 0.50901
033 11000 24.669361 12.576200 0.82096 0.51028
034 10985 24.758294 12.568292 0.82483 0.50741
035 10998 24.705776 12.582527 0.82159 0.50862
036 10995 24.758821 12.583972 0.82547 0.50888
037 10995 24.475427 12.591042 0.81794 0.50884
038 10980 24.392169 12.580650 0.81186 0.50716
039 10983 24.338495 12.609358 0.80865 0.50960
040 10995 24.266882 12.606079 0.81002 0.50884
041 10959 24.385268 12.612526 0.80538 0.50958
042 10991 24.283077 12.639419 0.80753 0.51112
043 11000 24.109858 12.632223 0.80143 0.51051
044 10991 24.153808 12.615316 0.80196 0.50865
045 10988 24.113830 12.647570 0.80886 0.51016
