006 20990 25.143251 17.823320 0.87528 0.83190
007 20529 23.481269 17.303449 0.80628 0.81920
008 20637 24.224722 17.299876 0.83216 0.81810
009 20946 24.151148 17.807886 0.82438 0.83123
010 20567 24.449182 17.294063 0.82090 0.81704
011 20719 23.451885 17.304244 0.80515 0.81969
012 20688 23.739203 17.298776 0.80721 0.81731
013 20900 24.366092 17.813711 0.84642 0.82998
014 20629 25.092264 17.316052 0.87081 0.81922
015 20473 24.472221 17.301391 0.84198 0.81696
016 20784 24.163515 17.312991 0.82458 0.81855
017 20645 23.694028 17.304838 0.83333 0.81774
018 20746 24.840533 17.311179 0.85713 0.81883
019 20522 25.045999 16.751055 0.86052 0.80601
020 20935 24.777665 17.812040 0.86986 0.82878
021 20860 25.189471 17.312778 0.86754 0.81891
022 20714 25.284588 17.299657 0.87032 0.81800
023 20691 24.651817 17.310170 0.86617 0.81846
024 20646 25.059131 17.300009 0.86888 0.81751
025 20733 25.340465 17.295449 0.87021 0.81734
026 20744 24.471618 17.305069 0.84528 0.81846
027 20852 24.714515 17.291506 0.85604 0.81703
028 20762 24.515581 17.320906 0.82937 0.82058
029 20842 23.942899 17.311411 0.82946 0.81801
030 20927 24.282231 17.309230 0.84857 0.81783
031 20782 24.862249 17.313601 0.86470 0.81949
032 20782 24.534457 17.292850 0.84662 0.81582
033 20680 21.971826 17.308900 0.74520 0.81992
034 20902 23.400045 17.299102 0.78661 0.81629
035 20943 23.475835 17.799136 0.81762 0.82765
036 20764 24.241171 17.314762 0.84781 0.81886
037 20862 24.543355 17.292517 0.83697 0.81588
038 20861 23.864152 17.305441 0.83676 0.81871
039 20929 23.391159 17.292433 0.80809 0.81462
040 20789 23.888789 17.307678 0.82138 0.81812
041 20567 23.456218 16.790675 0.81828 0.80591
042 20908 23.404930 17.310873 0.80933 0.81767
043 20963 23.732482 17.322264 0.82536 0.81813
044 20844 23.746259 17.302468 0.81024 0.81519
045 20970 23.887341 17.315434 0.80929 0.81673
046 20954 24.185389 17.821602 0.83634 0.82749
047 20915 24.460739 17.326967 0.83060 0.81812
048 20771 24.166539 17.341127 0.83080 0.81781
049 20732 23.997751 17.325094 0.82450 0.81748
050 20908 23.345734 17.841156 0.80924 0.82722
051 20728 23.115200 17.343328 0.79682 0.81876
052 20803 24.347497 17.337420 0.82992 0.81785
053 20690 23.730877 17.359477 0.82233 0.81796
054 20827 23.620608 17.356733 0.81968 0.81769
055 20768 23.653802 17.352856 0.82406 0.81702
056 20415 24.131733 16.893331 0.83616 0.80830
057 20658 24.111140 17.368859 0.83997 0.81920
058 20654 23.912062 16.904461 0.82859 0.80633
059 20922 23.448142 17.374333 0.81226 0.81960
060 20796 23.138313 17.380931 0.82204 0.81788
061 20812 23.721002 17.392475 0.81819 0.82056
062 20628 24.088352 17.401999 0.82550 0.82101
063 20766 24.655871 17.399519 0.84382 0.81898
064 20984 22.595725 17.408159 0.78007 0.82037
065 20821 23.144159 17.406267 0.80188 0.81986
066 20807 23.077998 17.399593 0.76167 0.81933
067 20863 23.515631 17.946542 0.81391 0.83049
068 20712 23.468585 17.410950 0.80389 0.81961
069 20884 23.341501 17.391279 0.81519 0.81868
070 20468 22.889359 16.955260 0.79027 0.80682
071 20964 22.440328 17.415648 0.75558 0.82002
072 20986 23.189182 17.409736 0.81042 0.81944
073 20739 23.189043 17.409013 0.78534 0.81745
074 20846 22.954820 17.422818 0.80016 0.82022
075 20794 22.635440 17.432381 0.78422 0.82047
076 20794 23.346468 17.438837 0.79291 0.81897
077 20702 23.012746 17.000070 0.79093 0.80914
078 20664 23.212877 16.998655 0.80035 0.81029
079 20579 22.896518 17.007839 0.78750 0.80853
080 20571 22.702707 17.004315 0.80082 0.80846
081 20832 23.415451 17.450810 0.81376 0.81999
082 20985 23.689865 17.465433 0.80994 0.81996
083 20582 23.751406 17.012859 0.82661 0.80895
084 20737 23.435974 16.999059 0.80704 0.80758
085 20904 22.893706 17.480768 0.80649 0.81964
086 20667 22.942880 17.024197 0.80196 0.80995
087 20701 23.447954 17.004548 0.82532 0.80780
088 20897 23.880131 17.481918 0.85128 0.81748
089 20924 24.082759 17.499043 0.83490 0.81946
090 20800 23.270314 17.486772 0.79569 0.81957
091 20996 23.482369 17.495545 0.81976 0.81784
092 20876 23.591496 17.497596 0.80956 0.81686
093 20681 22.937376 17.481501 0.79444 0.81672
094 20899 23.091537 17.498857 0.81052 0.81761
095 20694 21.589995 17.512640 0.72433 0.81801
096 20886 22.470185 17.494678 0.77379 0.81568
