006 50948 32.118672 32.118672 0.97097 0.97097
007 50938 32.087836 32.060808 0.97072 0.97068
008 50931 32.046169 32.046169 0.97078 0.97078
009 50958 32.025931 32.000519 0.97085 0.97081
010 50970 32.017016 31.989434 0.97048 0.97048
011 50978 32.015949 32.015949 0.97031 0.97031
012 50860 31.982573 31.950763 0.97003 0.97006
013 50974 32.024764 31.999479 0.97067 0.97064
014 50872 32.025857 31.973884 0.97064 0.97063
015 50910 31.947245 31.910747 0.97080 0.97094
016 50925 31.942946 31.911876 0.97044 0.97046
017 50965 31.964471 31.917868 0.97056 0.97040
018 50912 31.981629 31.955522 0.97064 0.97060
019 50982 31.991051 31.968316 0.97071 0.97076
020 50920 31.968438 31.924142 0.97080 0.97067
021 50996 31.959177 31.934570 0.97057 0.97061
022 50981 31.947739 31.938026 0.97058 0.97059
023 50961 31.937821 31.901571 0.97051 0.97043
024 50974 31.902309 31.872998 0.97009 0.97029
025 50705 31.914925 31.734464 0.97071 0.97074
026 50941 31.894120 31.854435 0.97059 0.97067
027 50990 31.929178 31.908806 0.97111 0.97108
028 50992 31.965795 31.951473 0.97089 0.97089
029 50982 31.995319 31.986551 0.97102 0.97103
030 50989 32.007161 31.993331 0.97084 0.97083
031 50970 31.968959 31.968959 0.97109 0.97109
032 50837 31.902147 31.843008 0.97095 0.97092
033 50858 31.898657 31.845596 0.97023 0.97021
034 50870 31.898026 31.843794 0.97061 0.97066
035 50950 31.900508 31.843603 0.97011 0.97012
036 50953 31.916936 31.886220 0.97063 0.97065
037 50984 31.873879 31.825537 0.97059 0.97061
038 50718 31.829909 31.668663 0.97068 0.97061
039 50979 31.837619 31.761027 0.97059 0.97056
040 50679 31.824236 31.677625 0.97042 0.97036
041 50711 31.854057 31.698006 0.97052 0.97075
042 50910 31.816164 31.776173 0.97023 0.97037
043 50750 31.812427 31.666160 0.97049 0.97059
044 50999 31.785054 31.733362 0.97037 0.97041
045 50781 31.747767 31.571547 0.97012 0.97037
046 50986 31.808251 31.778746 0.97010 0.97048
047 50973 31.835957 31.819462 0.97092 0.97090
048 50956 31.847106 31.847106 0.97052 0.97052
049 50965 31.803628 31.741276 0.97060 0.97058
050 50832 31.805641 31.744767 0.97057 0.97056
051 50755 31.781863 31.639679 0.97031 0.97110
052 50886 31.848286 31.789206 0.97096 0.97098
053 50910 31.854832 31.816418 0.97084 0.97095
054 50847 31.852244 31.818623 0.97052 0.97068
055 50965 31.858729 31.809022 0.97107 0.97109
056 50748 31.824433 31.699272 0.97092 0.97106
057 50913 31.887570 31.835386 0.97117 0.97120
058 50701 31.843744 31.720159 0.97119 0.97121
059 50977 31.860960 31.838262 0.97156 0.97159
060 50949 31.899085 31.870294 0.97136 0.97138
061 50874 31.915927 31.860889 0.97159 0.97161
062 50978 31.940004 31.940004 0.97192 0.97192
063 50863 31.964523 31.909206 0.97203 0.97203
064 50981 31.936020 31.936020 0.97152 0.97152
065 50899 31.920461 31.861711 0.97130 0.97128
066 50993 31.910375 31.893753 0.97143 0.97147
067 50980 31.872914 31.872914 0.97136 0.97136
068 50834 31.824468 31.815738 0.97114 0.97146
069 50836 31.866393 31.810489 0.97099 0.97096
070 50981 31.869178 31.862173 0.97161 0.97161
071 50834 31.914749 31.864972 0.97149 0.97151
072 50901 31.894784 31.894784 0.97140 0.97140
073 50857 31.923274 31.873165 0.97133 0.97135
074 50816 31.904709 31.904709 0.97150 0.97150
075 50865 31.945825 31.886649 0.97180 0.97176
076 50978 31.980323 31.956331 0.97216 0.97219
077 50997 32.007147 32.007147 0.97215 0.97215
078 50977 31.975045 31.968132 0.97207 0.97207
079 50916 31.995775 31.995775 0.97209 0.97209
080 50936 31.996529 31.996529 0.97226 0.97226
081 50985 31.906562 31.906562 0.97187 0.97187
082 50900 31.964884 31.964884 0.97214 0.97214
083 50959 31.974269 31.974269 0.97228 0.97228
084 50861 31.937591 31.887079 0.97176 0.97180
085 50950 32.010088 32.010088 0.97200 0.97200
086 50886 31.981556 31.981556 0.97224 0.97224
087 50915 31.881254 31.832115 0.97129 0.97129
088 50942 31.970053 31.970053 0.97249 0.97249
089 50956 32.048612 32.048612 0.97233 0.97233
090 50862 31.944956 31.884835 0.97169 0.97169
091 50990 31.956306 31.956306 0.97191 0.97191
092 50933 31.949036 31.925559 0.97196 0.97193
093 50919 31.855208 31.798440 0.97158 0.97155
094 50849 31.911369 31.848557 0.97172 0.97169
095 50853 31.951812 31.896889 0.97225 0.97229
096 50910 31.877409 31.820767 0.97183 0.97188
