006 40930 30.165439 30.289936 0.95656 0.96815
007 40669 29.089611 30.229972 0.94447 0.96780
008 40981 30.235019 30.207762 0.95218 0.96791
009 40717 30.756109 30.141205 0.96023 0.96782
010 40787 30.343283 30.153144 0.95622 0.96757
011 40821 30.857903 30.177539 0.95751 0.96746
012 40862 30.342401 30.153358 0.96062 0.96711
013 40796 30.485313 30.175157 0.95629 0.96778
014 40996 30.807400 30.189377 0.95877 0.96782
015 40586 30.543867 29.835240 0.96111 0.96799
016 40955 30.276896 30.137213 0.95908 0.96747
017 40759 30.649826 30.100436 0.96014 0.96751
018 40941 30.437826 30.155264 0.95777 0.96779
019 40886 30.838935 30.139433 0.96177 0.96782
020 40652 30.667946 30.088518 0.95703 0.96775
021 40956 30.961996 30.135250 0.96102 0.96778
022 40933 30.539123 30.107962 0.95921 0.96771
023 40974 30.953514 30.102977 0.95977 0.96764
024 40654 30.354455 30.029025 0.95826 0.96745
025 40977 30.919928 30.063939 0.96206 0.96804
026 40753 30.741703 30.033129 0.96149 0.96781
027 40941 30.727175 30.102349 0.95838 0.96833
028 40724 30.524384 30.111039 0.95787 0.96803
029 40640 30.763640 30.131832 0.96279 0.96815
030 40991 30.997524 30.169940 0.96113 0.96815
031 40766 30.730041 30.105355 0.96035 0.96830
032 40970 30.648868 30.076279 0.95651 0.96834
033 40578 30.251125 30.008280 0.95679 0.96730
034 40981 30.874170 30.059212 0.96127 0.96796
035 41000 30.853129 30.075269 0.96113 0.96739
036 40794 30.748851 30.093210 0.95720 0.96786
037 40971 30.733923 30.025203 0.96079 0.96788
038 40967 30.708479 29.978973 0.96087 0.96798
039 40853 30.259203 29.972982 0.95771 0.96780
040 40885 30.871660 30.001171 0.96236 0.96774
041 40875 30.546940 30.036816 0.95727 0.96805
042 40833 30.880477 29.987934 0.96190 0.96758
043 40697 30.784811 29.966540 0.96042 0.96780
044 40826 30.740619 29.926101 0.96125 0.96756
045 40863 30.528903 29.926074 0.96091 0.96758
046 40748 30.503744 29.970928 0.95567 0.96762
047 40876 30.191751 30.022289 0.95911 0.96824
048 40983 30.752551 30.055421 0.95988 0.96781
049 40916 30.706389 29.950354 0.95928 0.96791
050 40681 30.564544 29.923596 0.96211 0.96777
051 40959 30.048165 29.973894 0.95489 0.96833
052 40742 30.321241 30.017121 0.95559 0.96830
053 40886 30.625316 30.056430 0.95958 0.96827
054 40957 30.432952 30.034493 0.95790 0.96804
055 40892 30.930036 30.025085 0.96007 0.96847
056 40991 30.338275 30.049364 0.95813 0.96854
057 40985 29.848654 30.084297 0.94937 0.96858
058 40598 29.637752 30.009833 0.94859 0.96844
059 40998 30.616477 30.079162 0.95853 0.96888
060 40944 30.442880 30.089712 0.95397 0.96867
061 40750 30.721247 30.066048 0.96060 0.96880
062 40883 29.850171 30.136394 0.95537 0.96909
063 40686 30.105654 30.108341 0.95046 0.96919
064 40587 29.954623 30.075070 0.95689 0.96866
065 40768 30.801448 30.071158 0.95798 0.96857
066 40701 30.709408 30.058858 0.95864 0.96857
067 40941 30.346528 30.064700 0.95540 0.96861
068 40692 29.532891 30.005763 0.93853 0.96879
069 40937 30.099072 30.045201 0.95674 0.96829
070 40828 30.641024 30.053490 0.95805 0.96889
071 40626 30.630805 30.058931 0.95776 0.96884
072 40908 30.625015 30.071617 0.95912 0.96861
073 40947 30.238392 30.079897 0.95055 0.96857
074 40807 29.760779 30.077632 0.94439 0.96875
075 40726 30.404787 30.079509 0.95737 0.96895
076 40877 30.316029 30.127942 0.95597 0.96940
077 40976 31.017198 30.181099 0.96303 0.96934
078 40715 29.732618 30.109672 0.94509 0.96920
079 40624 29.658065 30.132921 0.94371 0.96926
080 40575 29.762925 30.132243 0.94952 0.96932
081 40944 30.726727 30.068901 0.95938 0.96908
082 40727 30.524798 30.105463 0.95512 0.96914
083 40878 29.820590 30.119806 0.94581 0.96931
084 40761 29.050644 30.048858 0.94229 0.96884
085 40500 29.845181 30.105846 0.94641 0.96902
086 40863 30.536456 30.127412 0.95859 0.96919
087 40943 30.178194 30.012409 0.94905 0.96844
088 40744 29.865101 30.089890 0.94708 0.96948
089 40956 29.492536 30.186351 0.94753 0.96939
090 40832 30.005679 30.053851 0.94825 0.96883
091 40695 30.259556 30.029604 0.95717 0.96886
092 40720 29.001053 30.055808 0.93451 0.96897
093 40984 29.609722 29.950432 0.94937 0.96861
094 40586 29.102764 29.953402 0.94120 0.96876
095 40616 30.108534 29.992143 0.95552 0.96935
096 40654 29.738148 29.889546 0.94579 0.96879
