006 30901 27.478047 27.345144 0.92477 0.93568
007 30934 26.109429 27.270964 0.88161 0.93426
008 30964 27.037718 27.283765 0.91687 0.93484
009 30923 28.189207 27.307605 0.93100 0.93605
010 30805 28.653725 27.227538 0.94229 0.93404
011 30617 27.790008 27.174160 0.92755 0.93391
012 30908 28.251436 27.271657 0.92640 0.93476
013 30604 27.272518 27.182827 0.91743 0.93331
014 30871 28.583522 27.320634 0.93691 0.93489
015 30748 28.428311 27.166686 0.93159 0.93298
016 30931 28.559388 27.164529 0.93425 0.93368
017 30634 28.742579 27.136997 0.94468 0.93381
018 30739 28.141579 27.201469 0.93310 0.93318
019 30851 28.442814 27.244573 0.93243 0.93429
020 30965 28.683061 27.285716 0.93735 0.93550
021 30618 28.945174 27.113848 0.94391 0.93360
022 30656 27.966562 27.086360 0.92053 0.93410
023 30544 28.390318 27.048565 0.93804 0.93084
024 30800 28.049256 27.033526 0.92640 0.93244
025 30688 28.315489 27.156915 0.93100 0.93449
026 30958 28.532926 27.148080 0.94283 0.93523
027 30672 29.341341 26.989531 0.94721 0.93320
028 30898 28.152585 27.178189 0.93533 0.93451
029 30609 29.133112 27.088211 0.94677 0.93272
030 30883 27.875313 27.075915 0.93063 0.93265
031 30808 28.192626 27.076904 0.93203 0.93356
032 30957 27.922518 27.040778 0.93077 0.93460
033 30821 29.371282 26.986612 0.94202 0.93351
034 30882 27.923411 27.085545 0.92186 0.93382
035 30600 27.801579 27.082165 0.93549 0.93482
036 30524 27.032684 26.982392 0.90469 0.93292
037 30907 27.991949 27.004130 0.93664 0.93496
038 30631 28.413017 26.867405 0.93541 0.93253
039 30964 29.015058 26.979815 0.94652 0.93317
040 30988 27.987044 27.041623 0.93289 0.93599
041 30662 28.077786 27.007617 0.92497 0.93504
042 30863 28.424451 27.007213 0.93661 0.93587
043 30963 28.061993 27.080487 0.93285 0.93649
044 30970 27.700748 26.947929 0.93285 0.93546
045 30924 28.446955 26.967746 0.93361 0.93531
046 30771 27.201587 26.945010 0.91798 0.93492
047 30819 27.837325 26.825379 0.92817 0.93356
048 30696 28.564664 27.014911 0.94030 0.93509
049 30726 27.643168 26.925353 0.92413 0.93534
050 30994 28.194541 26.996299 0.93616 0.93623
051 30555 27.422808 26.935875 0.91404 0.93556
052 30614 26.913802 26.933082 0.90873 0.93581
053 30937 28.318738 27.015279 0.93831 0.93561
054 30523 28.343464 26.840965 0.92878 0.93276
055 30747 27.545251 26.784774 0.92129 0.93238
056 30811 27.227195 26.973796 0.92023 0.93678
057 30773 27.281428 26.992775 0.91463 0.93612
058 30939 27.382696 27.011192 0.92119 0.93660
059 30606 27.455356 26.807670 0.92843 0.93380
060 30707 28.587557 26.962308 0.93575 0.93568
061 30875 27.521319 27.066060 0.92592 0.93842
062 30614 27.675989 27.005670 0.92178 0.93698
063 30869 26.791410 26.986992 0.90737 0.93625
064 30840 26.963421 27.025750 0.91200 0.93727
065 30839 27.567408 27.032749 0.92913 0.93767
066 30527 27.525869 26.887055 0.91352 0.93592
067 30807 27.251151 26.992866 0.91918 0.93729
068 30881 26.495507 26.952204 0.89652 0.93720
069 30911 28.199867 26.883072 0.93116 0.93701
070 30993 28.227264 26.997640 0.92996 0.93734
071 30846 26.899871 26.998601 0.91130 0.93676
072 30802 27.906057 26.869788 0.92379 0.93596
073 30812 27.579667 26.976282 0.92673 0.93650
074 30913 28.355814 26.989499 0.93572 0.93756
075 30918 28.306256 27.002756 0.92645 0.93756
076 30738 26.895286 27.011000 0.91225 0.93611
077 30900 26.446388 27.019517 0.90613 0.93664
078 30663 27.641152 26.960127 0.93024 0.93654
079 30966 28.172015 27.034456 0.92534 0.93608
080 30859 26.813056 27.039817 0.90225 0.93649
081 30873 25.900868 26.947911 0.88889 0.93664
082 30979 26.505222 27.043785 0.89686 0.93753
083 30754 26.236086 26.942383 0.91032 0.93518
084 30813 27.699366 26.903466 0.91849 0.93564
085 30581 26.640110 27.016501 0.90142 0.93621
086 30618 26.445185 26.972316 0.90587 0.93617
087 30934 27.038635 26.849835 0.90639 0.93470
088 30973 26.882327 27.003996 0.91163 0.93570
089 30795 27.480496 26.972188 0.91609 0.93444
090 30649 26.111371 26.854541 0.89031 0.93440
091 30823 26.682451 26.950842 0.90556 0.93511
092 30788 26.872150 26.882932 0.90780 0.93365
093 30894 26.622603 26.791741 0.89418 0.93415
094 30854 26.754921 26.899618 0.91180 0.93526
095 30757 26.671623 26.894126 0.89552 0.93473
096 30936 26.859491 26.757153 0.90572 0.93309
