006 10945 23.555704 12.901037 0.83021 0.57714
007 10656 21.412569 12.758476 0.70583 0.56217
008 10963 21.549120 12.905457 0.69688 0.57640
009 10695 21.517949 12.753933 0.67301 0.56234
010 10622 20.884818 12.757318 0.63576 0.56065
011 10765 20.779717 12.916431 0.64551 0.57685
012 10722 20.929902 12.762921 0.65028 0.56072
013 10890 20.841123 12.921437 0.67819 0.57695
014 10579 20.353267 12.776808 0.64360 0.56227
015 10916 20.630999 12.921079 0.63928 0.57450
016 10977 20.168248 12.930293 0.60397 0.57544
017 10739 20.064645 12.929718 0.59094 0.57502
018 10713 20.041947 12.784928 0.59277 0.56154
019 10832 20.537223 12.943001 0.63321 0.57579
020 10587 20.080047 12.790078 0.62140 0.56059
021 10968 19.816025 12.951362 0.60190 0.57644
022 10577 19.460959 12.795331 0.57973 0.56030
023 10851 20.105060 12.961446 0.63265 0.57646
024 10897 20.151293 12.966165 0.58659 0.57567
025 10769 19.915186 12.972467 0.57286 0.57562
026 10746 19.668827 12.823564 0.57663 0.56120
027 10956 18.787563 12.986577 0.48111 0.57497
028 10937 19.203005 13.002935 0.50088 0.57798
029 10697 19.335069 12.851398 0.53623 0.56174
030 10907 19.013889 13.014649 0.53837 0.57602
031 10938 19.276065 13.019855 0.52529 0.57666
032 10909 19.096331 13.028906 0.55504 0.57468
033 10803 19.603077 13.030187 0.54989 0.57772
034 10856 19.034560 13.040630 0.57031 0.57553
035 10961 18.893737 13.046298 0.53085 0.57615
036 10496 18.449200 12.892592 0.52039 0.56228
037 11000 18.171007 13.053159 0.48815 0.57496
038 10799 18.682485 12.894579 0.48556 0.56212
039 10926 18.240515 13.054990 0.49440 0.57406
040 10911 17.558879 13.064196 0.43111 0.57576
041 10888 18.062882 13.069042 0.47987 0.57571
042 10751 18.687738 12.910338 0.52279 0.56116
043 10731 17.989002 12.917109 0.49774 0.56170
044 10578 17.874927 12.918543 0.42600 0.56023
045 10895 17.665747 13.081944 0.44838 0.57434
046 10776 17.342781 13.089801 0.42909 0.57449
047 10775 17.233219 12.935102 0.40576 0.56068
048 10956 17.919170 13.105497 0.48395 0.57611
049 10987 18.480965 13.107973 0.54131 0.57575
050 10680 17.849959 12.952112 0.50284 0.55995
051 10970 18.488496 13.121047 0.48192 0.57515
052 10944 17.726455 13.123045 0.44270 0.57475
053 10928 17.888894 13.141434 0.49874 0.57558
054 10894 19.235593 13.143620 0.53204 0.57548
055 10862 18.220436 13.150608 0.53403 0.57424
056 10789 18.019632 13.007175 0.47443 0.56212
057 10764 18.392331 13.011924 0.49705 0.56198
058 10755 17.651134 13.019635 0.45656 0.56113
059 10941 16.828479 13.179401 0.40318 0.57611
060 10934 16.320301 13.192046 0.35445 0.57493
061 10910 16.295356 13.195316 0.34663 0.57627
062 10825 15.903930 13.210041 0.33437 0.57796
063 10880 15.542282 13.218319 0.31763 0.57697
064 10901 16.300657 13.225152 0.39678 0.57691
065 10926 16.556625 13.221650 0.42584 0.57732
066 10759 16.680918 13.079423 0.41892 0.56271
067 10926 17.433069 13.220276 0.47104 0.57646
068 10635 17.872565 13.088951 0.48292 0.56249
069 10638 17.262261 13.082512 0.47091 0.56170
070 10805 16.707308 13.223743 0.39805 0.57549
071 10900 17.795976 13.229617 0.47477 0.57758
072 10888 18.077688 13.240155 0.51458 0.57766
073 10966 17.493152 13.234831 0.41626 0.57526
074 10634 17.729790 13.112556 0.47759 0.56295
075 10998 18.049017 13.247595 0.49919 0.57788
076 10813 17.893001 13.252931 0.48051 0.57686
077 10937 17.649940 13.265072 0.45178 0.57767
078 10681 18.180835 13.143447 0.49134 0.56335
079 10640 17.396656 13.150173 0.43018 0.56269
080 10595 18.415168 13.152464 0.50737 0.56305
081 10767 17.962007 13.149148 0.48355 0.56236
082 10787 18.060967 13.156136 0.49504 0.56249
083 10758 18.248587 13.162209 0.51648 0.56425
084 10684 17.431950 13.155454 0.44382 0.56327
085 10598 17.213463 13.160712 0.42881 0.56311
086 10949 17.765995 13.268685 0.45463 0.57960
087 10910 16.728622 13.257030 0.36192 0.57891
088 10954 16.862599 13.263038 0.45609 0.57724
089 10918 17.888667 13.263392 0.49254 0.57924
090 10415 17.861796 13.155683 0.50359 0.56443
091 10920 18.441596 13.252091 0.52560 0.57810
092 10760 17.910337 13.164846 0.48754 0.56238
093 10970 17.535821 13.255794 0.43424 0.57744
094 10930 17.516731 13.263109 0.46099 0.57750
095 10991 18.590746 13.272500 0.51949 0.57812
096 10691 18.109822 13.177212 0.54021 0.56175
