002 4999 42.231740 16.587719 0.97771 0.52787
003 4991 41.581370 16.711829 0.97676 0.53491
004 4994 40.471693 16.695276 0.97632 0.53579
005 4358 38.755574 15.249208 0.97477 0.50692
006 4435 38.666024 15.671614 0.97383 0.52611
007 4419 38.393608 15.583727 0.97304 0.51160
008 4478 39.550279 15.991152 0.97333 0.52281
009 4507 42.147487 15.920609 0.97655 0.52800
010 4969 41.239085 16.330286 0.97763 0.52809
011 4544 43.031900 15.883093 0.98009 0.52446
012 4510 42.778397 15.664184 0.97966 0.52774
013 4552 42.817792 15.580401 0.97988 0.52325
014 4517 42.610443 15.919017 0.97991 0.52436
015 4651 41.731574 15.830924 0.97862 0.51757
016 4443 41.319879 15.606807 0.97801 0.52362
017 4698 41.434190 15.928645 0.97816 0.51872
018 4472 40.700635 15.968613 0.97721 0.52056
019 4644 40.610593 15.844424 0.97754 0.51842
020 4995 23.166518 15.921763 0.94774 0.52476
021 4930 37.891138 15.998038 0.97349 0.52088
022 4771 38.384431 15.710618 0.97469 0.52584
023 4180 38.405514 14.087805 0.97289 0.50013
024 4349 39.170202 14.977216 0.97337 0.50264
025 4997 25.390720 16.232051 0.94868 0.52267
026 4881 38.556752 15.699309 0.97124 0.52387
027 4435 39.529319 15.703159 0.97319 0.52363
028 4585 38.873546 16.000259 0.97176 0.51448
029 4833 38.510152 15.801626 0.97093 0.51403
030 4401 38.377973 15.502553 0.96887 0.52225
031 4594 39.092238 16.039938 0.97193 0.51858
032 4751 38.309071 15.869499 0.96825 0.52979
033 4191 39.603361 14.202673 0.97127 0.49945
034 4508 38.689259 16.099180 0.96899 0.52184
035 4422 39.165773 15.902079 0.97123 0.51749
036 4414 39.729627 15.657997 0.97246 0.50708
037 4914 39.442160 15.917822 0.97186 0.52490
038 4425 39.125516 15.914281 0.97052 0.51443
039 4985 38.483789 16.308783 0.96904 0.53151
040 4728 39.388310 15.951145 0.97172 0.51828
041 4578 38.777596 15.670574 0.97045 0.52179
042 4963 40.468962 15.866005 0.97318 0.52731
043 4640 40.844349 15.647315 0.97432 0.52145
044 4991 40.197777 16.147052 0.97396 0.53135
045 4815 41.298976 15.769702 0.97609 0.51960
046 4990 40.925031 16.402157 0.97413 0.53279
047 4945 41.496984 16.097863 0.97540 0.52345
048 4986 39.424055 16.608831 0.96746 0.53028
049 4420 40.857174 16.019242 0.97285 0.51985
050 4986 40.688964 16.588261 0.97260 0.52632
