002 1708 37.888998 10.458641 0.97360 0.39648
003 1494 35.451974 10.277849 0.97120 0.39073
004 1658 36.680257 10.560758 0.97044 0.39935
005 1507 36.203671 10.569835 0.97183 0.39990
006 1877 36.003049 10.576904 0.96963 0.40033
007 1540 35.246345 10.308543 0.96840 0.39328
008 1991 36.338003 10.586809 0.96960 0.40103
009 1978 35.534651 10.592257 0.96854 0.40148
010 1882 35.375184 10.596077 0.96791 0.40189
011 1908 35.168243 10.598694 0.96752 0.40209
012 1626 34.833503 10.600889 0.96657 0.40277
013 1895 37.162268 10.603389 0.97194 0.40293
014 1936 36.905048 10.524667 0.97155 0.40269
015 1876 36.512112 10.606288 0.97008 0.40355
016 1575 35.990438 10.608560 0.96959 0.40336
017 1996 37.541190 10.666102 0.97154 0.40220
018 1626 36.451496 10.671915 0.97096 0.39872
019 1967 37.814889 10.669515 0.97241 0.40271
020 1828 36.993480 10.601083 0.97097 0.39462
021 1624 36.558135 10.620846 0.96976 0.40390
022 1909 36.871893 10.625029 0.97026 0.40399
023 1925 36.614615 10.626968 0.96881 0.40413
024 1420 36.459343 9.991628 0.96864 0.37463
025 1847 37.220615 10.672769 0.97026 0.41114
026 1614 36.389615 10.746831 0.96741 0.40913
027 1961 37.210136 10.671806 0.96956 0.40851
028 1700 36.563423 10.632466 0.96681 0.40220
029 1489 36.785038 10.573235 0.96817 0.40428
030 1948 36.466617 10.683416 0.96453 0.41030
031 1611 36.397873 10.648100 0.96678 0.40067
032 1623 36.176040 10.611353 0.96390 0.39505
033 1435 36.852838 10.369274 0.96678 0.39545
034 1917 36.721866 10.650220 0.96557 0.40366
035 1584 36.647987 10.651982 0.96705 0.40285
036 1937 36.540482 10.656002 0.96591 0.40228
037 1362 37.193837 10.153837 0.96945 0.38254
038 1920 36.997483 10.581425 0.96803 0.40254
039 1584 37.122725 10.631348 0.96883 0.39620
040 1339 36.270724 10.162706 0.96606 0.38357
041 1834 36.590430 10.685146 0.96613 0.41078
042 1406 37.374706 10.075893 0.96969 0.38406
043 1602 37.233263 10.662568 0.96913 0.40903
044 1913 37.384658 10.659328 0.96890 0.40514
045 1383 37.620892 10.214141 0.97060 0.38214
046 1936 37.096980 10.780412 0.96795 0.41130
047 1680 37.090832 10.783256 0.96822 0.41185
048 1806 36.723438 10.902164 0.96557 0.41311
049 1405 37.504330 10.267867 0.96934 0.38920
050 1879 37.451146 10.790947 0.96744 0.41284
