002 7632 44.723960 26.360395 0.98407 0.71691
003 7985 41.333525 27.156050 0.97713 0.74522
004 7989 43.915592 27.180901 0.98162 0.74601
005 7999 42.381569 27.316302 0.97912 0.74866
006 7996 23.625124 27.181610 0.95457 0.74629
007 7991 42.906821 27.155850 0.97901 0.74651
008 7978 43.052211 27.170772 0.98092 0.74608
009 7997 43.503602 27.219590 0.98079 0.74729
010 7993 41.802843 27.288651 0.97782 0.74754
011 7444 43.524388 26.311049 0.98106 0.71990
012 7997 32.531757 27.162409 0.96212 0.74595
013 7399 42.586874 26.066667 0.98042 0.71663
014 7999 29.731669 27.233209 0.96655 0.74738
015 7965 42.437307 26.932420 0.97913 0.73881
016 7959 25.553105 27.017368 0.95313 0.74071
017 7273 41.614992 25.983631 0.97816 0.71539
018 7999 38.568993 27.158472 0.97146 0.74566
019 7982 39.026928 27.107811 0.97359 0.74359
020 7998 25.409599 27.147749 0.95223 0.74285
021 7346 39.029039 25.916967 0.97743 0.71209
022 7944 40.857478 27.023679 0.97828 0.74072
023 7999 23.746957 27.202887 0.95576 0.74492
024 7787 39.308750 26.651402 0.97698 0.72684
025 7963 41.356050 27.104718 0.97887 0.74419
026 7592 40.794019 26.317209 0.97729 0.71357
027 7964 41.884458 26.868992 0.97717 0.73570
028 7236 40.817953 25.794448 0.97699 0.70436
029 7984 41.641916 26.893098 0.97685 0.73378
030 7978 39.658883 27.100716 0.97148 0.74091
031 7985 41.509452 27.017730 0.97682 0.73847
032 7996 23.263419 27.138930 0.94468 0.74225
033 7933 41.626824 26.769997 0.97548 0.73219
034 7998 41.376088 27.170180 0.97640 0.74089
035 7988 41.817651 27.102062 0.97680 0.73973
036 7995 40.341288 27.068407 0.97229 0.73877
037 7994 39.279629 27.182191 0.97390 0.74226
038 7445 41.642455 26.066459 0.97728 0.71100
039 7994 41.594883 27.226399 0.97671 0.74686
040 7994 40.079845 27.073252 0.97313 0.74195
041 7983 40.521454 27.377818 0.97522 0.75155
042 7664 41.442182 26.419762 0.97698 0.72047
043 7957 42.177504 27.270105 0.97768 0.74419
044 7973 42.374662 27.156648 0.97671 0.74300
045 7997 39.684147 27.247794 0.96846 0.74558
046 7153 41.252806 25.631991 0.97484 0.70500
047 7959 42.706911 27.017065 0.97748 0.73673
048 8000 36.166747 27.176965 0.96074 0.74139
049 7959 42.298067 26.950550 0.97658 0.73667
050 7939 42.455147 26.887757 0.97754 0.73281
