002 988 37.824649 10.044504 0.97302 0.37557
003 964 35.385240 9.926523 0.97026 0.36906
004 939 36.636123 9.935148 0.96957 0.36994
005 995 36.151105 10.053750 0.97084 0.36995
006 873 35.819099 9.815149 0.96764 0.36268
007 973 35.166569 9.955011 0.96666 0.37150
008 882 36.161132 9.823932 0.96745 0.36344
009 899 35.404098 9.963024 0.96650 0.37211
010 857 35.240281 9.965972 0.96570 0.37250
011 881 35.071435 9.834121 0.96549 0.36446
012 914 34.762772 10.081152 0.96500 0.37277
013 991 37.067891 9.972468 0.97030 0.37355
014 874 36.769304 10.103912 0.96952 0.38170
015 995 36.459163 9.975481 0.96855 0.37416
016 922 35.942077 10.230568 0.96781 0.38154
017 976 37.438090 10.231777 0.96983 0.38113
018 966 36.348969 10.169456 0.96936 0.37347
019 968 37.691942 9.981900 0.97047 0.37404
020 944 36.859729 9.983877 0.96876 0.37427
021 968 37.122095 10.118791 0.96795 0.38253
022 1000 36.569477 10.122228 0.96793 0.38287
023 962 36.296851 10.123824 0.96600 0.38285
024 932 36.216021 9.991628 0.96561 0.37463
025 966 36.954142 10.128174 0.96729 0.38382
026 840 36.469391 10.125374 0.96337 0.38089
027 999 35.874586 9.960414 0.96394 0.37085
028 882 36.093152 9.855890 0.96296 0.36510
029 977 36.182186 10.240550 0.96398 0.38705
030 840 35.900114 10.138329 0.96027 0.38287
031 915 35.755419 9.966708 0.96200 0.37143
032 883 35.584806 9.866767 0.95979 0.36845
033 986 36.179468 10.141910 0.96265 0.38164
034 837 36.013805 10.145503 0.96080 0.38231
035 994 35.963865 10.146634 0.96240 0.38151
036 908 35.893748 10.150142 0.96126 0.38110
037 944 36.465813 10.153837 0.96528 0.38254
038 997 36.302345 10.155453 0.96380 0.38161
039 910 36.446405 10.163729 0.96539 0.38554
040 840 36.147345 10.162706 0.96315 0.38357
041 960 36.356267 10.175932 0.96343 0.38916
042 999 36.965333 9.861915 0.96680 0.37008
043 982 37.256966 10.153882 0.96729 0.38733
044 912 37.130535 10.150552 0.96586 0.38363
045 981 37.044556 10.214141 0.96561 0.38214
046 972 37.153754 10.261832 0.96623 0.38920
047 994 37.378443 10.264875 0.96688 0.38968
048 962 36.303138 10.265345 0.96150 0.38881
049 842 36.113219 10.158058 0.96060 0.38236
050 943 36.318508 10.271566 0.96178 0.39069
