002 11917 44.462956 32.556349 0.98428 0.86279
003 11933 44.560106 32.545158 0.98407 0.86264
004 11995 44.573576 32.607394 0.98447 0.86531
005 11938 44.750392 32.587137 0.98396 0.86384
006 11680 44.505459 32.234273 0.98375 0.86100
007 11695 44.447705 32.253418 0.98461 0.86233
008 11637 44.104607 32.178069 0.98301 0.86118
009 11890 44.431407 32.485665 0.98359 0.86410
010 11855 44.253471 32.495612 0.98304 0.86403
011 11991 44.265572 32.655372 0.98199 0.86480
012 11699 44.260539 32.244083 0.98244 0.86128
013 11966 44.386589 32.657294 0.98313 0.86397
014 11877 44.305064 32.491284 0.98348 0.86260
015 11289 43.962611 31.686701 0.98243 0.85593
016 11912 43.793729 32.587233 0.98194 0.86353
017 11304 43.951068 31.714230 0.98241 0.85618
018 11921 43.347874 32.563321 0.98140 0.86304
019 11839 43.451507 32.447846 0.98129 0.86164
020 11905 42.732998 32.621682 0.98009 0.86372
021 11996 43.469906 32.653550 0.98073 0.86480
022 11965 42.720331 32.599529 0.98011 0.86241
023 11862 43.262974 32.513955 0.98040 0.86165
024 11889 41.210811 32.517561 0.98065 0.86216
025 11973 41.704251 32.692186 0.98059 0.86684
026 11990 40.081578 32.501585 0.97778 0.86061
027 11969 40.794241 32.518566 0.97862 0.86011
028 11487 41.362925 31.776202 0.97891 0.85423
029 11793 41.565910 32.162712 0.98032 0.85763
030 11358 40.773592 31.682048 0.97643 0.85703
031 11423 41.350209 31.718850 0.97991 0.85453
032 11894 42.108941 32.562169 0.97799 0.86448
033 11450 42.743268 31.762709 0.97926 0.85566
034 11508 43.300252 31.763414 0.97970 0.85669
035 11730 41.907028 32.095272 0.97766 0.85653
036 11559 42.749006 31.817524 0.97943 0.85522
037 11654 43.219119 32.128670 0.97970 0.85770
038 11787 43.559189 32.194531 0.98023 0.85705
039 11150 42.587120 31.538818 0.97862 0.85253
040 11579 43.549063 32.072395 0.98084 0.85900
041 11976 38.693135 33.113439 0.96801 0.87610
042 11866 43.173863 32.828198 0.97923 0.86927
043 11672 43.526616 32.625060 0.98014 0.86675
044 11388 43.726084 31.870450 0.97977 0.85864
045 11648 43.743755 32.284778 0.98122 0.86111
046 11794 43.394813 32.257854 0.97951 0.85880
047 11445 43.744232 31.794791 0.98052 0.85523
048 11393 43.360062 31.602861 0.97982 0.85186
049 11950 43.386366 32.368081 0.97992 0.85909
050 11741 42.893988 32.212650 0.97873 0.85901
