002 3879 41.884156 13.893650 0.98018 0.49822
003 3874 41.235970 14.099337 0.97922 0.50229
004 3868 39.627590 13.838794 0.97761 0.49824
005 3927 38.130235 14.131884 0.97582 0.49659
006 3988 38.045051 13.831208 0.97501 0.49409
007 3852 37.808230 13.999701 0.97377 0.49740
008 3965 38.826563 13.826719 0.97446 0.49646
009 3889 40.871683 13.881771 0.97715 0.49759
010 3953 41.051400 13.919690 0.97718 0.49916
011 3900 42.271167 14.071739 0.97829 0.49961
012 3998 42.624194 13.869783 0.97861 0.49859
013 3952 42.632048 13.890625 0.97862 0.49615
014 3960 42.445650 13.961241 0.97875 0.49862
015 3907 41.507268 13.904361 0.97703 0.49608
016 3954 41.161088 13.898150 0.97683 0.49624
017 3946 41.258473 13.982026 0.97673 0.49781
018 3916 40.558131 13.770730 0.97591 0.49467
019 3944 40.454015 13.928812 0.97599 0.49716
020 3985 39.890174 13.951119 0.97450 0.49659
021 3878 38.418880 13.990734 0.97434 0.49980
022 3946 38.942401 13.975011 0.97321 0.50186
023 3965 39.057480 14.076260 0.97391 0.49920
024 3945 39.076458 13.936286 0.97341 0.49652
025 3913 38.556651 13.942342 0.97390 0.50277
026 3937 39.520331 14.092428 0.97249 0.49815
027 3844 39.144692 14.154048 0.97172 0.49674
028 3970 38.494258 14.127369 0.97036 0.49695
029 3871 39.647588 14.157101 0.97289 0.49665
030 3974 37.976545 14.147551 0.96705 0.49988
031 3898 38.490003 13.917631 0.96994 0.49503
032 3956 38.651239 14.017402 0.96911 0.50089
033 3978 38.563598 14.190714 0.96738 0.49854
034 3965 37.991064 14.275696 0.96684 0.50189
035 3934 39.373287 14.290212 0.97143 0.50074
036 3940 38.453735 14.051633 0.96746 0.49742
037 3940 38.676065 14.109151 0.96919 0.50340
038 3757 39.320520 14.040219 0.97108 0.49893
039 3877 38.952082 14.055244 0.97121 0.50555
040 3967 38.697425 14.039944 0.96925 0.49840
041 3805 38.849232 14.056575 0.97177 0.50549
042 3901 38.996343 13.969058 0.96985 0.50015
043 3881 39.524499 13.883526 0.97026 0.50638
044 3900 40.670331 14.183322 0.97183 0.49943
045 3993 40.663702 13.988794 0.97139 0.49849
046 3778 40.457782 14.192561 0.97110 0.49819
047 3930 40.786047 14.143930 0.97112 0.49901
048 3944 40.153197 14.152566 0.96969 0.49916
049 3978 40.050963 14.363741 0.96953 0.50214
050 3720 39.701997 14.241938 0.96805 0.49982
