002 8961 44.070217 28.633452 0.98281 0.77807
003 8824 44.230853 28.399889 0.98338 0.76940
004 8922 44.349902 28.600760 0.98331 0.77853
005 8977 44.537105 28.726515 0.98332 0.78372
006 8979 44.200797 28.684492 0.98281 0.78242
007 8998 44.244147 28.717338 0.98278 0.78271
008 8902 44.037281 28.555063 0.98252 0.77699
009 8924 43.902357 28.626205 0.98247 0.77972
010 8851 43.557364 28.612151 0.98170 0.77372
011 8991 43.275758 28.794031 0.98033 0.78353
012 8942 43.166240 28.694490 0.98091 0.77936
013 8935 43.638675 28.691228 0.98104 0.77893
014 8970 43.543763 28.724740 0.98110 0.78261
015 8863 43.178210 28.541517 0.98008 0.77581
016 8896 42.915820 28.627332 0.97986 0.77753
017 8890 42.629409 28.549359 0.97961 0.77479
018 8880 42.987376 28.516294 0.97963 0.77505
019 8888 41.952258 28.519876 0.97885 0.77533
020 8961 41.482135 28.627041 0.97737 0.77654
021 9000 40.888235 28.781724 0.97871 0.78327
022 8958 39.955414 28.688332 0.97541 0.77863
023 8907 40.400199 28.611517 0.97759 0.77685
024 8962 40.779311 28.695621 0.97738 0.78006
025 8964 42.183493 28.763211 0.97859 0.78303
026 8976 40.462749 28.613515 0.97515 0.77516
027 8823 42.625527 28.482201 0.97835 0.76995
028 8944 41.038045 28.534980 0.97495 0.77118
029 8801 42.282155 28.402795 0.97731 0.76736
030 8911 40.324753 28.655366 0.97301 0.77465
031 8820 42.354316 28.420209 0.97786 0.76664
032 8995 41.541281 28.697630 0.97543 0.77963
033 8930 42.065230 28.617285 0.97636 0.77303
034 8977 41.889796 28.604058 0.97555 0.77393
035 8799 42.072397 28.428777 0.97724 0.76871
036 8624 42.427098 28.290859 0.97740 0.76538
037 8996 41.769855 28.667598 0.97579 0.77932
038 8862 42.789105 28.486605 0.97730 0.76907
039 8998 41.656240 28.762585 0.97535 0.78305
040 8941 42.545318 28.601410 0.97695 0.77621
041 8955 41.835229 29.039049 0.97583 0.78974
042 8841 42.155014 28.718969 0.97595 0.77905
043 8867 42.228652 28.776605 0.97670 0.78046
044 8912 42.431395 28.656910 0.97699 0.77600
045 8939 42.914852 28.701385 0.97772 0.77841
046 8893 42.235212 28.569639 0.97609 0.77198
047 8832 42.724706 28.513512 0.97776 0.76908
048 8864 42.415083 28.449320 0.97642 0.76700
049 8988 42.323789 28.647716 0.97576 0.77522
050 8998 42.052065 28.686055 0.97605 0.77777
