002 6994 44.559982 24.892670 0.98291 0.68839
003 6704 44.045012 23.976861 0.98215 0.65948
004 6659 44.067374 23.763826 0.98208 0.65463
005 6881 44.275117 24.505550 0.98209 0.68076
006 6917 43.986361 24.914146 0.98168 0.68925
007 6912 43.991249 24.781225 0.98152 0.68622
008 6903 43.803869 24.785682 0.98143 0.68451
009 6889 43.702208 24.714818 0.98135 0.68326
010 6586 43.537401 23.788893 0.98074 0.64839
011 6407 43.419190 23.759974 0.98103 0.64828
012 6791 43.163278 24.333277 0.98017 0.66916
013 6830 43.202023 24.491168 0.98047 0.67622
014 6846 43.117505 24.471876 0.98054 0.67689
015 6794 42.819363 24.138755 0.98021 0.66289
016 6975 42.464090 25.030381 0.97995 0.69283
017 6999 42.227208 25.056045 0.97972 0.69218
018 6771 41.778735 24.179516 0.97916 0.66255
019 6886 41.770868 24.634320 0.97866 0.67910
020 6912 40.749675 24.590254 0.97779 0.67895
021 7000 39.694676 25.064264 0.97671 0.69189
022 6286 39.829179 23.585256 0.97721 0.64054
023 6989 39.881953 25.060824 0.97698 0.69102
024 6876 39.670998 24.491139 0.97584 0.67500
025 6853 40.381266 24.527129 0.97744 0.67380
026 6861 40.282876 24.393331 0.97563 0.66807
027 6914 40.125022 24.584887 0.97554 0.67602
028 6941 41.036202 24.802129 0.97565 0.67978
029 6949 40.428760 24.873568 0.97400 0.68204
030 6675 40.125923 23.746405 0.97327 0.64837
031 6984 40.645649 24.986266 0.97535 0.68604
032 6732 40.191791 23.984113 0.97264 0.65378
033 6879 40.484987 24.461807 0.97421 0.66967
034 6935 41.302144 24.760959 0.97493 0.67921
035 6808 41.085178 24.204491 0.97475 0.65702
036 6719 41.654792 23.814247 0.97532 0.64686
037 6864 41.580196 24.501250 0.97535 0.67040
038 6541 42.087479 23.724691 0.97585 0.63920
039 6928 41.802497 24.848594 0.97531 0.68297
040 6415 42.483870 23.541394 0.97669 0.63753
041 6865 41.574671 24.618230 0.97500 0.67691
042 6506 42.382688 23.581947 0.97650 0.64097
043 6921 41.662237 24.873869 0.97551 0.68593
044 6602 42.414278 23.669123 0.97702 0.64268
045 6710 42.773474 23.917929 0.97711 0.65198
046 6751 41.346658 23.999395 0.97454 0.65200
047 6923 42.821225 24.851329 0.97799 0.68051
048 6310 41.757945 23.736482 0.97556 0.64181
049 6545 42.198785 23.700869 0.97680 0.64175
050 6811 41.732084 24.337291 0.97537 0.66099
