002 14000 26.808436 34.498834 0.96089 0.89790
003 13949 44.547344 34.464483 0.98445 0.89881
004 13928 44.585995 34.410971 0.98479 0.89795
005 13971 44.879988 34.486606 0.98457 0.89846
006 13980 44.633356 34.558734 0.98534 0.89876
007 13985 44.676722 34.518945 0.98415 0.89832
008 13964 44.625103 34.489809 0.98425 0.89755
009 13994 44.790542 34.515133 0.98506 0.89838
010 13910 44.756156 34.399529 0.98316 0.89828
011 13990 44.581248 34.519759 0.98309 0.89799
012 13843 44.487476 34.313239 0.98452 0.89650
013 14000 44.629725 34.560557 0.98396 0.89779
014 13992 44.453975 34.582941 0.98355 0.89753
015 13999 44.392144 34.535986 0.98358 0.89814
016 13846 44.051887 34.299968 0.98346 0.89633
017 13997 44.627926 34.571503 0.98327 0.89833
018 13929 43.436134 34.378095 0.98152 0.89665
019 13966 44.334762 34.489068 0.98255 0.89641
020 13993 44.206076 34.544328 0.98222 0.89741
021 13941 44.241476 34.461848 0.98239 0.89739
022 13915 43.894170 34.415967 0.98173 0.89628
023 13935 40.624074 34.439115 0.98195 0.89649
024 13954 41.155645 34.404594 0.98232 0.89660
025 13905 41.918086 34.507322 0.98228 0.89882
026 13984 41.392667 34.245425 0.98013 0.89339
027 13995 41.781708 34.322229 0.98143 0.89465
028 13879 41.721909 34.078648 0.98012 0.89274
029 13964 41.705008 34.186223 0.97951 0.89308
030 13606 41.202846 33.853421 0.97801 0.89373
031 13888 41.666909 34.124949 0.98043 0.89378
032 13565 41.385633 33.957412 0.97929 0.89568
033 13897 43.462940 34.149131 0.98053 0.89298
034 13958 43.921942 34.221217 0.98056 0.89478
035 13963 43.279329 34.224692 0.97999 0.89419
036 13910 43.681062 34.127030 0.98130 0.89297
037 13673 43.408194 33.952174 0.98005 0.89328
038 13998 43.578064 34.304809 0.98037 0.89430
039 13924 42.902366 34.563100 0.97879 0.89878
040 13991 43.702514 34.403157 0.98065 0.89603
041 13847 42.874434 34.890751 0.97823 0.90390
042 13911 43.461396 34.743178 0.97951 0.90244
043 13957 43.297999 34.969889 0.97956 0.90438
044 13994 43.517176 34.573340 0.97926 0.89896
045 13688 43.701902 34.190741 0.98108 0.89597
046 13950 43.499245 34.253749 0.97944 0.89450
047 13843 43.835377 34.188643 0.98112 0.89510
048 13964 43.278890 34.191017 0.97977 0.89291
049 13935 43.524829 34.134577 0.97993 0.89256
050 13961 43.495560 34.299532 0.98040 0.89564
