002 19968 44.692032 38.701836 0.98586 0.94550
003 19722 45.211800 38.502050 0.98627 0.94461
004 19873 45.245021 38.647608 0.98654 0.94533
005 19547 45.514814 38.399927 0.98741 0.94432
006 19587 45.381686 38.427434 0.98716 0.94416
007 19848 45.562851 38.668407 0.98678 0.94570
008 19743 45.321015 38.586836 0.98642 0.94502
009 19971 25.618931 38.727529 0.95868 0.94510
010 19942 45.287008 38.699120 0.98557 0.94493
011 19893 45.421651 38.644361 0.98666 0.94479
012 19952 45.204966 38.693597 0.98683 0.94473
013 19977 43.619336 38.741812 0.98453 0.94518
014 19970 45.149258 38.738258 0.98526 0.94467
015 19678 45.051039 38.545999 0.98567 0.94394
016 19810 44.855134 38.613858 0.98484 0.94462
017 19734 45.281999 38.510827 0.98584 0.94407
018 19458 45.108699 38.285412 0.98547 0.94338
019 19990 26.879072 38.770306 0.96060 0.94498
020 19764 43.502847 38.578573 0.98364 0.94511
021 19407 44.956046 38.256095 0.98436 0.94218
022 19603 44.939880 38.426212 0.98455 0.94324
023 19957 26.908022 38.734094 0.96009 0.94521
024 19575 41.938623 38.386646 0.98389 0.94337
025 19992 41.753695 38.873592 0.97810 0.94608
026 19994 31.990400 38.498933 0.96298 0.94246
027 19406 44.197781 38.054014 0.98515 0.93973
028 19550 44.276455 38.113329 0.98337 0.94057
029 19962 41.351010 38.416959 0.97934 0.94180
030 19992 37.991444 38.665153 0.97347 0.94431
031 19060 45.042735 37.782173 0.98369 0.93787
032 19969 40.703165 38.839503 0.97308 0.94599
033 19584 44.721928 38.183744 0.98506 0.94069
034 19997 43.512170 38.570878 0.98293 0.94326
035 19991 24.960046 38.487198 0.95274 0.94229
036 19598 44.597368 38.079649 0.98417 0.93987
037 19988 43.182415 38.585407 0.97958 0.94341
038 19733 44.416792 38.222197 0.98436 0.94106
039 19988 43.607546 38.901346 0.98022 0.94618
040 19974 44.815703 38.697678 0.98427 0.94437
041 19896 43.647741 39.347363 0.98209 0.95002
042 19993 43.141177 39.191453 0.98096 0.94834
043 19995 22.810110 39.339724 0.95566 0.94950
044 19990 44.869819 38.835182 0.98356 0.94535
045 19887 44.467651 38.773972 0.98340 0.94520
046 19466 44.360035 38.125873 0.98346 0.94054
047 19837 44.821703 38.474167 0.98479 0.94261
048 19902 44.567349 38.412665 0.98372 0.94196
049 19259 44.761944 37.878819 0.98554 0.93781
050 20000 43.718183 38.595578 0.97895 0.94285
