002 10994 25.883563 31.140498 0.95859 0.84716
003 10983 41.900953 31.206589 0.97782 0.84691
004 10942 44.399606 31.083692 0.98317 0.84586
005 10960 43.123882 31.172238 0.98102 0.84735
006 10997 43.223090 31.191266 0.97965 0.84813
007 10963 44.392383 31.117496 0.98321 0.84812
008 10977 44.187008 31.209382 0.98397 0.84725
009 10982 43.778525 31.173322 0.98236 0.84727
010 10999 42.284444 31.274663 0.97921 0.84902
011 10988 39.410459 31.225093 0.97375 0.84851
012 10908 44.113720 31.123527 0.98171 0.84705
013 10922 44.209699 31.165177 0.98274 0.84724
014 10996 43.852062 31.208998 0.98110 0.84746
015 10933 42.948187 31.108242 0.98084 0.84586
016 10998 42.632417 31.237071 0.97949 0.84835
017 10931 43.849780 31.133158 0.98254 0.84644
018 10924 43.755934 31.117448 0.98165 0.84485
019 10985 42.521060 31.202794 0.98080 0.84717
020 10933 42.437135 31.200720 0.98018 0.84658
021 10986 41.183097 31.179605 0.97450 0.84648
022 10956 42.620199 31.141128 0.97934 0.84599
023 10998 39.286914 31.266521 0.97622 0.84679
024 10986 39.758622 31.219374 0.97722 0.84689
025 10992 39.480865 31.264499 0.97571 0.84939
026 10990 39.743396 31.095019 0.97515 0.84425
027 10949 40.717739 31.046765 0.97829 0.84312
028 10964 38.921573 31.062005 0.97386 0.84226
029 10987 41.475015 30.997673 0.98008 0.84249
030 10956 40.669589 31.110606 0.97606 0.84739
031 10959 40.738567 31.040777 0.97821 0.84229
032 10958 40.812675 31.177406 0.97587 0.84818
033 10995 41.037603 31.102984 0.97633 0.84462
034 10972 41.260630 31.031948 0.97710 0.84398
035 10993 40.251085 30.987033 0.97367 0.84222
036 10992 40.988551 31.050834 0.97676 0.84356
037 10994 41.174920 31.136418 0.97552 0.84448
038 10969 41.287689 30.987968 0.97631 0.84130
039 10790 41.163033 31.085031 0.97682 0.84445
040 10850 43.214150 30.970722 0.97928 0.84176
041 10966 42.271864 31.602604 0.97719 0.85651
042 10944 42.756873 31.432484 0.97877 0.85309
043 10944 42.772177 31.461510 0.97860 0.85324
044 10938 43.289309 31.188782 0.97885 0.84635
045 10978 43.389686 31.314343 0.97896 0.84798
046 10881 43.047231 31.006021 0.97869 0.84183
047 10962 43.338908 31.135661 0.97956 0.84413
048 10987 43.017603 31.083806 0.97790 0.84238
049 10966 41.079537 30.981229 0.97474 0.84229
050 10715 42.953869 30.881071 0.97865 0.84019
