002 9919 44.868202 30.336203 0.98484 0.82539
003 9300 44.328220 29.198382 0.98381 0.80176
004 9305 44.376677 29.254508 0.98344 0.80355
005 9470 44.584495 29.645862 0.98353 0.81305
006 9431 44.240279 29.530276 0.98300 0.81147
007 9639 44.177555 29.966829 0.98267 0.82021
008 9998 25.602463 30.524536 0.95538 0.82900
009 9977 41.849416 30.552650 0.97899 0.82914
010 9250 44.067956 29.317307 0.98229 0.80174
011 9857 44.074103 30.319506 0.98200 0.82493
012 9722 43.772017 30.125024 0.98106 0.82293
013 9367 43.872031 29.456549 0.98134 0.80742
014 9185 43.809614 29.106144 0.98173 0.79741
015 9647 43.574807 29.976631 0.98071 0.82087
016 9995 26.829141 30.519571 0.95584 0.82904
017 9883 41.521880 30.290793 0.97850 0.82435
018 9996 25.556939 30.500444 0.95286 0.82821
019 9991 41.171673 30.496551 0.97720 0.82892
020 9762 41.519072 30.118626 0.97947 0.82231
021 9717 41.570066 30.084178 0.97980 0.82209
022 9858 41.067936 30.279287 0.97936 0.82427
023 9653 41.739257 29.963188 0.97977 0.81927
024 9996 26.169384 30.526293 0.95820 0.82919
025 9842 41.683582 30.279140 0.97923 0.82564
026 9382 41.994548 29.313488 0.97888 0.80228
027 9699 42.574655 29.908457 0.97947 0.81773
028 10000 37.504030 30.362255 0.96962 0.82373
029 9537 41.648107 29.592318 0.97918 0.81057
030 9979 40.557050 30.466394 0.97408 0.82735
031 9762 42.227644 29.953048 0.97825 0.81851
032 9969 42.114119 30.506747 0.97744 0.82762
033 9713 42.716967 29.983093 0.97776 0.81778
034 9969 42.552218 30.366236 0.97747 0.82415
035 9951 42.527173 30.221253 0.97705 0.82120
036 9994 24.937099 30.299352 0.94851 0.82284
037 9724 41.711088 29.911955 0.97719 0.81776
038 9365 42.636633 29.327332 0.97848 0.80333
039 9384 42.134345 29.492702 0.97628 0.80915
040 9996 42.393906 30.418315 0.97570 0.82554
041 10000 37.423331 30.865895 0.96532 0.83643
042 9685 42.883397 30.247918 0.97871 0.82579
043 9992 41.320144 30.749694 0.97619 0.83410
044 9468 43.379450 29.649552 0.97997 0.81139
045 9997 26.225048 30.532528 0.95945 0.82859
046 9601 41.378991 29.843731 0.97821 0.81571
047 9358 43.509609 29.391414 0.98055 0.80489
048 9999 43.071790 30.355349 0.97956 0.82366
049 9994 35.613083 30.326146 0.97064 0.82312
050 10000 42.952904 30.430728 0.97869 0.82661
