002 2966 41.686329 12.244946 0.97849 0.46166
003 2982 41.079530 12.523940 0.97752 0.46300
004 2984 39.356656 12.320032 0.97629 0.46096
005 2966 37.332985 12.497081 0.97205 0.47036
006 3000 24.754827 12.375246 0.94992 0.46103
007 2984 37.052849 12.319071 0.97043 0.47054
008 2989 26.899912 12.427444 0.95516 0.46560
009 2943 37.237397 12.398238 0.97138 0.46525
010 2996 26.071415 12.419454 0.95597 0.46174
011 2977 39.363822 12.394990 0.97424 0.47377
012 2996 27.613807 12.374723 0.95853 0.47305
013 2986 40.133527 12.378518 0.97538 0.47349
014 3000 36.576387 12.414474 0.96948 0.47498
015 2988 40.630888 12.336405 0.97672 0.46774
016 2994 27.472212 12.407420 0.95778 0.45840
017 2939 39.638763 12.434574 0.97498 0.47511
018 2993 25.447454 12.354381 0.95040 0.47197
019 2975 36.567546 12.360561 0.96635 0.47262
020 2981 37.355951 12.365171 0.96789 0.47255
021 2994 28.864744 12.493483 0.95613 0.47054
022 2962 37.777186 12.240693 0.97311 0.46374
023 2996 25.417252 12.547590 0.94769 0.47503
024 2999 36.930001 12.465439 0.96718 0.46871
025 2986 37.624542 12.401764 0.97037 0.47505
026 2996 21.960299 12.694636 0.94009 0.46783
027 2941 37.435255 12.398333 0.97078 0.47200
028 2998 37.745033 12.550534 0.96979 0.47280
029 2954 37.764932 12.403483 0.96852 0.47118
030 2997 35.475468 12.414742 0.95768 0.47384
031 2940 37.804469 12.414249 0.97005 0.47229
032 2999 26.704972 12.682280 0.94273 0.47819
033 2992 35.058573 12.484927 0.95766 0.47565
034 2984 36.579454 12.488524 0.96269 0.47641
035 2986 37.963315 12.562807 0.96833 0.47092
036 2996 25.749286 12.491848 0.94568 0.47493
037 2998 37.326840 12.425973 0.96427 0.47282
038 2991 37.556780 12.494016 0.96682 0.47608
039 2999 23.488576 12.477596 0.94273 0.47842
040 2994 39.390468 12.509397 0.97285 0.46876
041 2998 38.418929 12.455187 0.96986 0.48008
042 2994 25.365424 12.526679 0.94253 0.47185
043 2996 33.089998 12.536296 0.95350 0.47366
044 3000 39.442739 12.637201 0.97046 0.47483
045 2948 40.187976 12.421729 0.97014 0.47490
046 2998 36.600282 12.632749 0.96051 0.47285
047 2883 40.968610 12.424539 0.97377 0.47329
048 2996 37.383831 12.817477 0.96353 0.47698
049 2994 34.935304 12.893740 0.95368 0.47113
050 2997 36.009399 12.662325 0.95940 0.47331
