002 12911 45.133173 33.287985 0.98576 0.88539
003 12998 39.142550 33.367226 0.97440 0.88926
004 12105 44.570462 32.677045 0.98446 0.86826
005 12995 26.521112 33.375679 0.96501 0.88895
006 12991 41.569473 33.407400 0.98150 0.88956
007 12332 44.606698 32.851519 0.98395 0.87395
008 12997 26.811682 33.409888 0.95885 0.88941
009 12999 23.515488 33.358134 0.95520 0.88984
010 12977 44.269579 33.382328 0.98380 0.89004
011 12995 25.600156 33.426090 0.95541 0.88877
012 12524 44.396838 32.969622 0.98257 0.87614
013 12967 25.342413 33.410652 0.95708 0.88831
014 12776 44.406616 33.211118 0.98363 0.88291
015 12926 44.426540 33.352317 0.98321 0.88823
016 12961 43.816885 33.373843 0.98210 0.88812
017 12909 44.363121 33.387460 0.98292 0.88699
018 12999 42.428723 33.379054 0.98044 0.88807
019 12959 43.692582 33.356519 0.98208 0.88710
020 12125 42.863366 32.775812 0.98163 0.86949
021 12956 26.800392 33.376495 0.95718 0.88770
022 12272 40.178056 32.805163 0.97983 0.87034
023 12974 36.097595 33.424671 0.96488 0.88750
024 12974 42.486625 33.359129 0.98040 0.88742
025 12994 26.793643 33.479954 0.96119 0.89074
026 12975 41.413853 33.216944 0.97972 0.88310
027 12595 42.531843 32.946050 0.98133 0.87308
028 12982 42.021791 33.244145 0.97861 0.88440
029 12997 26.278231 33.185846 0.95880 0.88379
030 12990 41.567407 33.265473 0.97872 0.88695
031 12745 42.486056 33.042766 0.98165 0.87734
032 12969 41.900019 33.390092 0.97972 0.88975
033 12985 42.008109 33.253500 0.97930 0.88437
034 12895 42.517226 33.148707 0.98099 0.88403
035 12902 42.520370 33.118841 0.98056 0.88114
036 12956 41.344414 33.169253 0.97774 0.88191
037 12996 38.966666 33.353065 0.97294 0.88492
038 12254 42.479732 32.685217 0.98099 0.86621
039 12974 42.222020 33.503012 0.97968 0.89019
040 12903 42.526959 33.250421 0.98002 0.88368
041 12977 34.792083 33.947037 0.96358 0.89805
042 12940 43.556650 33.639430 0.97979 0.89444
043 12993 42.465528 33.817776 0.97895 0.89701
044 12987 43.579278 33.445378 0.98052 0.89010
045 12885 43.850281 33.417187 0.98080 0.88771
046 12996 42.936149 33.280839 0.97884 0.88591
047 12945 43.918726 33.288740 0.98154 0.88427
048 12998 40.756740 33.196403 0.97755 0.88270
049 12320 43.743755 32.630900 0.98215 0.86766
050 12974 42.167717 33.291680 0.97925 0.88438
