002 16994 42.148217 36.999394 0.98194 0.92643
003 16968 44.909427 36.986765 0.98555 0.92610
004 16826 45.035815 36.938009 0.98556 0.92565
005 16862 45.080211 36.876082 0.98602 0.92559
006 16963 45.047180 37.027873 0.98596 0.92593
007 16743 44.963623 36.776288 0.98532 0.92601
008 16968 44.889092 37.045439 0.98649 0.92641
009 16382 45.052517 36.341122 0.98574 0.92309
010 16918 44.980494 36.945773 0.98428 0.92563
011 16790 44.966112 36.821608 0.98544 0.92495
012 16975 25.715921 36.975088 0.95872 0.92604
013 16957 44.482561 37.015650 0.98381 0.92638
014 16859 45.027142 36.914160 0.98485 0.92519
015 16940 44.770363 36.997766 0.98483 0.92596
016 16877 44.592186 36.880785 0.98481 0.92477
017 16500 44.908333 36.466056 0.98522 0.92458
018 16986 44.566836 37.013415 0.98372 0.92513
019 16879 44.569715 36.918155 0.98381 0.92419
020 17000 23.316546 37.012016 0.95364 0.92595
021 16513 41.466712 36.493665 0.98271 0.92335
022 16701 44.695475 36.681358 0.98374 0.92338
023 16756 44.659320 36.824217 0.98434 0.92382
024 16707 41.810760 36.723565 0.98290 0.92398
025 16810 44.245433 36.936479 0.98306 0.92668
026 16859 43.143944 36.672013 0.98238 0.92239
027 16835 43.771383 36.672154 0.98261 0.92154
028 16320 43.666689 36.042183 0.98086 0.91909
029 16549 44.139666 36.220740 0.98220 0.92031
030 16548 43.568684 36.401675 0.98107 0.92266
031 16570 44.144278 36.259573 0.98300 0.92051
032 16863 43.728558 36.951873 0.98257 0.92576
033 16993 44.008175 36.796574 0.98208 0.92156
034 16351 44.235563 36.083104 0.98186 0.92002
035 16995 35.867855 36.791417 0.96905 0.92217
036 16295 44.357588 35.938718 0.98151 0.91860
037 16696 43.838835 36.586830 0.98113 0.92300
038 16895 44.151552 36.641595 0.98226 0.92216
039 17000 25.529967 37.167040 0.95378 0.92779
040 16956 44.221692 36.973804 0.98222 0.92408
041 16979 21.718308 37.516789 0.94713 0.93283
042 16944 43.808634 37.288399 0.98136 0.93016
043 16764 44.153107 37.336863 0.98278 0.93040
044 16223 44.360420 36.228897 0.98223 0.92273
045 16968 43.571429 37.121490 0.98162 0.92638
046 17000 33.718883 36.861710 0.96927 0.92342
047 16403 44.627910 36.179276 0.98387 0.92130
048 16948 44.222986 36.729079 0.98220 0.92213
049 16994 44.481920 36.701346 0.98344 0.92175
050 16908 44.203085 36.727109 0.98246 0.92201
