002 18400 45.703943 37.696700 0.98740 0.93837
003 18950 44.131272 37.938673 0.98411 0.94105
004 18975 42.770768 38.028480 0.98261 0.94175
005 18944 45.307159 37.963886 0.98615 0.94100
006 18895 45.115012 37.973511 0.98652 0.94079
007 18971 45.236065 38.001013 0.98607 0.94172
008 18998 44.183731 38.054732 0.98445 0.94140
009 18972 45.214110 38.000159 0.98643 0.94096
010 18999 42.114225 37.970070 0.97989 0.94071
011 18736 45.179458 37.843307 0.98538 0.93897
012 18924 45.036179 37.932392 0.98615 0.94068
013 18319 45.001211 37.673963 0.98582 0.93746
014 18947 44.795670 37.978909 0.98484 0.94073
015 18962 26.601894 37.989771 0.96547 0.94080
016 18716 44.759228 37.834376 0.98549 0.93895
017 18925 45.033823 37.930067 0.98440 0.94049
018 18658 44.899172 37.835581 0.98505 0.93887
019 18940 44.137411 37.984123 0.98398 0.94022
020 18933 44.948261 37.936361 0.98395 0.94039
021 18975 44.697318 37.979192 0.98361 0.94019
022 18885 44.762969 37.925264 0.98376 0.93966
023 18942 44.889913 37.999562 0.98429 0.94050
024 18898 44.759179 37.942245 0.98448 0.94012
025 18688 44.785762 37.908119 0.98376 0.94025
026 18973 43.613362 37.761711 0.98280 0.93761
027 18908 44.512504 37.779363 0.98593 0.93717
028 18744 44.028588 37.658072 0.98256 0.93647
029 18995 44.302312 37.729353 0.98282 0.93704
030 18917 43.917359 37.876325 0.98232 0.93961
031 18686 44.578689 37.620974 0.98433 0.93575
032 18977 44.073381 38.088578 0.98286 0.94184
033 18912 44.421813 37.770673 0.98416 0.93734
034 18945 44.536688 37.794554 0.98231 0.93839
035 18993 44.149644 37.809149 0.98221 0.93695
036 18936 44.390874 37.683176 0.98208 0.93638
037 18994 44.110960 37.860045 0.98244 0.93846
038 18386 44.488622 37.464545 0.98302 0.93351
039 18936 44.098416 38.130305 0.98213 0.94220
040 18904 44.773021 37.911743 0.98490 0.93891
041 18371 43.592830 38.243561 0.98124 0.94378
042 18724 44.233201 38.220090 0.98384 0.94320
043 18971 44.282468 38.490583 0.98312 0.94598
044 18994 26.975575 38.063878 0.95798 0.94105
045 18946 44.768049 38.097694 0.98476 0.94131
046 18916 44.461711 37.772625 0.98270 0.93772
047 18942 44.404383 37.841924 0.98339 0.93847
048 18839 44.432673 37.724578 0.98331 0.93643
049 18987 44.413757 37.725286 0.98354 0.93649
050 18995 44.369953 37.834854 0.98304 0.93775
