002 17906 45.559780 37.441489 0.98692 0.93441
003 17198 45.038363 37.073804 0.98543 0.92804
004 17532 45.162976 37.322329 0.98647 0.93026
005 17206 45.250643 37.116042 0.98670 0.92838
006 17999 24.897229 37.546265 0.95612 0.93500
007 17479 45.084221 37.227418 0.98582 0.93035
008 17997 25.731248 37.546475 0.95996 0.93489
009 17756 45.134999 37.352907 0.98584 0.93125
010 17962 44.972221 37.472655 0.98499 0.93404
011 17342 44.956063 37.144511 0.98616 0.92824
012 17989 44.714020 37.474702 0.98387 0.93420
013 17997 41.324219 37.520908 0.97915 0.93512
014 17835 45.191475 37.456792 0.98542 0.93359
015 17952 44.944645 37.485380 0.98470 0.93399
016 17999 25.831934 37.461551 0.96394 0.93362
017 17994 25.839067 37.489472 0.95725 0.93483
018 17368 44.015430 37.181063 0.98322 0.92771
019 17953 44.207636 37.485496 0.98399 0.93394
020 17999 24.969060 37.491772 0.95365 0.93425
021 17797 40.650697 37.408403 0.98244 0.93218
022 17952 44.319013 37.452875 0.98278 0.93350
023 17958 42.416600 37.504149 0.97876 0.93384
024 17981 42.486769 37.500890 0.98004 0.93427
025 17993 42.252212 37.593383 0.98067 0.93620
026 17214 43.609280 36.933905 0.98206 0.92461
027 17383 43.913945 37.031306 0.98184 0.92519
028 17897 43.808033 37.244953 0.98100 0.92927
029 17936 43.516028 37.246402 0.98109 0.92926
030 17926 43.669863 37.394040 0.98140 0.93307
031 17978 38.434531 37.283788 0.97462 0.93031
032 17085 43.683054 37.100990 0.98225 0.92757
033 17997 43.411840 37.327595 0.98150 0.93034
034 17264 44.547375 36.936261 0.98335 0.92456
035 17996 35.567744 37.305201 0.97319 0.92914
036 17935 44.550163 37.209902 0.98236 0.92864
037 17956 40.298257 37.392689 0.97802 0.93205
038 17308 44.391232 36.938468 0.98328 0.92445
039 17847 43.718439 37.589173 0.98171 0.93539
040 17778 44.439088 37.353741 0.98380 0.93007
041 17842 43.120079 37.989330 0.98018 0.94036
042 17977 42.217200 37.818656 0.97829 0.93820
043 17963 44.126659 37.950949 0.98275 0.94033
044 17941 44.301799 37.572115 0.98322 0.93458
045 17973 44.123653 37.611535 0.98279 0.93503
046 17967 42.826639 37.336250 0.97973 0.93107
047 17576 44.616992 37.175186 0.98380 0.92820
048 17997 22.545101 37.322194 0.95621 0.93058
049 17894 44.284814 37.201417 0.98449 0.92850
050 17272 44.338568 36.987300 0.98268 0.92419
