002 14999 45.202805 35.154957 0.98596 0.90972
003 14849 44.871588 35.087957 0.98511 0.90903
004 14839 44.851512 35.134122 0.98559 0.90816
005 14604 44.978561 34.936664 0.98543 0.90415
006 14099 44.731530 34.759298 0.98512 0.89966
007 14146 45.002208 34.758978 0.98491 0.89946
008 14957 44.891606 35.160061 0.98480 0.90919
009 14430 44.706818 34.832360 0.98420 0.90200
010 14504 44.610530 34.931522 0.98469 0.90375
011 14277 44.534356 34.818051 0.98404 0.90019
012 14999 26.161624 35.203360 0.96220 0.90982
013 14996 25.596559 35.198895 0.95713 0.91058
014 14883 44.650511 35.165312 0.98306 0.90761
015 14592 44.524286 34.919377 0.98360 0.90403
016 14188 44.160113 34.752695 0.98274 0.89897
017 14217 44.454096 34.772863 0.98342 0.89972
018 14648 44.378002 34.953831 0.98334 0.90347
019 14346 44.212608 34.790928 0.98269 0.89991
020 14454 44.108230 34.868122 0.98262 0.90185
021 14316 41.168144 34.788425 0.98206 0.90024
022 14554 43.788863 34.848930 0.98220 0.90232
023 14263 43.711088 34.754712 0.98216 0.89875
024 14583 41.317405 34.878992 0.98182 0.90230
025 14989 43.104212 35.267601 0.98097 0.91146
026 14683 42.913290 34.811388 0.98101 0.90017
027 14933 43.345972 35.049693 0.98155 0.90556
028 14993 37.512496 34.999105 0.97038 0.90545
029 14222 43.654720 34.580355 0.98174 0.89495
030 14878 42.424191 35.024079 0.97821 0.90710
031 14978 42.457740 34.966262 0.97960 0.90621
032 14937 42.698254 35.224985 0.97900 0.91144
033 14399 43.859523 34.643288 0.98162 0.89636
034 14986 36.650269 34.985693 0.96779 0.90641
035 14935 43.288845 34.971729 0.98200 0.90530
036 14565 44.162606 34.718771 0.98326 0.89914
037 14995 35.501908 35.076003 0.97194 0.90748
038 14901 43.515930 34.922697 0.98106 0.90380
039 14942 43.102368 35.268034 0.98074 0.91080
040 14270 44.416131 34.695176 0.98294 0.89806
041 15000 42.647258 35.641716 0.97879 0.91857
042 14992 43.112105 35.413339 0.97878 0.91610
043 14262 43.766283 35.111369 0.98132 0.90791
044 14994 40.663139 35.224994 0.97618 0.90990
045 14977 40.444884 35.282145 0.97943 0.90981
046 14998 35.702094 35.022097 0.97290 0.90595
047 14983 42.708341 35.048148 0.98126 0.90686
048 14998 37.821476 34.970621 0.97314 0.90520
049 14610 43.933677 34.732170 0.98250 0.89877
050 14972 42.371734 35.022856 0.97866 0.90702
