002 15691 45.458031 35.716250 0.98662 0.91848
003 16000 43.475371 35.962082 0.98306 0.92126
004 15996 41.912495 36.033095 0.98146 0.92126
005 15959 40.594909 35.956514 0.98093 0.92132
006 15990 44.800953 36.066009 0.98455 0.92125
007 15919 44.368794 35.959601 0.98420 0.92181
008 15985 24.906363 36.021969 0.95495 0.92156
009 15996 41.826489 35.998286 0.97861 0.92091
010 15910 44.792671 35.937233 0.98425 0.92078
011 15996 35.600675 36.032537 0.97180 0.92125
012 15395 44.675829 35.531707 0.98542 0.91612
013 15864 44.571396 35.911551 0.98486 0.92113
014 15984 24.959108 36.044191 0.95404 0.92084
015 15968 43.925323 35.972716 0.98318 0.92124
016 15957 44.231717 35.917011 0.98371 0.92028
017 15894 44.349399 35.883864 0.98317 0.92078
018 15259 43.844245 35.365169 0.98328 0.91311
019 15998 44.350301 36.020284 0.98325 0.91983
020 15978 43.716597 35.995709 0.98209 0.92099
021 15997 42.808029 35.980773 0.97854 0.92045
022 15984 43.862895 35.981075 0.98276 0.91965
023 15994 43.689569 36.010611 0.98234 0.91996
024 15986 41.198676 35.956702 0.98192 0.92006
025 15982 41.894417 36.053195 0.98124 0.92271
026 15995 41.415833 35.772116 0.97943 0.91757
027 15973 26.188089 35.845560 0.96054 0.91725
028 15997 41.125061 35.746776 0.97933 0.91706
029 15880 43.913865 35.677410 0.98174 0.91611
030 15476 43.251584 35.468859 0.98032 0.91457
031 15896 43.972950 35.658513 0.98283 0.91647
032 15856 43.352647 35.917559 0.98099 0.92095
033 15994 43.772665 35.794628 0.97941 0.91648
034 15891 44.259409 35.662968 0.98193 0.91655
035 15995 43.731072 35.747366 0.98110 0.91726
036 15965 44.073201 35.662930 0.98178 0.91654
037 15997 43.217489 35.863848 0.98081 0.91935
038 16000 43.746008 35.745134 0.98142 0.91745
039 15429 43.437417 35.646937 0.98125 0.91775
040 15828 44.122670 35.806601 0.98417 0.91834
041 15994 23.415639 36.536473 0.94995 0.92762
042 15997 43.720422 36.234575 0.98133 0.92501
043 15886 44.311028 36.324462 0.98245 0.92613
044 15601 44.338568 35.725535 0.98296 0.91822
045 15865 44.421046 36.006133 0.98386 0.92086
046 15988 43.724700 35.809840 0.98143 0.91859
047 16000 31.941851 35.808774 0.96339 0.91894
048 15972 43.386176 35.737846 0.98178 0.91700
049 15886 44.116005 35.623978 0.98175 0.91528
050 15420 43.604716 35.353233 0.98145 0.91263
