002 5803 44.238447 19.512488 0.98279 0.56907
003 5906 43.571516 20.532045 0.98131 0.59092
004 5908 43.595043 20.413643 0.98134 0.59279
005 5963 43.393519 21.816480 0.98119 0.61664
006 5993 43.130704 21.620648 0.98067 0.60898
007 5982 43.138791 21.762903 0.98059 0.61176
008 5952 42.886639 21.591680 0.98024 0.60233
009 5999 42.878281 22.149244 0.98036 0.61309
010 5975 43.187247 21.924021 0.98010 0.61366
011 5992 43.303030 21.967569 0.98006 0.61663
012 5993 42.376221 21.767230 0.97778 0.61291
013 5957 42.347695 21.802224 0.97759 0.60705
014 5985 42.134932 21.676736 0.97705 0.61163
015 5983 40.963437 21.807006 0.97563 0.60970
016 5967 41.608919 21.639215 0.97645 0.60780
017 5989 40.210291 21.932357 0.97274 0.61493
018 5974 34.671102 21.612310 0.96425 0.60698
019 5970 40.909679 20.691574 0.97714 0.60831
020 5995 41.067290 20.639287 0.97721 0.60483
021 5986 39.774351 21.374547 0.97589 0.60829
022 5997 36.244589 21.653192 0.96623 0.60761
023 5963 39.144991 20.651389 0.97403 0.60445
024 5977 39.849342 20.318481 0.97568 0.59378
025 5965 38.918513 20.717000 0.97094 0.60830
026 5994 36.756882 21.612265 0.96344 0.60187
027 5965 40.492425 20.599486 0.97578 0.59952
028 6000 39.287615 21.534726 0.97345 0.60177
029 5969 40.066067 20.346600 0.97461 0.58975
030 5995 38.791419 20.676866 0.96833 0.60273
031 5958 39.299203 20.573173 0.97158 0.59560
032 5910 39.599514 19.895168 0.97065 0.58536
033 5994 25.308086 21.167385 0.94323 0.59888
034 5986 37.459588 20.705858 0.96346 0.59885
035 5962 39.690640 20.112497 0.96848 0.58936
036 5999 26.145572 21.090601 0.94807 0.59362
037 5984 38.341675 21.375712 0.96867 0.60300
038 5961 40.268307 20.067145 0.97239 0.58971
039 5965 40.621760 20.470752 0.97216 0.59681
040 5817 40.608379 18.810462 0.97297 0.57298
041 5999 40.293004 21.799616 0.97298 0.60993
042 5834 41.417211 18.763620 0.97512 0.58045
043 5987 41.529818 20.713944 0.97567 0.60061
044 5898 41.966731 19.505760 0.97575 0.57776
045 6000 41.756845 21.927103 0.97524 0.61041
046 5997 41.553737 21.873964 0.97421 0.60672
047 5998 41.421355 21.765637 0.97397 0.60439
048 5907 41.423625 19.756628 0.97413 0.58448
049 5991 40.656724 20.577673 0.97145 0.59748
050 5967 41.617295 20.370622 0.97487 0.59242
