002 23969 46.351167 40.509863 0.98895 0.95949
003 23994 41.038507 40.474566 0.98136 0.95899
004 23998 45.604150 40.541970 0.98836 0.95925
005 23998 38.070498 40.542099 0.97818 0.95943
006 23991 45.519441 40.567925 0.98800 0.95966
007 23970 45.280403 40.586727 0.98621 0.95949
008 23993 43.611601 40.556611 0.98532 0.95914
009 23692 45.703418 40.379724 0.98796 0.95788
010 23847 45.970740 40.466698 0.98787 0.95841
011 23967 45.283283 40.531939 0.98697 0.95848
012 23945 45.850610 40.577908 0.98761 0.95915
013 23160 45.839691 40.192558 0.98822 0.95615
014 23996 44.234555 40.601907 0.98444 0.95896
015 23998 43.930545 40.619189 0.98402 0.95949
016 23911 44.078215 40.502139 0.98524 0.95836
017 23987 43.588618 40.532474 0.98233 0.95879
018 23866 45.719188 40.507492 0.98607 0.95857
019 23862 45.389161 40.473493 0.98619 0.95839
020 23957 44.464232 40.558533 0.98434 0.95922
021 23710 45.411890 40.400801 0.98597 0.95816
022 23782 45.343854 40.462108 0.98669 0.95818
023 23960 45.468030 40.532750 0.98718 0.95869
024 23951 45.618790 40.536567 0.98558 0.95860
025 23648 45.536500 40.534612 0.98603 0.95898
026 23939 44.545501 40.265261 0.98428 0.95630
027 23968 45.053056 40.356459 0.98528 0.95729
028 23999 44.912811 40.344705 0.98569 0.95675
029 23940 45.093852 40.237626 0.98547 0.95653
030 23842 44.800001 40.414860 0.98425 0.95783
031 23917 45.403961 40.293893 0.98536 0.95691
032 23616 44.676658 40.501254 0.98423 0.95878
033 23776 45.127542 40.240704 0.98431 0.95609
034 23813 45.084029 40.320667 0.98678 0.95687
035 23873 45.020576 40.219553 0.98433 0.95588
036 23957 45.270077 40.217198 0.98526 0.95640
037 23883 44.851578 40.335959 0.98429 0.95736
038 23998 42.100699 40.267885 0.97915 0.95636
039 23307 44.795588 40.385748 0.98420 0.95822
040 23585 45.356820 40.324244 0.98576 0.95762
041 23159 44.543613 40.704405 0.98385 0.96122
042 23942 45.189823 40.964794 0.98591 0.96178
043 23986 43.536702 41.146853 0.98325 0.96329
044 23995 45.396799 40.585999 0.98530 0.95930
045 23953 45.630439 40.576493 0.98579 0.95906
046 23546 45.052204 40.179897 0.98417 0.95594
047 23991 45.176450 40.387014 0.98642 0.95686
048 23949 44.753216 40.231356 0.98495 0.95601
049 23967 42.896581 40.233317 0.98340 0.95614
050 23864 45.276922 40.331628 0.98447 0.95675
