002 26399 46.624399 41.623506 0.98947 0.96405
003 26995 46.076438 41.704356 0.98937 0.96448
004 26903 45.727674 41.753483 0.98780 0.96430
005 26933 46.460508 41.760993 0.98989 0.96451
006 26770 46.557641 41.764720 0.98858 0.96460
007 26996 46.159044 41.789283 0.98886 0.96453
008 26987 45.869737 41.746766 0.98837 0.96419
009 26998 25.629277 41.770574 0.96222 0.96434
010 26979 46.077429 41.734287 0.98744 0.96415
011 26987 45.944153 41.774955 0.98816 0.96407
012 26993 45.983180 41.799946 0.98898 0.96456
013 26527 45.981650 41.686682 0.98909 0.96396
014 26909 45.742044 41.767511 0.98835 0.96446
015 26993 45.300082 41.792164 0.98704 0.96450
016 26931 45.264009 41.753922 0.98678 0.96414
017 26774 46.150099 41.727972 0.98710 0.96397
018 26970 46.034888 41.789816 0.98893 0.96427
019 26986 45.770886 41.759599 0.98715 0.96411
020 26881 45.724606 41.771195 0.98689 0.96443
021 26858 45.850631 41.746384 0.98703 0.96412
022 26525 45.840942 41.666454 0.98831 0.96371
023 26391 45.774254 41.660802 0.98735 0.96367
024 26535 45.724160 41.690498 0.98754 0.96386
025 26636 46.059538 41.807224 0.98656 0.96448
026 26301 45.032057 41.404839 0.98535 0.96224
027 26465 45.768691 41.453044 0.98725 0.96235
028 26955 45.629227 41.572329 0.98715 0.96266
029 26912 45.665633 41.542498 0.98747 0.96278
030 26743 44.990857 41.683974 0.98532 0.96372
031 26621 45.581457 41.502073 0.98569 0.96272
032 26933 45.131951 41.868217 0.98492 0.96491
033 26999 45.571409 41.561913 0.98603 0.96253
034 26999 29.875912 41.634467 0.97151 0.96310
035 26533 44.981076 41.422042 0.98460 0.96175
036 26756 45.420003 41.451874 0.98578 0.96219
037 26454 45.087710 41.545956 0.98513 0.96302
038 26374 45.222224 41.400238 0.98636 0.96187
039 26994 26.011092 41.912976 0.95904 0.96546
040 26545 45.699984 41.651873 0.98718 0.96363
041 26981 38.773296 42.257126 0.97754 0.96764
042 26939 45.509439 42.063412 0.98643 0.96621
043 26961 44.859042 42.187637 0.98491 0.96728
044 26345 45.425667 41.656805 0.98691 0.96369
045 26908 45.904795 41.773189 0.98639 0.96422
046 26262 45.482237 41.444327 0.98549 0.96211
047 26620 45.666475 41.554857 0.98643 0.96288
048 26857 45.426255 41.525530 0.98625 0.96258
049 26880 45.580357 41.532896 0.98652 0.96240
050 26818 45.410378 41.613865 0.98580 0.96324
