002 59984 52.769626 51.465493 0.99721 0.99529
003 59987 44.001615 51.603137 0.99365 0.99540
004 59998 38.198816 51.606598 0.98249 0.99545
005 59944 53.377829 51.546205 0.99741 0.99537
006 59972 48.503478 51.663376 0.99503 0.99542
007 59997 37.302490 51.608722 0.98263 0.99537
008 59745 53.795448 51.451199 0.99749 0.99522
009 59971 49.837354 51.564632 0.99667 0.99533
010 59559 54.897006 51.306598 0.99805 0.99512
011 59471 55.205615 51.241522 0.99798 0.99506
012 59995 45.653171 51.557858 0.99263 0.99525
013 59999 36.234116 51.596304 0.98081 0.99531
014 59997 49.282825 51.499440 0.99576 0.99525
015 59590 55.063629 51.474489 0.99784 0.99527
016 59552 54.852592 51.325288 0.99766 0.99511
017 59996 36.255629 51.465569 0.98111 0.99521
018 59996 36.216062 51.551095 0.98416 0.99529
019 59610 54.617055 51.316154 0.99768 0.99515
020 59998 22.892365 51.558403 0.97573 0.99541
021 59434 54.553480 51.250138 0.99744 0.99509
022 59301 54.464764 51.222685 0.99725 0.99496
023 59987 40.674486 51.538221 0.99057 0.99532
024 59545 54.457781 51.283239 0.99745 0.99504
025 59999 22.492716 51.660826 0.97351 0.99546
026 59791 53.718004 51.134853 0.99723 0.99492
027 59962 54.174896 51.119354 0.99771 0.99492
028 59838 53.653245 51.026678 0.99675 0.99478
029 59994 54.568236 51.079941 0.99764 0.99485
030 59522 53.298940 51.294281 0.99643 0.99512
031 59864 53.666752 51.149912 0.99698 0.99501
032 59983 51.848692 51.622361 0.99483 0.99533
033 59998 37.844974 51.201993 0.98218 0.99510
034 59792 55.012313 51.160335 0.99792 0.99495
035 59960 53.388014 51.126533 0.99657 0.99491
036 59989 40.613490 51.022550 0.98717 0.99487
037 59999 22.541051 51.246298 0.97463 0.99501
038 59878 53.855903 51.002925 0.99786 0.99488
039 59999 54.212723 51.693852 0.99786 0.99544
040 59462 54.311175 51.240292 0.99749 0.99502
041 59890 55.247622 52.470440 0.99785 0.99617
042 59914 55.884102 51.957006 0.99833 0.99560
043 59646 55.457095 52.128974 0.99824 0.99581
044 59444 54.450354 51.280027 0.99739 0.99510
045 59382 54.592890 51.414613 0.99746 0.99516
046 59985 53.988239 51.266039 0.99715 0.99508
047 59998 37.077025 51.274558 0.97956 0.99510
048 59831 53.237577 51.061721 0.99706 0.99486
049 59945 53.705102 51.025508 0.99709 0.99478
050 59663 53.206763 51.121605 0.99730 0.99499
