002 19968 44.692032 38.701836 0.98586 0.94550
003 19722 45.211800 38.502050 0.98627 0.94461
004 19873 45.245021 38.647608 0.98654 0.94533
005 19547 45.514814 38.399927 0.98741 0.94432
006 19587 45.381686 38.427434 0.98716 0.94416
007 19848 45.562851 38.668407 0.98678 0.94570
008 19743 45.321015 38.586836 0.98642 0.94502
009 19971 25.618931 38.727529 0.95868 0.94510
010 19937 45.290939 38.674819 0.98536 0.94479
011 19734 45.075242 38.530059 0.98613 0.94424
012 19449 45.071274 38.289538 0.98574 0.94297
013 19992 44.580920 38.759616 0.98411 0.94525
014 19961 44.991046 38.738258 0.98456 0.94467
015 19905 44.866552 38.743020 0.98416 0.94462
016 19795 44.706561 38.595220 0.98460 0.94457
017 19841 45.144014 38.587766 0.98569 0.94430
018 20000 44.988388 38.704388 0.98544 0.94529
019 19590 44.446994 38.430065 0.98565 0.94363
020 19991 24.974037 38.753763 0.95397 0.94565
021 19587 41.545956 38.433144 0.98451 0.94316
022 19916 44.746986 38.664174 0.98457 0.94426
023 19997 44.969370 38.777075 0.98471 0.94535
024 19836 44.875327 38.632790 0.98503 0.94449
025 19992 36.260717 38.873592 0.96846 0.94608
026 19866 43.656170 38.413691 0.98359 0.94212
027 19998 38.898764 38.531256 0.97847 0.94246
028 19959 44.072784 38.463544 0.98227 0.94260
029 19424 44.615938 37.988498 0.98451 0.93917
030 19984 44.151255 38.665153 0.98235 0.94431
031 19573 44.816362 38.149847 0.98514 0.94050
032 20000 44.484606 38.860061 0.98351 0.94605
033 19851 44.819889 38.396695 0.98407 0.94211
034 19214 44.696421 37.957036 0.98329 0.93959
035 19985 44.146042 38.487198 0.98147 0.94229
036 19610 44.606666 38.090497 0.98284 0.93990
037 19995 25.426875 38.600127 0.95654 0.94345
038 19932 44.431799 38.379399 0.98380 0.94206
039 19590 44.162252 38.599528 0.98328 0.94502
040 19997 24.977696 38.703154 0.95574 0.94437
041 19993 42.848229 39.446842 0.98110 0.95017
042 19519 44.413697 38.808673 0.98308 0.94715
043 19942 44.301404 39.300942 0.98463 0.94942
044 19991 44.405552 38.835182 0.98243 0.94535
045 19964 40.761970 38.814352 0.97846 0.94530
046 19951 26.991928 38.504052 0.95875 0.94278
047 19619 44.675988 38.296401 0.98540 0.94163
048 19586 44.668769 38.143271 0.98372 0.94036
049 19816 44.733453 38.292024 0.98496 0.94060
050 19995 43.633678 38.572744 0.97750 0.94279
