002 54714 53.291164 49.515638 0.99754 0.99272
003 54727 52.667389 49.597190 0.99649 0.99280
004 54918 52.613884 49.645053 0.99660 0.99299
005 54822 53.237004 49.660958 0.99715 0.99292
006 54984 52.718715 49.719253 0.99702 0.99299
007 54863 52.905834 49.633150 0.99671 0.99290
008 54976 52.377001 49.631303 0.99597 0.99297
009 54807 52.680063 49.597091 0.99680 0.99287
010 54988 52.398567 49.619686 0.99648 0.99298
011 54467 52.509877 49.480441 0.99690 0.99263
012 54991 51.551484 49.628258 0.99600 0.99286
013 54939 51.080359 49.686265 0.99538 0.99294
014 54931 52.294462 49.603584 0.99649 0.99278
015 54761 52.504456 49.609690 0.99680 0.99282
016 54735 52.085273 49.543630 0.99572 0.99274
017 54973 51.830761 49.579197 0.99672 0.99277
018 54986 52.363587 49.564179 0.99645 0.99278
019 54992 51.697064 49.587245 0.99517 0.99281
020 54920 51.546515 49.613765 0.99587 0.99294
021 54935 51.441417 49.579691 0.99574 0.99286
022 55000 50.981071 49.613616 0.99564 0.99275
023 54989 52.031845 49.630704 0.99563 0.99290
024 54865 52.318957 49.492802 0.99623 0.99263
025 54868 52.529585 49.682727 0.99643 0.99302
026 54987 47.816624 49.371871 0.99290 0.99241
027 54995 43.860448 49.407570 0.98917 0.99251
028 54965 48.982287 49.357457 0.99307 0.99239
029 54983 24.999851 49.315058 0.97150 0.99233
030 54981 50.871431 49.602543 0.99474 0.99286
031 54921 48.188612 49.387607 0.99295 0.99250
032 54855 51.892669 49.636598 0.99605 0.99291
033 54713 51.916768 49.309770 0.99692 0.99237
034 54438 51.538453 49.301248 0.99556 0.99230
035 54995 51.080986 49.373564 0.99486 0.99241
036 54969 51.412055 49.250784 0.99541 0.99227
037 54987 49.459804 49.471577 0.99439 0.99253
038 54952 44.948872 49.279509 0.99234 0.99242
039 54705 50.898416 49.661008 0.99578 0.99292
040 54865 51.421619 49.582010 0.99527 0.99278
041 54995 23.841658 50.331775 0.97151 0.99384
042 54998 46.177982 49.928874 0.99333 0.99326
043 54902 52.026988 50.130384 0.99663 0.99362
044 54877 50.849831 49.573824 0.99590 0.99279
045 54905 52.871590 49.703438 0.99680 0.99295
046 54988 51.456515 49.466095 0.99595 0.99260
047 54963 49.615755 49.462876 0.99438 0.99251
048 54920 50.919990 49.368627 0.99518 0.99239
049 55000 50.204146 49.352538 0.99499 0.99237
050 54853 50.895075 49.471866 0.99504 0.99265
