002 55980 52.760381 49.872200 0.99754 0.99332
003 55959 47.830849 49.934652 0.99223 0.99341
004 55987 42.470401 49.944085 0.99064 0.99350
005 55994 39.183092 49.972343 0.98696 0.99351
006 55978 47.137086 49.985269 0.99221 0.99341
007 55304 53.041086 49.701459 0.99677 0.99305
008 55991 50.525200 49.905999 0.99507 0.99340
009 55999 49.768694 49.905042 0.99541 0.99339
010 55418 53.135143 49.725779 0.99724 0.99318
011 55997 36.279066 49.881762 0.98012 0.99338
012 55988 48.776489 49.917448 0.99373 0.99331
013 55995 39.578901 49.974882 0.98914 0.99340
014 55584 52.845665 49.749671 0.99699 0.99307
015 55985 26.021802 49.941456 0.97006 0.99342
016 55998 37.881474 49.881709 0.98774 0.99335
017 55999 36.120382 49.841124 0.98829 0.99323
018 55981 44.066251 49.881709 0.99052 0.99332
019 55614 52.603974 49.752288 0.99632 0.99311
020 55564 52.631480 49.771478 0.99633 0.99324
021 55415 52.347509 49.689299 0.99607 0.99308
022 55332 52.371180 49.692133 0.99605 0.99292
023 55998 35.997203 49.921289 0.98184 0.99341
024 55971 51.350209 49.813184 0.99517 0.99315
025 56000 43.592656 50.037359 0.98875 0.99355
026 55274 51.244778 49.442275 0.99575 0.99258
027 55683 51.906387 49.577225 0.99584 0.99285
028 55642 51.768662 49.529124 0.99569 0.99274
029 55869 52.186315 49.520793 0.99619 0.99276
030 55776 51.716063 49.806525 0.99583 0.99326
031 55675 51.678547 49.562950 0.99578 0.99286
032 55987 36.223568 49.987761 0.97915 0.99341
033 55951 51.371845 49.608150 0.99588 0.99295
034 55924 50.639606 49.644803 0.99475 0.99298
035 55739 51.659154 49.549848 0.99528 0.99277
036 55995 39.258915 49.505344 0.98859 0.99280
037 55754 52.322759 49.644552 0.99640 0.99291
038 55911 52.090987 49.481936 0.99647 0.99286
039 55984 51.569856 50.031060 0.99552 0.99348
040 55988 43.500400 49.901481 0.99204 0.99335
041 55853 52.756791 50.646097 0.99630 0.99429
042 55730 52.777346 50.201128 0.99706 0.99362
043 55957 53.158023 50.503847 0.99726 0.99412
044 55998 36.363055 49.892140 0.98358 0.99333
045 55949 51.425768 49.995626 0.99589 0.99343
046 55570 52.267446 49.605420 0.99643 0.99289
047 55516 52.591027 49.617048 0.99648 0.99281
048 55467 52.088876 49.500062 0.99627 0.99264
049 55819 52.188833 49.515929 0.99648 0.99275
050 55494 51.899733 49.642250 0.99624 0.99299
