002 52841 52.500202 49.079763 0.99694 0.99197
003 52670 52.307570 49.051496 0.99632 0.99195
004 52992 51.415441 49.139664 0.99554 0.99215
005 52889 52.279739 49.145151 0.99633 0.99212
006 52855 52.256650 49.176105 0.99664 0.99208
007 52772 51.731258 49.074754 0.99556 0.99198
008 52654 52.027855 49.052631 0.99606 0.99200
009 52850 51.528010 49.082974 0.99579 0.99202
010 52724 51.140362 49.033231 0.99541 0.99201
011 52824 52.202258 49.014912 0.99679 0.99197
012 52781 51.064289 49.079631 0.99544 0.99191
013 52313 51.148283 48.991713 0.99637 0.99181
014 52958 52.147290 49.087685 0.99622 0.99194
015 52988 51.754232 49.157533 0.99615 0.99211
016 52985 49.964089 49.086452 0.99516 0.99199
017 52765 51.087753 49.010020 0.99500 0.99185
018 52937 50.958717 49.059672 0.99612 0.99192
019 52961 50.962650 49.059497 0.99447 0.99193
020 52805 51.121535 49.031143 0.99527 0.99200
021 52977 51.158773 49.090373 0.99537 0.99206
022 52799 51.470675 49.050360 0.99543 0.99188
023 52825 51.165236 49.044163 0.99532 0.99196
024 52891 50.827812 48.986761 0.99484 0.99174
025 52493 51.319024 49.064007 0.99567 0.99201
026 52977 47.786650 48.848094 0.99300 0.99162
027 52974 47.202684 48.878463 0.99208 0.99177
028 52967 50.435964 48.834650 0.99450 0.99160
029 52281 50.898416 48.586043 0.99480 0.99120
030 52958 50.437827 49.066461 0.99430 0.99206
031 52999 50.283183 48.880310 0.99481 0.99175
032 52843 50.923484 49.169053 0.99521 0.99207
033 52977 50.764361 48.858904 0.99496 0.99170
034 52842 51.094530 48.857024 0.99515 0.99170
035 52972 49.655131 48.818308 0.99301 0.99157
036 52963 50.642126 48.741857 0.99524 0.99151
037 52985 50.579448 48.946834 0.99482 0.99173
038 52995 47.253061 48.769156 0.99337 0.99164
039 52457 50.193450 49.117077 0.99414 0.99204
040 52812 50.473620 49.032056 0.99471 0.99192
041 52997 36.258163 49.733643 0.98239 0.99288
042 52962 50.257389 49.432249 0.99545 0.99236
043 52332 52.051150 49.455775 0.99623 0.99251
044 52807 50.721606 49.048875 0.99478 0.99193
045 52680 51.451047 49.081215 0.99609 0.99197
046 52805 50.876482 48.885395 0.99518 0.99174
047 52946 50.599429 48.943637 0.99496 0.99173
048 52942 50.433802 48.802233 0.99427 0.99153
049 52978 47.665221 48.831452 0.99228 0.99155
050 52999 50.556222 48.972195 0.99488 0.99190
