002 58561 55.675179 50.867978 0.99836 0.99467
003 58952 54.238894 51.112749 0.99790 0.99494
004 58980 53.542866 51.166800 0.99695 0.99502
005 58725 52.995027 51.011080 0.99813 0.99487
006 58710 54.942220 51.080499 0.99807 0.99487
007 58883 54.202842 51.104471 0.99749 0.99493
008 58606 54.447478 50.959734 0.99788 0.99477
009 58840 54.374846 51.041366 0.99778 0.99485
010 58990 53.208469 51.085310 0.99728 0.99492
011 58988 53.805879 51.020075 0.99718 0.99488
012 58834 54.437502 51.025095 0.99762 0.99473
013 58987 54.832206 51.143755 0.99790 0.99486
014 58970 53.786341 51.068944 0.99759 0.99482
015 58878 54.724911 51.147009 0.99773 0.99496
016 58989 53.045905 51.054232 0.99684 0.99483
017 58991 50.046358 51.055272 0.99619 0.99481
018 58883 54.061831 51.019868 0.99711 0.99476
019 58974 54.185996 51.043991 0.99737 0.99486
020 58785 54.096169 51.002172 0.99725 0.99486
021 58967 54.030375 51.043922 0.99750 0.99487
022 58990 54.217026 51.052085 0.99741 0.99477
023 58869 53.914668 51.001624 0.99745 0.99475
024 58907 53.120514 51.005048 0.99617 0.99473
025 58966 54.631713 51.186896 0.99772 0.99499
026 58997 37.881190 50.770327 0.98716 0.99453
027 58971 48.374757 50.741932 0.99530 0.99452
028 58997 45.009677 50.694930 0.98693 0.99442
029 58951 49.952731 50.664994 0.99510 0.99440
030 58970 49.449115 51.022000 0.99378 0.99486
031 58997 36.384979 50.745221 0.98388 0.99460
032 58817 54.206706 51.115839 0.99758 0.99486
033 58644 53.361771 50.626780 0.99757 0.99441
034 58963 53.119956 50.806951 0.99670 0.99458
035 58965 48.681466 50.691551 0.99500 0.99443
036 58957 52.025515 50.572994 0.99683 0.99437
037 58939 52.981293 50.801915 0.99677 0.99453
038 58990 48.700562 50.591949 0.99286 0.99441
039 58816 53.879208 51.182969 0.99756 0.99495
040 58943 53.349884 51.025921 0.99697 0.99482
041 58985 44.165427 52.005375 0.99074 0.99573
042 58973 50.405190 51.504662 0.99633 0.99517
043 58995 53.276925 51.836979 0.99689 0.99559
044 58954 53.923243 51.065470 0.99755 0.99486
045 58923 53.056768 51.196692 0.99673 0.99495
046 58988 47.977486 50.859425 0.99419 0.99465
047 58978 51.591675 50.815664 0.99584 0.99459
048 58983 44.913704 50.706936 0.99147 0.99447
049 58968 52.359001 50.647296 0.99577 0.99434
050 58959 53.043385 50.811535 0.99735 0.99465
