002 7632 44.723960 26.360395 0.98407 0.71691
003 7985 41.333525 27.156050 0.97713 0.74522
004 7989 43.915592 27.180901 0.98162 0.74601
005 7999 42.381569 27.316302 0.97912 0.74866
006 7996 23.625124 27.181610 0.95457 0.74629
007 7991 42.856163 27.155850 0.97844 0.74651
008 7987 42.692219 27.170772 0.97823 0.74608
009 7959 42.701613 26.923626 0.97995 0.73971
010 7993 41.761033 27.288651 0.97720 0.74754
011 7444 43.460226 26.311049 0.98044 0.71990
012 7997 32.526018 27.162409 0.96143 0.74595
013 7399 42.529828 26.066667 0.97973 0.71663
014 7997 25.687915 27.233209 0.95453 0.74738
015 7075 42.056312 25.461720 0.97875 0.70347
016 7980 26.810191 27.246944 0.95438 0.74680
017 7999 36.375778 27.173409 0.96258 0.74366
018 7428 39.531646 26.152434 0.97479 0.71618
019 7999 36.778358 27.188601 0.96444 0.74531
020 7971 38.446766 27.069243 0.96932 0.74111
021 7996 37.542720 27.077249 0.96940 0.74280
022 7589 39.575869 26.285127 0.97602 0.71567
023 7948 39.604274 26.907730 0.97579 0.73703
024 7524 40.256362 26.288673 0.97606 0.71544
025 7963 40.625970 27.104718 0.97439 0.74419
026 7679 39.825649 26.349047 0.97409 0.71755
027 7989 41.132969 27.080886 0.97592 0.74156
028 7342 40.725567 25.890801 0.97347 0.70624
029 7997 41.444046 27.104316 0.97372 0.73972
030 7518 39.844442 26.269171 0.97160 0.71316
031 7965 41.760650 26.807951 0.97397 0.73259
032 7980 27.394108 27.125729 0.94992 0.74208
033 7642 40.055882 26.207550 0.97302 0.71189
034 7982 40.285412 27.088587 0.97054 0.73895
035 7970 40.667066 26.905999 0.97391 0.73416
036 7981 34.878785 26.990033 0.95576 0.73655
037 7999 36.840024 27.182191 0.96401 0.74226
038 7965 40.472487 26.924295 0.97188 0.73504
039 7969 40.512094 27.131831 0.97451 0.74451
040 7986 39.315559 27.073252 0.96912 0.74195
041 7945 40.485595 27.327867 0.97393 0.74894
042 7967 41.946129 27.223883 0.97588 0.74421
043 7528 41.621974 26.378959 0.97539 0.71785
044 7951 42.087971 26.942380 0.97500 0.73702
045 7999 41.867691 27.247794 0.97509 0.74558
046 7996 36.073801 27.214178 0.96374 0.74203
047 8000 42.474627 27.230390 0.97672 0.74248
048 7982 41.832112 26.963495 0.97580 0.73558
049 7289 41.599028 26.019242 0.97689 0.71286
050 7984 41.545646 27.177040 0.97478 0.74180
