002 47981 51.131044 47.976054 0.99587 0.99027
003 47981 50.391727 47.958086 0.99421 0.99025
004 47981 50.453605 47.958493 0.99515 0.99027
005 47986 49.766479 47.959784 0.99338 0.99029
006 47998 50.110548 48.026095 0.99416 0.99032
007 47999 36.209609 47.959037 0.98571 0.99026
008 47981 50.095856 47.932858 0.99387 0.99024
009 47832 50.213498 47.966822 0.99427 0.99027
010 47976 49.112157 47.945166 0.99431 0.99032
011 47927 50.054715 47.884341 0.99492 0.99017
012 47738 49.590409 47.930630 0.99417 0.99009
013 47974 50.132849 48.007060 0.99375 0.99023
014 47988 49.336182 47.901336 0.99370 0.99006
015 47932 49.652923 47.942255 0.99524 0.99023
016 47977 46.827368 47.922606 0.99173 0.99018
017 47877 49.898400 47.888784 0.99508 0.99004
018 47962 50.129040 47.912143 0.99435 0.99013
019 47990 49.544169 47.913924 0.99464 0.99015
020 47989 44.840316 47.920956 0.98924 0.99023
021 47954 49.808657 47.893968 0.99510 0.99019
022 47994 49.755164 47.952960 0.99366 0.99019
023 47933 48.692672 47.919609 0.99333 0.99015
024 47969 49.657541 47.846840 0.99427 0.98987
025 47860 50.050315 48.008812 0.99471 0.99032
026 47998 48.439722 47.751793 0.99197 0.98980
027 47994 23.304961 47.736825 0.96327 0.98987
028 47987 44.892310 47.716604 0.98789 0.98976
029 47980 43.854345 47.697628 0.98925 0.98972
030 47874 48.610640 47.871971 0.99231 0.99018
031 47983 48.840972 47.747003 0.99159 0.98986
032 47973 46.492402 48.024130 0.99016 0.99032
033 47975 41.956307 47.740828 0.98570 0.98987
034 47873 49.332732 47.741313 0.99348 0.98987
035 47884 49.169501 47.714099 0.99323 0.98977
036 47979 49.264802 47.650073 0.99315 0.98967
037 47934 47.813536 47.775011 0.99253 0.98982
038 47963 44.130597 47.674565 0.98851 0.98978
039 47987 48.963625 48.088988 0.99303 0.99047
040 47999 44.020241 47.903079 0.98803 0.99016
041 47665 49.264251 48.402470 0.99302 0.99086
042 47896 49.843273 48.193019 0.99428 0.99045
043 47560 49.350806 48.281309 0.99339 0.99078
044 47969 49.748081 47.943270 0.99359 0.99021
045 47981 49.682929 48.002392 0.99394 0.99032
046 47966 48.904736 47.817742 0.99306 0.99003
047 47970 49.402074 47.801038 0.99341 0.98989
048 47998 42.128228 47.711756 0.98551 0.98970
049 47983 43.952648 47.677397 0.98892 0.98961
050 47999 47.765059 47.824554 0.99284 0.99009
