002 43663 49.870195 46.640140 0.99500 0.98699
003 43548 49.765913 46.595889 0.99434 0.98687
004 43926 48.257267 46.715734 0.99373 0.98719
005 43936 47.135147 46.692047 0.99317 0.98714
006 43497 48.675372 46.632525 0.99398 0.98688
007 43989 47.381457 46.734295 0.99165 0.98725
008 43923 48.020924 46.670154 0.99271 0.98715
009 43980 44.389127 46.746174 0.98966 0.98732
010 43860 48.602163 46.670609 0.99422 0.98712
011 43767 48.403787 46.586915 0.99382 0.98681
012 43631 48.697582 46.622051 0.99331 0.98684
013 43967 48.955969 46.797811 0.99324 0.98726
014 43998 48.353279 46.694966 0.99175 0.98708
015 43802 48.313550 46.658834 0.99309 0.98695
016 43916 48.402094 46.682517 0.99236 0.98704
017 43762 48.875651 46.592441 0.99427 0.98673
018 43951 46.055394 46.694509 0.99018 0.98705
019 43904 48.553981 46.638837 0.99246 0.98694
020 43885 48.187037 46.694509 0.99183 0.98718
021 43965 48.312408 46.674473 0.99261 0.98715
022 43957 48.687889 46.681833 0.99158 0.98701
023 43975 48.542233 46.701394 0.99268 0.98713
024 43901 48.510068 46.637083 0.99297 0.98694
025 43990 45.212558 46.811560 0.98843 0.98749
026 43750 47.915504 46.442120 0.99099 0.98643
027 43950 48.545614 46.462360 0.99257 0.98662
028 43923 48.382577 46.481656 0.99243 0.98653
029 43783 48.447356 46.365758 0.99142 0.98628
030 43404 47.965529 46.452336 0.99161 0.98659
031 43926 48.668287 46.443821 0.99231 0.98654
032 43940 47.779637 46.799969 0.99033 0.98743
033 43839 47.814225 46.455243 0.99035 0.98654
034 43959 48.309461 46.526462 0.99154 0.98669
035 43869 48.050345 46.401967 0.99092 0.98643
036 43962 48.601533 46.364723 0.99272 0.98641
037 43776 48.513192 46.474941 0.99293 0.98650
038 43994 47.180481 46.412280 0.99169 0.98654
039 43541 48.259086 46.698928 0.99144 0.98714
040 43946 48.558113 46.687482 0.99132 0.98713
041 43999 24.423624 47.366762 0.96738 0.98872
042 43994 38.544487 47.086473 0.97977 0.98809
043 43884 48.008847 47.183804 0.99123 0.98839
044 43975 48.395666 46.741526 0.99248 0.98727
045 43831 48.744298 46.680214 0.99253 0.98704
046 43919 48.134940 46.530396 0.99116 0.98680
047 43985 48.953363 46.534700 0.99273 0.98670
048 43974 47.776378 46.424501 0.99133 0.98641
049 43971 48.213753 46.459906 0.99283 0.98645
050 43979 48.281492 46.544205 0.99081 0.98684
