002 49978 51.007377 48.384487 0.99568 0.99075
003 49957 49.829717 48.389998 0.99434 0.99077
004 49998 36.959012 48.359346 0.97742 0.99077
005 49998 37.974117 48.402808 0.98654 0.99084
006 49893 49.121780 48.439874 0.99406 0.99079
007 49958 47.269955 48.337240 0.99213 0.99070
008 49996 45.168743 48.359756 0.98861 0.99074
009 49877 49.762567 48.372926 0.99475 0.99079
010 49893 50.544809 48.340540 0.99566 0.99078
011 49887 50.724110 48.291198 0.99586 0.99070
012 49966 41.391304 48.387860 0.98813 0.99068
013 49942 49.624867 48.403335 0.99414 0.99070
014 49994 39.092696 48.333462 0.98576 0.99058
015 49780 50.481263 48.346812 0.99540 0.99072
016 49998 34.682911 48.334721 0.97917 0.99066
017 49995 26.877565 48.323846 0.97594 0.99058
018 49979 49.401221 48.337722 0.99334 0.99064
019 49949 49.905680 48.325102 0.99425 0.99063
020 49995 43.287513 48.323587 0.98754 0.99070
021 49975 49.646857 48.306994 0.99472 0.99067
022 49984 48.791152 48.354433 0.99330 0.99065
023 49489 50.554060 48.229414 0.99458 0.99054
024 49995 43.975094 48.236324 0.98840 0.99037
025 49967 49.136991 48.416298 0.99413 0.99082
026 49982 47.355307 48.137134 0.99161 0.99031
027 49428 50.187375 47.995433 0.99422 0.99026
028 49998 41.462151 48.119862 0.98371 0.99030
029 49731 50.311350 48.049756 0.99459 0.99025
030 49994 35.928065 48.330427 0.97875 0.99077
031 49974 49.744544 48.143721 0.99414 0.99042
032 49968 42.884242 48.445835 0.98847 0.99082
033 49987 42.045732 48.139860 0.98690 0.99040
034 49913 49.215484 48.163117 0.99303 0.99044
035 49966 49.033448 48.099922 0.99247 0.99035
036 49983 41.533391 48.037633 0.98984 0.99023
037 49993 48.071662 48.204901 0.99302 0.99040
038 49977 44.322908 48.059409 0.98977 0.99035
039 49988 49.698720 48.511032 0.99420 0.99097
040 49978 25.035361 48.314250 0.97049 0.99064
041 49596 49.916329 48.821953 0.99410 0.99146
042 49967 50.461515 48.638911 0.99496 0.99109
043 49517 50.422406 48.709073 0.99519 0.99128
044 49775 50.073633 48.301551 0.99413 0.99061
045 49996 50.333594 48.417619 0.99542 0.99080
046 49918 49.419393 48.183172 0.99427 0.99053
047 49997 37.670424 48.218619 0.97869 0.99046
048 49996 39.759213 48.094381 0.98340 0.99024
049 49880 50.010745 48.065566 0.99485 0.99014
050 49977 49.046126 48.240816 0.99313 0.99065
