002 988 37.824649 10.044504 0.97302 0.37557
003 964 35.385240 9.926523 0.97026 0.36906
004 939 36.822240 9.935148 0.96870 0.36994
005 995 36.103818 10.053750 0.97068 0.36995
006 873 35.912484 9.815149 0.96687 0.36268
007 973 35.153123 9.955011 0.96650 0.37150
008 882 35.856465 9.823932 0.96597 0.36344
009 899 34.815023 9.963024 0.96289 0.37211
010 935 34.377201 9.965972 0.96323 0.37250
011 881 36.547508 9.834121 0.96780 0.36446
012 914 35.906529 10.081152 0.96481 0.37277
013 991 38.774226 9.972468 0.96801 0.37355
014 874 38.014596 10.103912 0.96607 0.38170
015 967 36.432367 9.975481 0.96810 0.37416
016 988 37.407350 10.230568 0.96604 0.38154
017 980 35.731384 10.231777 0.96077 0.38113
018 948 35.690138 10.169456 0.96628 0.37347
019 968 36.844629 9.981900 0.96434 0.37404
020 945 35.595368 9.983877 0.96499 0.37427
021 968 35.747134 10.118791 0.96212 0.38253
022 958 35.649916 10.122228 0.96530 0.38287
023 978 35.423249 10.123824 0.96138 0.38285
024 944 35.347953 9.991628 0.96435 0.37463
025 996 36.099353 10.128174 0.95996 0.38382
026 941 34.990871 10.125374 0.95888 0.38089
027 935 35.405853 9.960414 0.95771 0.37085
028 978 35.316066 10.101094 0.95384 0.37259
029 974 35.376638 10.240550 0.95954 0.38705
030 840 35.319100 10.138329 0.95118 0.38287
031 915 34.924319 9.966708 0.95025 0.37143
032 998 34.665235 10.112720 0.95322 0.37594
033 974 34.958258 10.141910 0.95319 0.38164
034 837 35.100548 10.145503 0.95046 0.38231
035 970 35.585016 10.146634 0.95853 0.38151
036 948 35.624781 10.150142 0.95517 0.38110
037 965 35.736074 10.153837 0.96003 0.38254
038 918 35.078627 10.155453 0.95389 0.38161
039 995 35.695748 10.163729 0.95436 0.38554
040 974 35.333996 10.162706 0.95845 0.38357
041 960 35.824087 10.175932 0.95780 0.38916
042 971 34.863491 9.861915 0.95842 0.37008
043 964 35.169354 10.153882 0.95657 0.38733
044 959 34.273590 10.150552 0.95285 0.38363
045 980 35.087047 10.214141 0.95545 0.38214
046 944 34.257922 10.261832 0.95681 0.38920
047 931 34.694285 10.264875 0.95547 0.38968
048 945 33.446179 10.265345 0.94714 0.38881
049 921 34.361350 10.267867 0.95126 0.38920
050 934 33.791280 10.271566 0.95365 0.39069
