002 21239 46.040038 39.450264 0.98830 0.94865
003 21900 45.447064 39.621120 0.98693 0.95072
004 21987 45.408433 39.683217 0.98772 0.95115
005 21801 45.704812 39.614451 0.98829 0.95062
006 21891 45.792511 39.664569 0.98739 0.95111
007 21962 42.751402 39.726983 0.98325 0.95164
008 21917 45.546721 39.647428 0.98737 0.95086
009 21662 45.704105 39.543371 0.98808 0.94954
010 21742 45.586352 39.570992 0.98646 0.94987
011 21683 45.519654 39.576140 0.98800 0.94933
012 21986 45.255817 39.696697 0.98619 0.95096
013 21991 44.974886 39.726712 0.98533 0.95084
014 21877 45.589244 39.695121 0.98732 0.95020
015 21963 45.095345 39.731844 0.98596 0.95071
016 21980 44.678733 39.691141 0.98436 0.95073
017 21958 45.151981 39.649483 0.98508 0.94996
018 21726 45.242676 39.571558 0.98576 0.95016
019 21940 45.243639 39.697159 0.98594 0.95064
020 21863 45.227908 39.689122 0.98519 0.95105
021 21417 45.079020 39.484835 0.98557 0.94819
022 21809 45.101322 39.625785 0.98559 0.94962
023 21964 45.030239 39.701393 0.98484 0.95071
024 21920 44.701777 39.687504 0.98438 0.95042
025 21908 45.271192 39.793783 0.98435 0.95136
026 21762 44.048200 39.394120 0.98298 0.94660
027 21868 44.640406 39.476450 0.98459 0.94767
028 21961 43.839519 39.490598 0.98286 0.94818
029 21962 44.923571 39.431010 0.98436 0.94759
030 21860 44.355795 39.601020 0.98318 0.94950
031 21982 44.897711 39.501268 0.98402 0.94795
032 21593 44.594424 39.655658 0.98334 0.95006
033 21918 44.831991 39.453522 0.98410 0.94758
034 21449 44.763343 39.402002 0.98616 0.94665
035 21878 44.575462 39.419179 0.98334 0.94717
036 21633 44.881493 39.299707 0.98333 0.94564
037 21452 44.388768 39.389169 0.98300 0.94682
038 21907 44.699707 39.429303 0.98456 0.94776
039 21989 41.213534 39.874158 0.97770 0.95254
040 21994 36.824903 39.665303 0.96809 0.95019
041 21258 43.975175 39.932271 0.98192 0.95309
042 21677 44.580967 39.905074 0.98340 0.95259
043 21956 44.782034 40.173597 0.98520 0.95567
044 21194 44.683779 39.513553 0.98367 0.94832
045 21900 45.178115 39.728172 0.98444 0.95085
046 21982 39.285655 39.521519 0.97407 0.94861
047 21926 44.705115 39.530753 0.98541 0.94809
048 21808 44.773250 39.359290 0.98388 0.94704
049 21920 45.040427 39.379821 0.98516 0.94698
050 21993 44.830851 39.553309 0.98315 0.94853
