002 9919 44.868202 30.336203 0.98484 0.82539
003 9300 44.328220 29.198382 0.98381 0.80176
004 9305 44.376677 29.254508 0.98344 0.80355
005 9470 44.584495 29.645862 0.98353 0.81305
006 9431 44.240279 29.530276 0.98300 0.81147
007 9639 44.177555 29.966829 0.98267 0.82021
008 9998 25.602463 30.524536 0.95538 0.82900
009 9977 41.788643 30.552650 0.97884 0.82914
010 9780 43.719027 30.179872 0.98168 0.82231
011 9988 43.840322 30.535877 0.98132 0.82964
012 9555 43.533207 29.793045 0.98121 0.81704
013 9367 43.648534 29.456549 0.98105 0.80742
014 9711 43.618635 30.120287 0.98117 0.82306
015 9615 43.276728 29.913012 0.98047 0.82020
016 9995 26.824855 30.519571 0.95556 0.82904
017 9883 41.414666 30.290793 0.97805 0.82435
018 9904 42.144111 30.315905 0.97982 0.82496
019 9996 23.201705 30.496551 0.95125 0.82892
020 9976 39.870707 30.495422 0.97516 0.82820
021 9830 40.430392 30.240861 0.97794 0.82382
022 9711 40.802019 30.037999 0.97839 0.82049
023 9780 40.605948 30.095404 0.97797 0.82153
024 9996 23.283094 30.526293 0.94852 0.82919
025 9238 41.473009 29.229766 0.97740 0.80032
026 9995 25.691091 30.354748 0.95162 0.82492
027 9797 40.984936 30.013735 0.97767 0.81965
028 9399 41.167347 29.319896 0.97737 0.80176
029 9878 41.415863 30.043133 0.97754 0.81954
030 9978 38.327453 30.445655 0.96939 0.82666
031 9662 41.735673 29.809690 0.97792 0.81524
032 9963 41.487543 30.506747 0.97546 0.82762
033 10000 41.469013 30.360832 0.97581 0.82472
034 9995 34.000738 30.408365 0.96251 0.82519
035 9430 41.394914 29.403868 0.97825 0.80505
036 9991 22.453023 30.283843 0.95423 0.82252
037 9980 41.486196 30.374824 0.97822 0.82462
038 9881 42.000729 30.131561 0.97570 0.81966
039 9982 41.042810 30.568523 0.97553 0.82970
040 9995 42.575639 30.418315 0.97582 0.82554
041 10000 26.993296 30.865895 0.95021 0.83643
042 9984 39.272021 30.711852 0.96920 0.83359
043 9957 25.461015 30.749694 0.95098 0.83410
044 9403 41.804926 29.605557 0.97648 0.81058
045 9735 41.998214 30.132422 0.97510 0.82252
046 9930 42.082437 30.282187 0.97830 0.82235
047 9814 42.316992 30.107650 0.97786 0.82075
048 10000 22.691970 30.355349 0.94742 0.82366
049 9996 35.437274 30.326146 0.96682 0.82312
050 9988 41.703366 30.418610 0.97326 0.82603
