002 40753 48.925182 45.774849 0.99414 0.98415
003 40970 47.346832 45.852555 0.99142 0.98455
004 40969 46.403130 45.891228 0.99186 0.98470
005 40990 45.778651 45.842903 0.99112 0.98455
006 40772 48.112009 45.826533 0.99302 0.98435
007 40956 47.732631 45.849941 0.99162 0.98449
008 40995 34.896582 45.826138 0.97650 0.98452
009 41000 36.888698 45.857577 0.97490 0.98461
010 40985 40.144435 45.821214 0.98716 0.98444
011 40994 47.656120 45.775014 0.99227 0.98425
012 40951 48.390148 45.874212 0.99293 0.98454
013 40913 48.357708 45.854521 0.99273 0.98433
014 40963 48.415091 45.815840 0.99251 0.98440
015 40984 44.441172 45.844698 0.98706 0.98443
016 40807 47.819485 45.772755 0.99093 0.98410
017 40873 48.090353 45.737846 0.99351 0.98405
018 40981 47.909522 45.833169 0.99266 0.98439
019 40970 47.464533 45.783074 0.99139 0.98416
020 40987 46.567097 45.881743 0.99106 0.98466
021 40962 46.026085 45.821256 0.99028 0.98447
022 40995 47.819814 45.803994 0.99122 0.98430
023 40949 47.646626 45.797010 0.99130 0.98432
024 40910 48.545303 45.782807 0.99276 0.98430
025 40469 48.177203 45.752495 0.99265 0.98402
026 40974 47.136102 45.600952 0.99022 0.98345
027 40852 48.071593 45.584719 0.99100 0.98352
028 40967 47.519625 45.624541 0.99153 0.98349
029 40998 22.726461 45.557064 0.96075 0.98333
030 40747 47.563346 45.662910 0.99104 0.98391
031 40879 46.966636 45.587867 0.98949 0.98360
032 40991 45.139238 45.951485 0.98613 0.98489
033 40996 43.620073 45.653271 0.98542 0.98380
034 40937 47.804413 45.662829 0.99099 0.98375
035 40989 45.009625 45.569880 0.98698 0.98343
036 40997 48.020511 45.520933 0.99199 0.98341
037 40858 47.711756 45.614552 0.99067 0.98364
038 40488 47.447319 45.369413 0.99216 0.98254
039 40989 46.300119 45.954139 0.99097 0.98483
040 40965 47.557705 45.812689 0.99107 0.98441
041 40709 48.225909 46.322526 0.99213 0.98590
042 40999 48.488410 46.189584 0.99223 0.98540
043 40665 48.146345 46.202485 0.99119 0.98562
044 40989 47.622700 45.881048 0.99138 0.98466
045 40998 47.754514 45.874948 0.99160 0.98452
046 40945 46.746122 45.665012 0.98992 0.98385
047 40368 48.198364 45.481239 0.99203 0.98296
048 40913 46.624099 45.556048 0.98946 0.98347
049 40167 47.741055 45.316262 0.99226 0.98224
050 40970 46.066716 45.647482 0.98763 0.98385
