002 8961 44.070217 28.633452 0.98281 0.77807
003 8824 44.230853 28.399889 0.98338 0.76940
004 8922 44.349902 28.600760 0.98331 0.77853
005 8977 44.537105 28.726515 0.98332 0.78372
006 8979 44.200797 28.684492 0.98281 0.78242
007 8998 44.244147 28.717338 0.98278 0.78271
008 8902 44.037281 28.555063 0.98252 0.77699
009 8924 43.902357 28.626205 0.98247 0.77972
010 8851 43.557364 28.612151 0.98170 0.77372
011 8991 43.275758 28.794031 0.98033 0.78353
012 8942 43.151506 28.694490 0.98083 0.77936
013 8935 43.619235 28.691228 0.98096 0.77893
014 8970 43.525012 28.724740 0.98102 0.78261
015 8863 43.163830 28.541517 0.98002 0.77581
016 8896 42.901073 28.627332 0.97979 0.77753
017 8890 42.614142 28.549359 0.97953 0.77479
018 8880 42.970057 28.516294 0.97956 0.77505
019 8888 41.945406 28.519876 0.97878 0.77533
020 8961 41.475290 28.627041 0.97731 0.77654
021 9000 40.873577 28.781724 0.97865 0.78327
022 8958 39.948953 28.688332 0.97535 0.77863
023 8907 40.391656 28.611517 0.97752 0.77685
024 8962 40.769470 28.695621 0.97731 0.78006
025 8964 42.170672 28.763211 0.97853 0.78303
026 8976 40.446371 28.613515 0.97509 0.77516
027 8823 42.604489 28.482201 0.97829 0.76995
028 8944 41.022247 28.534980 0.97491 0.77118
029 8801 42.268784 28.402795 0.97727 0.76736
030 8911 40.315796 28.655366 0.97298 0.77465
031 8820 42.337322 28.420209 0.97782 0.76664
032 8995 41.524944 28.697630 0.97540 0.77963
033 8930 42.050679 28.617285 0.97632 0.77303
034 8977 41.879596 28.604058 0.97552 0.77393
035 8799 42.061734 28.428777 0.97720 0.76871
036 8910 42.423934 28.478055 0.97729 0.76959
037 8996 41.751978 28.667598 0.97580 0.77932
038 8862 42.750316 28.486605 0.97727 0.76907
039 8998 41.596147 28.762585 0.97520 0.78305
040 8508 42.533479 28.218808 0.97708 0.76618
041 8906 41.466201 28.910451 0.97478 0.78489
042 8874 42.147611 28.768306 0.97584 0.78083
043 8888 42.135856 28.836309 0.97663 0.78254
044 8963 42.438622 28.789378 0.97691 0.78094
045 8939 42.804669 28.701385 0.97743 0.77841
046 8893 42.403451 28.569639 0.97624 0.77198
047 8779 42.666355 28.494588 0.97779 0.76902
048 8864 42.419881 28.449320 0.97674 0.76700
049 8990 42.508938 28.647716 0.97682 0.77522
050 8996 42.045697 28.686055 0.97580 0.77777
