002 25964 46.453513 41.536246 0.98900 0.96362
003 25191 45.994985 41.127209 0.98881 0.96189
004 25197 45.963740 41.205492 0.98906 0.96202
005 25952 43.469217 41.547524 0.98539 0.96372
006 25902 46.125733 41.563822 0.98744 0.96364
007 25999 23.409770 41.574968 0.95874 0.96349
008 25455 46.101835 41.343073 0.98782 0.96202
009 25886 46.137865 41.535991 0.98932 0.96304
010 25343 46.112768 41.260376 0.98877 0.96196
011 25217 45.889688 41.170819 0.98848 0.96156
012 25999 44.091663 41.576460 0.98465 0.96340
013 25990 45.985206 41.569364 0.98854 0.96338
014 25265 46.217904 41.266111 0.98899 0.96207
015 25810 45.908162 41.560917 0.98800 0.96344
016 25999 40.830897 41.557975 0.98287 0.96322
017 25162 45.855944 41.163779 0.98705 0.96149
018 26000 40.427848 41.573688 0.98232 0.96333
019 25971 42.555437 41.528883 0.98343 0.96316
020 25961 45.611919 41.556536 0.98566 0.96341
021 25747 45.775589 41.508483 0.98823 0.96316
022 25986 43.391940 41.539049 0.98436 0.96316
023 26000 45.811798 41.572314 0.98658 0.96329
024 25988 45.789294 41.562007 0.98792 0.96327
025 25900 45.965607 41.631308 0.98611 0.96380
026 25900 44.684802 41.304337 0.98466 0.96176
027 25374 45.262566 41.053131 0.98585 0.96058
028 25996 45.460285 41.370980 0.98628 0.96192
029 25689 45.365280 41.161862 0.98587 0.96090
030 25999 44.206004 41.493472 0.98073 0.96299
031 25965 43.455804 41.399818 0.98161 0.96232
032 25959 43.741221 41.657012 0.98286 0.96390
033 25942 45.546818 41.356302 0.98651 0.96164
034 25975 44.621258 41.425504 0.98551 0.96230
035 25937 43.007805 41.305615 0.98268 0.96125
036 25987 45.208805 41.275731 0.98507 0.96144
037 25885 45.311533 41.433699 0.98547 0.96269
038 26000 43.496521 41.340179 0.98478 0.96175
039 25734 44.874392 41.621058 0.98491 0.96404
040 25508 45.425156 41.329065 0.98612 0.96210
041 25573 44.803712 41.930572 0.98417 0.96605
042 25958 45.189231 41.878926 0.98617 0.96514
043 25922 45.350034 42.003805 0.98651 0.96620
044 25189 45.349419 41.218171 0.98658 0.96189
045 25957 25.826384 41.589723 0.96005 0.96333
046 25990 44.987497 41.400748 0.98410 0.96199
047 25990 44.985767 41.409107 0.98498 0.96221
048 25960 44.288168 41.298522 0.98398 0.96145
049 25918 45.386831 41.284664 0.98690 0.96111
050 25960 45.386080 41.424923 0.98539 0.96233
