002 14000 26.808436 34.498834 0.96089 0.89790
003 13949 44.500967 34.464483 0.98434 0.89881
004 13713 44.373671 34.090520 0.98472 0.89647
005 13994 44.403049 34.486606 0.98503 0.89846
006 13902 44.109406 34.408136 0.98341 0.89810
007 13883 44.143516 34.334722 0.98424 0.89735
008 13863 44.092207 34.322100 0.98329 0.89676
009 13912 44.429070 34.388120 0.98433 0.89791
010 13973 44.310618 34.514254 0.98367 0.89881
011 13969 44.292605 34.495730 0.98275 0.89782
012 13830 44.143149 34.313239 0.98368 0.89650
013 13969 44.348881 34.533820 0.98475 0.89764
014 13975 43.979548 34.582941 0.98322 0.89753
015 13993 44.166917 34.518283 0.98310 0.89806
016 13736 43.849543 34.113448 0.98236 0.89547
017 13928 44.406961 34.424063 0.98213 0.89753
018 13938 42.658339 34.399154 0.98007 0.89675
019 13966 44.072645 34.489068 0.98180 0.89641
020 13993 43.964628 34.544328 0.98145 0.89741
021 13986 41.163723 34.534933 0.98133 0.89769
022 13915 43.550540 34.415967 0.98071 0.89628
023 13908 43.653585 34.388256 0.98126 0.89628
024 13707 43.019988 34.042449 0.98126 0.89486
025 13983 42.201653 34.664688 0.98045 0.89962
026 13861 41.445881 34.074484 0.97850 0.89250
027 13956 41.843330 34.262966 0.97983 0.89417
028 13720 42.258387 33.840777 0.97822 0.89176
029 13856 42.521380 34.010956 0.97958 0.89236
030 13163 42.039287 33.419679 0.97759 0.88985
031 13931 42.558571 34.198243 0.98058 0.89419
032 13976 42.260216 34.570063 0.97897 0.89854
033 13982 43.510243 34.245404 0.97994 0.89356
034 13875 43.794745 34.093706 0.97994 0.89429
035 13978 43.255734 34.229326 0.97931 0.89422
036 13987 43.717761 34.226478 0.98087 0.89338
037 13962 43.444186 34.322866 0.98089 0.89513
038 13782 43.494612 33.942447 0.98055 0.89274
039 13990 23.556300 34.646840 0.95086 0.89913
040 13882 43.507110 34.274653 0.98113 0.89536
041 13592 42.781520 34.548101 0.97834 0.90225
042 13890 43.421520 34.726396 0.97983 0.90236
043 13683 43.350648 34.581554 0.98104 0.90275
044 13977 43.807485 34.573340 0.97996 0.89896
045 14000 25.955388 34.616621 0.95677 0.89791
046 13961 43.194691 34.258445 0.98039 0.89453
047 13948 44.100902 34.335266 0.98161 0.89583
048 13980 42.759017 34.204536 0.97793 0.89303
049 13954 43.861942 34.162807 0.98235 0.89263
050 13876 43.667258 34.190311 0.98052 0.89521
