002 53998 51.495297 49.365574 0.99619 0.99242
003 53994 52.335116 49.433299 0.99628 0.99250
004 53998 36.115498 49.422056 0.98709 0.99258
005 53994 47.608419 49.452947 0.99257 0.99257
006 53994 51.651834 49.472925 0.99618 0.99253
007 53967 46.730658 49.402405 0.99265 0.99246
008 53995 51.805650 49.408519 0.99557 0.99254
009 53400 52.204966 49.238682 0.99649 0.99223
010 53478 51.987989 49.250419 0.99625 0.99229
011 53991 46.519872 49.342671 0.99372 0.99240
012 53442 51.875895 49.248453 0.99592 0.99214
013 53973 51.124491 49.464413 0.99596 0.99250
014 53503 52.366023 49.235080 0.99658 0.99214
015 53990 47.510057 49.419441 0.99346 0.99249
016 53998 36.377774 49.377471 0.98351 0.99243
017 53989 45.679076 49.357129 0.99292 0.99234
018 53278 51.619519 49.159145 0.99622 0.99205
019 53598 51.708969 49.240963 0.99570 0.99218
020 53311 51.364993 49.193086 0.99479 0.99221
021 53861 51.523145 49.308564 0.99559 0.99238
022 53978 50.422826 49.376388 0.99522 0.99235
023 53763 51.468083 49.313341 0.99528 0.99233
024 53520 51.755697 49.168604 0.99547 0.99199
025 53802 51.468845 49.427721 0.99558 0.99254
026 53931 51.277547 49.108349 0.99558 0.99196
027 53912 51.331339 49.145062 0.99533 0.99211
028 53987 50.796101 49.115702 0.99452 0.99198
029 53962 51.046618 49.052063 0.99476 0.99190
030 53466 50.755168 49.210950 0.99492 0.99224
031 53814 51.345984 49.106446 0.99490 0.99205
032 53994 44.655540 49.446005 0.98597 0.99251
033 53588 50.961972 49.007468 0.99538 0.99190
034 53985 51.245936 49.161519 0.99578 0.99209
035 53997 23.309453 49.114771 0.96418 0.99199
036 53257 51.098308 48.811937 0.99544 0.99161
037 53598 51.731906 49.117698 0.99618 0.99195
038 53355 51.406191 48.845468 0.99639 0.99175
039 53961 48.564044 49.502193 0.99192 0.99260
040 53989 22.894825 49.362288 0.96760 0.99236
041 53810 51.672792 49.916595 0.99590 0.99323
042 53958 51.643415 49.659752 0.99646 0.99280
043 53425 52.475338 49.740651 0.99665 0.99294
044 53358 51.163176 49.199047 0.99537 0.99213
045 53986 51.616364 49.489612 0.99564 0.99255
046 53994 49.920755 49.216573 0.99437 0.99218
047 53643 51.932937 49.139620 0.99589 0.99199
048 53331 50.997314 48.912091 0.99517 0.99171
049 53957 51.580165 49.088037 0.99605 0.99191
050 53988 47.447893 49.247858 0.99045 0.99228
