002 17906 45.559780 37.441489 0.98692 0.93441
003 17198 45.038363 37.073804 0.98543 0.92804
004 17532 45.162976 37.322329 0.98647 0.93026
005 17206 45.250643 37.116042 0.98670 0.92838
006 17999 24.897229 37.546265 0.95612 0.93500
007 17290 44.954413 37.142650 0.98584 0.92934
008 17998 26.819444 37.546475 0.96068 0.93489
009 17973 42.762372 37.468372 0.98261 0.93370
010 17352 44.709421 37.151528 0.98433 0.92884
011 17986 26.163884 37.470739 0.96403 0.93367
012 17957 44.443409 37.454647 0.98492 0.93392
013 17954 43.959080 37.499019 0.98280 0.93449
014 17996 25.591520 37.522128 0.95680 0.93462
015 17395 44.501657 37.204488 0.98417 0.92914
016 17978 44.295745 37.446537 0.98401 0.93344
017 17978 41.064366 37.479816 0.97906 0.93474
018 17996 25.823948 37.507268 0.95736 0.93384
019 17331 43.403253 37.172373 0.98275 0.92778
020 17921 43.890148 37.454069 0.98298 0.93391
021 17145 44.145760 37.066939 0.98347 0.92646
022 17994 34.124337 37.475161 0.96727 0.93372
023 17355 40.620769 37.203146 0.98327 0.92774
024 17992 40.355981 37.500890 0.98140 0.93427
025 17999 26.182763 37.593383 0.96271 0.93620
026 17380 41.652907 37.008972 0.98341 0.92570
027 17986 42.264507 37.348416 0.98449 0.93141
028 17991 41.619953 37.310522 0.98019 0.93144
029 17952 44.036276 37.246402 0.98249 0.92926
030 17892 43.404848 37.384161 0.98129 0.93278
031 17994 43.080099 37.283788 0.98160 0.93031
032 17979 43.433808 37.558381 0.97959 0.93477
033 17996 25.800382 37.327595 0.95851 0.93034
034 17993 23.157746 37.318918 0.95405 0.93181
035 17247 42.801674 36.960450 0.98145 0.92426
036 17893 43.986769 37.192750 0.98223 0.92845
037 17799 43.974157 37.295668 0.98251 0.92919
038 17995 42.908711 37.278125 0.98074 0.93047
039 17942 43.590233 37.643675 0.98227 0.93600
040 17958 43.692887 37.432504 0.98228 0.93251
041 17942 43.308848 38.038536 0.98047 0.94133
042 17941 43.956930 37.805043 0.98132 0.93788
043 17986 44.143601 37.968990 0.98266 0.94061
044 17893 44.498134 37.549447 0.98400 0.93408
045 17980 44.610655 37.614173 0.98509 0.93506
046 17982 42.411370 37.343994 0.97931 0.93129
047 17619 44.734277 37.192340 0.98437 0.92855
048 17115 44.023191 36.880613 0.98221 0.92279
049 17885 44.015539 37.201417 0.98311 0.92850
050 17988 38.205246 37.377308 0.97017 0.93127
