002 33844 47.798779 43.963342 0.99217 0.97606
003 33820 46.883988 43.939691 0.99063 0.97598
004 33988 45.147960 44.009652 0.98829 0.97639
005 33671 47.211083 43.936770 0.99044 0.97605
006 33973 46.474482 44.029426 0.98962 0.97651
007 33972 46.582014 44.056421 0.98971 0.97643
008 33691 47.203769 43.938708 0.99113 0.97595
009 33995 44.833414 44.015581 0.98922 0.97651
010 33925 44.446964 43.952756 0.98719 0.97610
011 33982 46.884624 43.949503 0.98923 0.97613
012 33952 46.884359 44.034047 0.99098 0.97642
013 33946 46.797811 43.998134 0.98917 0.97616
014 33918 45.955659 43.992734 0.99053 0.97616
015 33993 46.082343 44.050395 0.98935 0.97628
016 33917 46.286069 43.947884 0.98759 0.97597
017 33994 27.785788 43.936999 0.97048 0.97573
018 33981 46.759322 44.015896 0.99051 0.97623
019 33945 46.465442 43.963342 0.99002 0.97596
020 33988 43.565348 43.992788 0.98594 0.97616
021 33898 46.937622 43.980132 0.98921 0.97618
022 33916 46.889667 43.971173 0.99034 0.97596
023 33834 47.126669 43.948734 0.99093 0.97595
024 33954 46.658909 43.948666 0.99036 0.97604
025 33997 46.952711 44.088402 0.98846 0.97673
026 33988 46.222867 43.769246 0.98746 0.97497
027 33969 46.900195 43.788161 0.99010 0.97505
028 33586 46.522483 43.688730 0.98908 0.97461
029 33963 45.576685 43.736966 0.98906 0.97475
030 33821 46.293586 43.878491 0.98760 0.97550
031 33937 46.630448 43.783145 0.98898 0.97527
032 33767 46.225327 44.058302 0.98803 0.97665
033 33857 46.543641 43.751870 0.98832 0.97487
034 33998 46.619555 43.860237 0.98871 0.97535
035 33865 46.428798 43.697711 0.98823 0.97452
036 33948 46.323947 43.697609 0.98872 0.97476
037 33899 46.218610 43.830753 0.98756 0.97538
038 33973 44.362275 43.721664 0.98739 0.97481
039 33069 46.160301 43.911590 0.98798 0.97589
040 33902 46.572376 43.950042 0.98827 0.97603
041 33997 26.795662 44.498869 0.97027 0.97899
042 33952 46.860898 44.285528 0.99056 0.97758
043 33986 43.766568 44.406001 0.98632 0.97843
044 33939 46.655209 44.012841 0.98751 0.97639
045 33781 47.310900 43.998025 0.99102 0.97602
046 33602 46.238495 43.733151 0.98783 0.97487
047 33985 46.760327 43.849292 0.98905 0.97554
048 33980 46.275291 43.752631 0.98881 0.97499
049 33200 46.529931 43.578770 0.98913 0.97435
050 33933 45.426881 43.816924 0.98742 0.97515
