002 22974 45.563927 40.077449 0.98732 0.95608
003 22565 45.654050 39.903463 0.98725 0.95383
004 22996 45.693830 40.099619 0.98799 0.95559
005 22196 45.821567 39.781497 0.98822 0.95248
006 22386 45.651294 39.880599 0.98791 0.95362
007 22646 45.826553 40.015777 0.98719 0.95473
008 22740 45.762050 40.005355 0.98727 0.95484
009 22991 45.378816 40.100725 0.98652 0.95553
010 22977 36.153312 40.116372 0.97200 0.95528
011 22998 33.827668 40.124384 0.97266 0.95517
012 22996 25.353427 40.130966 0.95906 0.95556
013 22598 45.749982 39.969838 0.98697 0.95373
014 22468 45.658367 39.973510 0.98771 0.95325
015 22810 45.312973 40.094284 0.98673 0.95471
016 22451 45.130250 39.899176 0.98580 0.95301
017 22693 45.436847 39.992272 0.98583 0.95388
018 22985 44.104998 40.131980 0.98400 0.95585
019 22317 45.491484 39.864418 0.98595 0.95268
020 23000 26.210777 40.127831 0.96390 0.95581
021 22982 25.572716 40.109249 0.95837 0.95516
022 22585 44.077743 39.982128 0.98502 0.95352
023 22243 45.138883 39.815303 0.98616 0.95207
024 22957 45.056084 40.118656 0.98720 0.95493
025 22973 43.862657 40.255146 0.98340 0.95630
026 22999 32.013565 39.919448 0.96443 0.95256
027 22964 43.011728 39.951242 0.98232 0.95303
028 22938 44.225242 39.906477 0.98324 0.95279
029 23000 22.851979 39.859085 0.95678 0.95229
030 22934 44.361132 40.063034 0.98281 0.95442
031 22977 39.702068 39.939607 0.97685 0.95283
032 22876 44.261177 40.184544 0.98362 0.95594
033 22919 45.075242 39.911081 0.98559 0.95235
034 22155 45.007111 39.620363 0.98480 0.94926
035 22981 35.665527 39.887615 0.96730 0.95211
036 22980 43.268796 39.837186 0.98301 0.95221
037 22680 44.862570 39.838401 0.98436 0.95256
038 22457 44.933478 39.655011 0.98656 0.95015
039 22582 44.540195 40.112238 0.98354 0.95497
040 22993 45.094625 40.098657 0.98462 0.95483
041 22918 44.254209 40.617454 0.98176 0.96027
042 22984 41.753271 40.474796 0.97926 0.95866
043 22992 44.285193 40.604673 0.98432 0.96009
044 22950 45.195752 40.156796 0.98515 0.95555
045 22986 44.483568 40.184096 0.98442 0.95580
046 22903 44.809169 39.926116 0.98338 0.95296
047 22259 45.289653 39.663120 0.98572 0.94978
048 22561 44.901658 39.682409 0.98458 0.95063
049 22405 45.152764 39.578206 0.98608 0.94931
050 22988 43.984578 39.971987 0.98226 0.95306
