002 44972 47.983939 47.106189 0.99363 0.98823
003 44933 48.746456 47.075123 0.99289 0.98812
004 44786 48.516049 47.025168 0.99404 0.98802
005 44811 48.852389 46.991791 0.99442 0.98796
006 44998 47.866381 47.168600 0.99380 0.98829
007 44928 48.948156 47.045846 0.99375 0.98804
008 44995 43.600655 47.053340 0.98740 0.98812
009 44949 48.663930 47.074098 0.99367 0.98814
010 44968 48.387523 47.053064 0.99328 0.98815
011 44980 48.558815 46.987417 0.99385 0.98794
012 44996 48.671528 47.094454 0.99333 0.98807
013 44419 49.593971 46.938777 0.99337 0.98763
014 44919 49.496430 47.039767 0.99371 0.98797
015 44996 22.567492 47.073239 0.96769 0.98808
016 44991 48.680463 47.073904 0.99280 0.98809
017 44964 47.448315 47.001072 0.99173 0.98785
018 44789 49.370084 46.986874 0.99384 0.98786
019 44465 49.288542 46.824463 0.99351 0.98749
020 44999 37.707948 47.059963 0.97821 0.98814
021 44993 25.597985 47.027991 0.96584 0.98806
022 44629 48.843469 46.906802 0.99218 0.98764
023 44987 38.236589 47.054167 0.97982 0.98808
024 44997 23.528569 47.041114 0.96844 0.98796
025 44963 48.836770 47.197778 0.99202 0.98843
026 44995 26.719555 46.843601 0.97265 0.98750
027 44996 43.245670 46.803560 0.98679 0.98754
028 44368 48.540368 46.595567 0.99309 0.98690
029 44403 48.930235 46.547272 0.99330 0.98672
030 44955 46.015346 46.976160 0.98855 0.98799
031 44970 43.526224 46.820018 0.98529 0.98760
032 44493 48.152627 47.019802 0.99193 0.98797
033 44792 48.554683 46.750775 0.99258 0.98737
034 44984 48.445114 46.861716 0.99207 0.98765
035 44217 48.439115 46.521702 0.99204 0.98669
036 44331 48.674972 46.484413 0.99226 0.98666
037 44950 48.013144 46.880780 0.99218 0.98759
038 44926 48.513733 46.688268 0.99375 0.98732
039 44993 47.217865 47.218237 0.99046 0.98853
040 44979 44.710369 47.030761 0.98759 0.98804
041 44947 48.597832 47.755454 0.99313 0.98962
042 44950 49.196246 47.457566 0.99385 0.98895
043 44419 48.556748 47.388034 0.99284 0.98891
044 44982 44.126336 47.077396 0.98737 0.98812
045 44586 49.075193 46.944152 0.99317 0.98780
046 44997 32.951327 46.863774 0.97390 0.98773
047 44981 48.795227 46.863853 0.99189 0.98764
048 44446 48.173454 46.570081 0.99213 0.98682
049 44916 48.601296 46.762905 0.99315 0.98731
050 44427 48.622852 46.685734 0.99131 0.98733
