002 31722 47.413005 43.292416 0.99098 0.97363
003 31895 46.967311 43.355917 0.99080 0.97374
004 31918 46.734807 43.427139 0.98975 0.97388
005 31892 46.786257 43.396024 0.98995 0.97404
006 31994 47.069640 43.442481 0.99014 0.97433
007 31995 46.966555 43.504832 0.99041 0.97416
008 31975 45.560152 43.429341 0.98740 0.97401
009 31957 46.929816 43.409301 0.99150 0.97406
010 31905 47.008380 43.384067 0.99129 0.97372
011 31981 47.076648 43.403170 0.98986 0.97380
012 31947 46.758188 43.433964 0.99026 0.97392
013 31145 46.711424 43.081789 0.98938 0.97290
014 31912 46.856758 43.389520 0.99058 0.97398
015 31979 46.393953 43.495220 0.98890 0.97400
016 31949 44.824013 43.376161 0.98785 0.97370
017 31863 46.941248 43.328557 0.99032 0.97323
018 31670 46.523776 43.306788 0.99010 0.97341
019 31998 46.310982 43.383889 0.98932 0.97368
020 31570 46.692605 43.217318 0.98952 0.97320
021 31967 46.807207 43.434803 0.99026 0.97398
022 31940 46.548156 43.402099 0.98881 0.97366
023 31328 46.634653 43.133600 0.98995 0.97279
024 31872 46.681909 43.349778 0.99041 0.97366
025 31364 46.587460 43.287177 0.98839 0.97340
026 31919 45.828279 43.112939 0.98678 0.97218
027 31694 46.348212 43.044744 0.98821 0.97218
028 31656 46.197954 43.029640 0.98799 0.97199
029 31774 46.285514 43.019487 0.99008 0.97184
030 31995 40.705504 43.373159 0.97658 0.97326
031 31865 46.132352 43.128503 0.98683 0.97251
032 31390 45.973729 43.285995 0.98717 0.97378
033 31968 46.495651 43.195564 0.98884 0.97228
034 31926 46.413493 43.223193 0.98871 0.97291
035 31583 46.075007 42.925253 0.98682 0.97113
036 31884 46.342660 43.035616 0.98778 0.97202
037 31562 46.160346 43.078155 0.98717 0.97234
038 31985 41.884089 43.095014 0.98245 0.97227
039 31055 45.718296 43.171076 0.98629 0.97358
040 31762 46.628723 43.263493 0.98913 0.97329
041 31297 46.144570 43.760517 0.98805 0.97590
042 31648 46.369926 43.665349 0.98970 0.97495
043 31825 46.465418 43.917319 0.98811 0.97611
044 31686 46.262976 43.317635 0.98882 0.97355
045 31977 46.764995 43.503431 0.98858 0.97395
046 31996 45.379192 43.193738 0.98585 0.97270
047 31920 46.591449 43.193081 0.98971 0.97282
048 31736 46.105292 42.995872 0.98702 0.97170
049 31850 46.506869 43.048437 0.98938 0.97214
050 31933 45.989175 43.204921 0.98853 0.97294
