002 29358 47.032489 42.351196 0.99033 0.97009
003 29883 46.685252 42.531269 0.99038 0.97080
004 29940 45.597440 42.600541 0.98884 0.97106
005 29464 46.935180 42.412847 0.99019 0.97030
006 29960 47.032846 42.615938 0.99044 0.97130
007 29992 47.049123 42.651208 0.98999 0.97104
008 29839 46.692174 42.537581 0.99041 0.97049
009 29933 44.423664 42.603569 0.98820 0.97099
010 29881 46.648774 42.532982 0.98858 0.97055
011 29889 46.745403 42.548767 0.98973 0.97046
012 29891 46.452624 42.599285 0.98986 0.97088
013 29996 41.252907 42.633871 0.98181 0.97101
014 29813 46.789940 42.561373 0.99052 0.97065
015 29697 46.529516 42.572169 0.98857 0.97048
016 29678 46.426530 42.475040 0.98917 0.97039
017 29894 46.626898 42.541462 0.99018 0.97029
018 29937 46.473758 42.614767 0.98876 0.97084
019 29924 46.334497 42.532856 0.98964 0.97039
020 29998 23.700448 42.609501 0.96552 0.97076
021 29988 38.521265 42.628801 0.98045 0.97113
022 29964 45.753354 42.595075 0.98867 0.97067
023 29921 46.224575 42.550390 0.98813 0.97042
024 29818 46.204050 42.519050 0.98853 0.97062
025 29339 45.995698 42.498810 0.98811 0.97012
026 29195 45.460209 42.076077 0.98627 0.96748
027 29804 46.072432 42.285475 0.98911 0.96916
028 29935 45.837044 42.338914 0.98720 0.96900
029 29645 45.982038 42.204216 0.98849 0.96858
030 29978 43.755843 42.537795 0.98262 0.97013
031 29478 46.060284 42.212304 0.98729 0.96872
032 29985 42.085027 42.713444 0.98142 0.97162
033 29923 46.147099 42.345624 0.98775 0.96905
034 30000 25.432469 42.437717 0.96105 0.96985
035 29554 45.569684 42.156871 0.98595 0.96794
036 29918 46.047250 42.263829 0.98683 0.96883
037 29983 43.371871 42.437497 0.98415 0.96984
038 29981 45.755787 42.320125 0.98787 0.96891
039 29971 45.562909 42.739999 0.98618 0.97190
040 29607 46.361782 42.413908 0.98754 0.96996
041 29944 45.873413 43.181194 0.98814 0.97419
042 29975 44.365184 42.964633 0.98588 0.97288
043 29961 46.049219 43.115500 0.98754 0.97382
044 29763 46.231050 42.530918 0.98709 0.97049
045 29634 46.668312 42.531385 0.98800 0.97047
046 29996 36.795183 42.396717 0.97210 0.96933
047 29995 24.957978 42.444457 0.95848 0.96984
048 29881 45.188207 42.290795 0.98686 0.96862
049 29814 45.961531 42.258753 0.98732 0.96871
050 29634 45.825078 42.301380 0.98787 0.96946
