002 34975 37.371560 44.231775 0.98120 0.97760
003 34539 47.339934 44.107111 0.99156 0.97700
004 34882 47.626379 44.240683 0.99070 0.97763
005 34336 47.257452 44.102342 0.99129 0.97699
006 34726 47.302102 44.194040 0.99165 0.97741
007 34603 47.261471 44.198867 0.99109 0.97730
008 34906 47.196011 44.225631 0.99171 0.97756
009 34700 47.064550 44.166746 0.99168 0.97729
010 34924 46.986059 44.194497 0.99119 0.97754
011 34937 46.261620 44.165130 0.99016 0.97732
012 34969 45.443522 44.277808 0.98877 0.97776
013 34439 47.327286 44.143079 0.99057 0.97695
014 34695 47.382766 44.180855 0.99078 0.97723
015 34794 46.878555 44.255107 0.99042 0.97746
016 34834 46.986629 44.170337 0.98905 0.97718
017 34697 47.147640 44.112305 0.99173 0.97680
018 34236 47.171659 44.068483 0.99077 0.97656
019 34864 47.153929 44.175678 0.99098 0.97723
020 34983 24.948528 44.241419 0.96024 0.97754
021 34485 47.098214 44.121560 0.99083 0.97698
022 34457 46.715759 44.086117 0.98965 0.97663
023 34999 32.690761 44.222899 0.97047 0.97748
024 34979 47.240088 44.185640 0.99147 0.97727
025 34404 47.149247 44.185042 0.98858 0.97727
026 34503 46.514705 43.899408 0.98815 0.97570
027 34239 47.082584 43.843534 0.99056 0.97539
028 34936 46.583201 44.024701 0.98808 0.97646
029 34560 46.865939 43.888192 0.99088 0.97562
030 34222 46.356213 43.976669 0.98788 0.97604
031 35000 45.355215 44.056835 0.98645 0.97684
032 34584 46.593656 44.248930 0.98876 0.97770
033 34568 46.865675 43.929592 0.98902 0.97587
034 34941 46.387679 44.100665 0.98819 0.97676
035 34982 42.946794 43.980635 0.98342 0.97612
036 34941 46.949748 43.929189 0.99002 0.97600
037 34219 46.606226 43.909785 0.98853 0.97585
038 34802 46.262355 43.927618 0.98989 0.97603
039 34995 43.701723 44.331549 0.98546 0.97789
040 34922 47.160311 44.181937 0.98954 0.97747
041 34867 46.883431 44.695604 0.98993 0.97959
042 34991 41.460675 44.530992 0.98353 0.97857
043 34585 47.166477 44.545470 0.99052 0.97885
044 34982 25.444137 44.264556 0.96277 0.97759
045 34820 47.494341 44.233373 0.99076 0.97733
046 34991 45.826179 44.081399 0.98689 0.97680
047 34866 47.063306 44.079786 0.98947 0.97680
048 34516 46.659791 43.893197 0.98819 0.97577
049 34981 46.653097 44.008216 0.98937 0.97640
050 34844 46.754506 44.038259 0.98843 0.97646
