002 45959 50.534286 47.495470 0.99529 0.98912
003 45985 50.244433 47.467474 0.99470 0.98905
004 45985 46.110925 47.460745 0.99316 0.98910
005 45965 48.655229 47.445206 0.99366 0.98904
006 45873 49.341176 47.492327 0.99480 0.98904
007 45972 42.602658 47.463290 0.98694 0.98904
008 45696 49.037191 47.334105 0.99456 0.98884
009 45983 48.018272 47.489155 0.99416 0.98913
010 45931 48.631925 47.425094 0.99389 0.98909
011 45740 48.734947 47.269288 0.99423 0.98863
012 45838 49.553819 47.426476 0.99410 0.98889
013 45982 49.459756 47.502131 0.99310 0.98901
014 45742 49.557989 47.345062 0.99437 0.98871
015 45960 48.594567 47.437035 0.99452 0.98897
016 45968 48.204937 47.447047 0.99173 0.98904
017 45883 49.116412 47.377474 0.99459 0.98879
018 45990 48.763878 47.425845 0.99271 0.98894
019 45914 49.213760 47.388392 0.99348 0.98885
020 45934 49.323421 47.439144 0.99320 0.98906
021 45913 49.550240 47.396501 0.99399 0.98897
022 45910 49.336136 47.399785 0.99308 0.98885
023 45922 49.301757 47.399815 0.99381 0.98890
024 45946 48.200590 47.402145 0.99260 0.98883
025 45704 49.209001 47.491259 0.99359 0.98911
026 45884 48.576634 47.159690 0.99199 0.98828
027 45998 23.832526 47.166166 0.97000 0.98843
028 45867 48.651801 47.116025 0.99325 0.98822
029 45971 48.732876 47.072990 0.99263 0.98818
030 45831 47.639236 47.314412 0.99153 0.98880
031 45923 48.871752 47.171518 0.99199 0.98842
032 45986 47.337754 47.580155 0.99126 0.98931
033 45977 43.954417 47.183491 0.98665 0.98846
034 45547 48.801862 47.036580 0.99290 0.98812
035 45969 48.374421 47.110881 0.99243 0.98829
036 45957 48.919882 47.017121 0.99256 0.98813
037 45690 48.608351 47.138267 0.99236 0.98823
038 45992 41.063949 47.055133 0.98814 0.98827
039 45962 49.228796 47.606258 0.99338 0.98940
040 45912 49.391337 47.370320 0.99356 0.98885
041 45998 35.893682 48.097221 0.97847 0.99036
042 45997 47.101447 47.843002 0.99198 0.98979
043 45400 49.315429 47.810153 0.99306 0.98979
044 45862 49.087024 47.419750 0.99350 0.98893
045 45963 49.180018 47.487662 0.99329 0.98909
046 45900 48.747840 47.195897 0.99290 0.98855
047 45811 49.194666 47.153788 0.99346 0.98837
048 45981 48.121132 47.119692 0.99212 0.98821
049 45988 41.636652 47.158531 0.98484 0.98829
050 45960 48.953064 47.225748 0.99199 0.98861
