002 3879 41.884156 13.893650 0.98018 0.49822
003 3874 41.235970 14.099337 0.97922 0.50229
004 3868 39.627590 13.838794 0.97761 0.49824
005 3927 38.130235 14.131884 0.97582 0.49659
006 3988 38.045051 13.831208 0.97501 0.49409
007 3852 37.808230 13.999701 0.97377 0.49740
008 3965 38.826563 13.826719 0.97446 0.49646
009 3889 40.871683 13.881771 0.97715 0.49759
010 3953 41.051400 13.919690 0.97718 0.49916
011 3900 42.271167 14.071739 0.97829 0.49961
012 3998 42.610245 13.869783 0.97853 0.49859
013 3952 42.616057 13.890625 0.97854 0.49615
014 3960 42.432746 13.961241 0.97868 0.49862
015 3907 41.498956 13.904361 0.97698 0.49608
016 3954 41.152909 13.898150 0.97678 0.49624
017 3946 41.247167 13.982026 0.97665 0.49781
018 3916 40.549321 13.770730 0.97584 0.49467
019 3944 40.446149 13.928812 0.97590 0.49716
020 3985 39.885921 13.951119 0.97445 0.49659
021 3878 38.410158 13.990734 0.97428 0.49980
022 3946 38.933703 13.975011 0.97315 0.50186
023 3965 39.053396 14.076260 0.97385 0.49920
024 3945 39.070851 13.936286 0.97336 0.49652
025 3989 38.565863 13.942342 0.97389 0.50277
026 3937 39.519757 14.092428 0.97255 0.49815
027 3844 39.140677 14.154048 0.97169 0.49674
028 3970 38.495980 14.127369 0.97043 0.49695
029 3871 39.646285 14.157101 0.97297 0.49665
030 3974 37.978213 14.147551 0.96718 0.49988
031 3898 38.483233 13.917631 0.97000 0.49503
032 3956 38.653626 14.017402 0.96919 0.50089
033 3978 38.556518 14.190714 0.96745 0.49854
034 3986 37.967193 14.275696 0.96645 0.50189
035 3807 39.311750 14.290212 0.97110 0.50074
036 3943 38.745772 14.051633 0.96916 0.49742
037 3935 38.625976 14.109151 0.96940 0.50340
038 3968 39.008190 14.040219 0.97032 0.49893
039 3899 38.949884 14.055244 0.97173 0.50555
040 3962 38.991135 14.039944 0.97014 0.49840
041 3805 39.165396 14.056575 0.97243 0.50549
042 3901 39.232319 13.969058 0.97066 0.50015
043 3936 40.085889 13.883526 0.97141 0.50638
044 3966 41.394068 14.183322 0.97324 0.49943
045 3918 40.595438 13.988794 0.97196 0.49849
046 3925 40.542819 14.192561 0.97084 0.49819
047 3759 41.262643 14.143930 0.97298 0.49901
048 3943 40.086493 14.152566 0.96988 0.49916
049 3742 40.417372 14.363741 0.97038 0.50214
050 3951 39.828432 14.241938 0.96829 0.49982
