002 56582 54.552239 50.094689 0.99808 0.99365
003 56942 53.941926 50.267549 0.99744 0.99385
004 56987 53.331938 50.342053 0.99660 0.99407
005 56680 52.496627 50.196463 0.99784 0.99382
006 56961 53.924450 50.334826 0.99759 0.99391
007 57000 53.098828 50.340936 0.99679 0.99398
008 56979 53.371918 50.281444 0.99702 0.99393
009 56844 53.179894 50.211729 0.99699 0.99381
010 56888 53.469036 50.223099 0.99741 0.99387
011 56853 53.393946 50.188510 0.99720 0.99380
012 56974 52.258478 50.294510 0.99677 0.99386
013 56912 54.006384 50.340818 0.99753 0.99393
014 56927 52.611702 50.213041 0.99699 0.99375
015 56862 52.360498 50.279704 0.99669 0.99389
016 56963 53.020446 50.233237 0.99679 0.99387
017 56984 52.330188 50.220239 0.99707 0.99378
018 56959 51.753255 50.237425 0.99542 0.99381
019 56764 52.496917 50.130272 0.99622 0.99365
020 56975 51.605811 50.280864 0.99662 0.99397
021 56958 51.857602 50.174570 0.99605 0.99380
022 56968 52.850377 50.270903 0.99625 0.99378
023 56891 52.205869 50.214525 0.99634 0.99380
024 56914 53.311154 50.163269 0.99699 0.99366
025 56957 53.129107 50.385546 0.99674 0.99406
026 56988 49.089183 49.986135 0.99406 0.99345
027 56976 50.872627 49.983915 0.99416 0.99349
028 56996 48.982502 49.948271 0.99343 0.99339
029 56473 52.072730 49.690412 0.99597 0.99304
030 56969 51.406717 50.218181 0.99534 0.99385
031 56996 36.375374 49.977314 0.98361 0.99351
032 56795 52.733885 50.313219 0.99702 0.99388
033 56956 52.725835 49.951065 0.99684 0.99348
034 56996 38.038162 50.039113 0.98204 0.99357
035 56991 44.634493 49.945426 0.99124 0.99340
036 56995 50.452821 49.829247 0.99545 0.99328
037 56720 52.547819 49.948701 0.99642 0.99337
038 56216 52.399417 49.595011 0.99664 0.99303
039 56659 52.294093 50.291545 0.99654 0.99386
040 56948 52.438021 50.209390 0.99623 0.99376
041 56999 37.238911 51.132948 0.98156 0.99488
042 56989 44.307803 50.698311 0.99099 0.99429
043 56959 52.834586 50.956482 0.99736 0.99471
044 56908 51.981981 50.215039 0.99592 0.99379
045 56980 53.505307 50.404056 0.99707 0.99400
046 56981 49.471626 50.064412 0.99469 0.99361
047 56925 51.679587 50.024551 0.99625 0.99345
048 56976 49.368063 49.925133 0.99403 0.99336
049 56979 52.019109 49.927217 0.99614 0.99338
050 56949 52.162644 50.077726 0.99624 0.99365
