002 15691 45.458031 35.716250 0.98662 0.91848
003 16000 43.475371 35.962082 0.98306 0.92126
004 15996 41.912495 36.033095 0.98146 0.92126
005 15959 40.594909 35.956514 0.98093 0.92132
006 15990 44.800953 36.066009 0.98455 0.92125
007 15919 44.351308 35.959601 0.98416 0.92181
008 15999 25.334345 36.042292 0.95861 0.92162
009 15984 25.727870 35.990881 0.95883 0.92090
010 15999 26.561922 36.020473 0.96494 0.92117
011 15936 44.118459 35.976706 0.98363 0.92095
012 15869 44.428573 35.898528 0.98459 0.92032
013 15836 44.598370 35.864540 0.98507 0.92020
014 15977 40.564724 36.034066 0.97553 0.92078
015 15961 44.503481 35.969920 0.98314 0.92123
016 15992 44.309562 35.953704 0.98344 0.92044
017 15774 44.728365 35.828256 0.98511 0.92007
018 15934 44.123891 35.913731 0.98263 0.91997
019 15999 43.688984 36.020284 0.98274 0.91983
020 15970 43.128414 35.995709 0.98199 0.92099
021 15823 44.288036 35.878270 0.98346 0.91910
022 15978 43.779796 35.981075 0.98218 0.91965
023 15970 43.469858 35.982410 0.98115 0.91983
024 15970 43.726763 35.945368 0.98246 0.92004
025 15982 42.520992 36.053195 0.98240 0.92271
026 15811 42.191866 35.666647 0.98133 0.91610
027 15983 42.882046 35.846926 0.98244 0.91725
028 15866 42.600185 35.675556 0.98104 0.91613
029 15990 36.304999 35.737561 0.96649 0.91713
030 15993 40.601420 35.905661 0.97677 0.91935
031 15977 42.656365 35.709583 0.98201 0.91756
032 15995 24.354140 36.040374 0.95585 0.92171
033 15960 42.790376 35.766810 0.98234 0.91642
034 15995 44.070134 35.754885 0.98127 0.91775
035 15982 43.127621 35.743602 0.97940 0.91725
036 15999 42.535593 35.672865 0.97849 0.91659
037 15789 43.582501 35.741206 0.98037 0.91763
038 15960 43.038864 35.710389 0.97919 0.91666
039 15927 43.262997 36.060907 0.98099 0.92234
040 15666 43.927618 35.702466 0.98280 0.91717
041 15995 33.796917 36.536473 0.96451 0.92762
042 15732 43.713362 36.007879 0.98213 0.92356
043 15953 43.998189 36.364248 0.98186 0.92639
044 15857 44.125816 35.929601 0.98199 0.92089
045 15831 44.136326 35.978359 0.98341 0.92030
046 15918 43.877323 35.760502 0.98095 0.91747
047 15600 44.250159 35.507192 0.98284 0.91489
048 15977 43.311864 35.737846 0.97962 0.91700
049 15979 43.244592 35.699253 0.98125 0.91695
050 15994 42.165649 35.811485 0.97692 0.91779
