002 20699 45.867596 39.369205 0.98770 0.94782
003 20187 45.346161 38.881705 0.98661 0.94588
004 20364 45.387413 39.077231 0.98712 0.94669
005 20994 27.697519 39.430681 0.96666 0.94820
006 20997 45.282824 39.412979 0.98698 0.94800
007 20998 27.312412 39.468480 0.96022 0.94855
008 20963 45.139238 39.417387 0.98514 0.94803
009 20994 45.503278 39.409709 0.98756 0.94771
010 20935 45.293531 39.407305 0.98630 0.94766
011 20912 45.278919 39.425731 0.98718 0.94734
012 20860 45.178205 39.398798 0.98646 0.94751
013 20392 45.601465 39.130744 0.98604 0.94643
014 20169 45.390233 38.924868 0.98554 0.94531
015 20338 45.193164 39.107309 0.98516 0.94583
016 20329 44.792229 39.026893 0.98499 0.94593
017 20996 29.834620 39.398452 0.97116 0.94708
018 20922 44.860323 39.408538 0.98551 0.94785
019 20940 44.628857 39.415586 0.98479 0.94736
020 20986 44.162635 39.443398 0.98314 0.94813
021 20965 45.029720 39.401723 0.98477 0.94724
022 20951 44.409705 39.411854 0.98313 0.94693
023 20926 44.794408 39.433289 0.98462 0.94773
024 21000 40.878451 39.423536 0.97812 0.94740
025 20982 43.440632 39.527837 0.98513 0.94838
026 20944 43.016264 39.242158 0.98369 0.94493
027 20998 44.709116 39.300780 0.98433 0.94543
028 20856 44.209957 39.278133 0.98213 0.94526
029 20998 29.806798 39.204809 0.97016 0.94475
030 20612 44.179760 39.244610 0.98304 0.94609
031 20992 42.756361 39.265247 0.98230 0.94511
032 20969 43.947789 39.531943 0.98188 0.94855
033 20999 43.213899 39.253081 0.98067 0.94497
034 20922 44.240409 39.303266 0.98275 0.94587
035 20998 44.811324 39.228537 0.98367 0.94469
036 20965 44.870036 39.177723 0.98348 0.94455
037 20995 44.311410 39.300656 0.98341 0.94604
038 20988 44.769402 39.202104 0.98392 0.94500
039 20907 44.340295 39.553534 0.98314 0.94854
040 20974 44.889293 39.386441 0.98553 0.94705
041 20955 44.082540 39.860254 0.98257 0.95213
042 20891 44.486697 39.697138 0.98360 0.95022
043 20965 43.998257 39.819409 0.98361 0.95154
044 20950 26.970882 39.467407 0.95939 0.94796
045 20777 44.828785 39.443551 0.98477 0.94766
046 20959 44.231300 39.267455 0.98327 0.94559
047 20985 43.802186 39.326142 0.98390 0.94554
048 20972 43.964222 39.198916 0.98292 0.94484
049 20921 44.352773 39.180855 0.98393 0.94424
050 20999 44.045274 39.299675 0.98402 0.94552
