002 40000 45.637359 45.528263 0.99065 0.98322
003 39623 48.143934 45.421878 0.99276 0.98276
004 39774 48.764492 45.515627 0.99277 0.98304
005 39559 48.051629 45.411153 0.99329 0.98263
006 39989 46.149449 45.582911 0.99161 0.98321
007 39574 48.164292 45.436257 0.99254 0.98269
008 39957 48.076267 45.502449 0.99276 0.98297
009 39875 48.051768 45.504571 0.99268 0.98300
010 39521 47.874569 45.376511 0.99338 0.98249
011 40000 22.866501 45.458222 0.97060 0.98275
012 39916 47.494341 45.565277 0.99245 0.98311
013 39074 48.219376 45.280935 0.99276 0.98176
014 39864 48.593742 45.475540 0.99268 0.98273
015 39565 47.909825 45.418565 0.99216 0.98248
016 39967 48.123424 45.520836 0.99128 0.98283
017 39536 48.075673 45.331297 0.99290 0.98212
018 39933 48.029788 45.508047 0.99180 0.98284
019 39504 47.984656 45.317408 0.99193 0.98205
020 39402 47.710119 45.373794 0.99140 0.98223
021 39766 47.803200 45.445350 0.99196 0.98271
022 39976 42.888615 45.494199 0.98505 0.98281
023 39499 47.942728 45.348544 0.99077 0.98229
024 39974 40.578964 45.476538 0.98355 0.98282
025 39970 46.973290 45.605434 0.98919 0.98334
026 39557 47.219498 45.183167 0.98930 0.98165
027 39443 47.648934 45.156789 0.99050 0.98162
028 39788 47.733502 45.241258 0.99110 0.98185
029 39999 22.898038 45.233562 0.96427 0.98187
030 39930 47.093842 45.415916 0.98899 0.98265
031 39979 47.171093 45.315929 0.98913 0.98234
032 39787 47.312041 45.570017 0.99022 0.98330
033 39997 39.042606 45.350593 0.97981 0.98244
034 39964 46.817876 45.357753 0.98971 0.98234
035 39594 47.415342 45.149507 0.98995 0.98147
036 39561 47.849622 45.089552 0.99129 0.98128
037 39091 47.169053 45.100495 0.98953 0.98133
038 39956 47.183094 45.207309 0.99083 0.98185
039 39911 46.548180 45.609130 0.98842 0.98340
040 39990 41.796189 45.501002 0.98285 0.98297
041 39769 47.262541 46.010182 0.99049 0.98490
042 39993 43.840085 45.820425 0.98518 0.98417
043 39180 47.418820 45.741820 0.99002 0.98377
044 39646 47.928707 45.442266 0.99084 0.98258
045 39898 47.888116 45.532380 0.99094 0.98297
046 39163 47.199004 45.129276 0.99088 0.98130
047 39993 26.765435 45.364644 0.97150 0.98242
048 39255 47.145640 45.068864 0.99056 0.98108
049 39720 47.643593 45.182056 0.99235 0.98166
050 39999 24.404057 45.346607 0.96485 0.98244
