002 32568 48.283322 45.768629 0.99313 0.98374
003 32870 47.425214 45.812046 0.99159 0.98387
004 32927 47.576452 45.878775 0.99179 0.98404
005 32980 46.860397 45.891544 0.99083 0.98412
006 32944 47.295420 45.868373 0.99144 0.98410
007 32960 47.504669 45.875011 0.99179 0.98412
008 32865 47.552598 45.821069 0.99281 0.98379
009 32981 46.926467 45.878186 0.99101 0.98403
010 32982 47.190003 45.846724 0.99175 0.98397
011 32941 47.209339 45.782704 0.99195 0.98373
012 32666 47.613436 45.811632 0.99218 0.98378
013 32937 47.816822 45.849565 0.99171 0.98399
014 32997 46.839688 45.851990 0.99117 0.98394
015 32992 46.832632 45.850004 0.99025 0.98400
016 32968 47.323558 45.841589 0.99042 0.98377
017 32943 47.531799 45.795379 0.99192 0.98367
018 32985 46.991819 45.864345 0.99040 0.98405
019 32996 47.464472 45.822772 0.99217 0.98379
020 32953 47.495592 45.813974 0.99141 0.98358
021 32965 47.393190 45.782148 0.99147 0.98376
022 32801 47.201714 45.795110 0.99108 0.98365
023 32907 47.525339 45.816939 0.99139 0.98379
024 32845 47.765936 45.781984 0.99208 0.98364
025 32398 47.610488 45.817665 0.99031 0.98390
026 32954 46.922586 45.628750 0.98899 0.98307
027 32933 47.082668 45.605948 0.98938 0.98307
028 32988 46.697683 45.639967 0.98966 0.98331
029 32715 46.932819 45.478533 0.99123 0.98268
030 32727 46.439629 45.730154 0.98871 0.98343
031 32939 47.066790 45.603025 0.98991 0.98317
032 32951 46.684644 45.945883 0.98803 0.98430
033 32879 47.108032 45.642577 0.99012 0.98313
034 32998 46.990731 45.652012 0.98952 0.98336
035 32927 46.959452 45.573036 0.98906 0.98291
036 32954 46.985054 45.486926 0.98995 0.98268
037 32895 47.097740 45.685249 0.98855 0.98339
038 32438 46.755201 45.398890 0.99091 0.98237
039 32956 46.797655 46.012612 0.98880 0.98453
040 32908 47.381071 45.804677 0.99030 0.98371
041 32984 46.941759 46.432023 0.98923 0.98581
042 32969 47.499380 46.145890 0.99124 0.98489
043 32847 47.120952 46.311122 0.99050 0.98551
044 32945 47.025935 45.848207 0.98942 0.98388
045 32972 47.564803 45.879764 0.99065 0.98401
046 32641 46.819914 45.579355 0.99027 0.98297
047 32963 47.457596 45.680905 0.98987 0.98338
048 32865 46.772872 45.553685 0.98909 0.98285
049 32923 46.182177 45.563399 0.99033 0.98284
050 32946 47.003961 45.671828 0.98874 0.98328
051 32949 47.059576 45.658747 0.98921 0.98326
052 32576 46.689662 45.882227 0.98828 0.98397
