002 20929 46.131862 42.557347 0.98849 0.96905
003 20414 45.673995 42.360021 0.98736 0.96803
004 20959 45.743716 42.581986 0.98816 0.96879
005 20978 45.194134 42.582893 0.98733 0.96919
006 20874 45.782374 42.580588 0.98790 0.96924
007 20921 45.888085 42.608758 0.98697 0.96905
008 20246 45.757873 42.276405 0.98812 0.96787
009 20931 45.905071 42.591836 0.98854 0.96920
010 21000 45.749880 42.563589 0.98770 0.96895
011 20976 43.966050 42.569261 0.98514 0.96865
012 20603 45.701499 42.479510 0.98590 0.96857
013 20985 45.805152 42.585316 0.98820 0.96868
014 20527 45.819574 42.421134 0.98833 0.96804
015 20949 45.413912 42.621610 0.98628 0.96907
016 20938 45.065408 42.552385 0.98596 0.96860
017 20648 45.789274 42.411890 0.98618 0.96784
018 20616 45.422560 42.415216 0.98601 0.96809
019 20989 45.180640 42.581415 0.98597 0.96891
020 20989 44.306060 42.566738 0.98351 0.96892
021 20903 45.136613 42.578354 0.98499 0.96885
022 20967 45.270991 42.582902 0.98540 0.96882
023 20955 45.663150 42.557072 0.98722 0.96859
024 20963 45.440040 42.554302 0.98663 0.96874
025 20986 44.388977 42.674325 0.98380 0.96935
026 20985 43.446420 42.366632 0.98069 0.96755
027 20920 44.942220 42.340376 0.98451 0.96754
028 20926 44.880306 42.333554 0.98523 0.96744
029 20995 44.642843 42.320190 0.98525 0.96720
030 20950 44.248872 42.495748 0.98318 0.96865
031 20989 44.111394 42.398152 0.98342 0.96777
032 20995 43.307009 42.695291 0.98120 0.96941
033 20956 44.296286 42.372972 0.98283 0.96741
034 20978 45.091306 42.448705 0.98664 0.96788
035 20935 44.249045 42.267373 0.98227 0.96688
036 20927 44.987548 42.215172 0.98356 0.96660
037 20864 44.967494 42.383441 0.98503 0.96799
038 20996 44.703638 42.318410 0.98481 0.96727
039 20953 44.697799 42.715474 0.98441 0.96956
040 20953 45.217343 42.522769 0.98458 0.96872
041 20995 43.426230 43.091646 0.98146 0.97191
042 20988 44.894976 42.876615 0.98440 0.97024
043 20854 45.091324 43.002474 0.98593 0.97108
044 20937 45.214074 42.582134 0.98538 0.96896
045 20956 44.609948 42.596942 0.98506 0.96857
046 20991 45.066926 42.400078 0.98485 0.96772
047 20444 45.371004 42.173289 0.98703 0.96700
048 20665 44.877832 42.147460 0.98476 0.96624
049 20935 45.039490 42.271130 0.98633 0.96710
050 20990 45.069894 42.451543 0.98401 0.96797
051 20994 44.749062 42.405021 0.98531 0.96778
052 20943 44.396703 42.674436 0.98314 0.96925
