002 14985 44.787971 40.443337 0.98585 0.95643
003 14884 44.681479 40.382287 0.98521 0.95569
004 14963 44.982410 40.433237 0.98548 0.95610
005 14911 44.915069 40.394036 0.98568 0.95564
006 14910 44.991114 40.397399 0.98561 0.95537
007 14960 44.923200 40.440497 0.98574 0.95599
008 14978 44.743437 40.471596 0.98517 0.95614
009 14696 45.077148 40.274780 0.98512 0.95535
010 14971 44.841890 40.425492 0.98479 0.95575
011 14924 44.946767 40.388713 0.98547 0.95563
012 14596 44.772891 40.164805 0.98396 0.95507
013 14945 45.027869 40.447883 0.98584 0.95610
014 14821 44.457568 40.374348 0.98401 0.95544
015 14984 44.252314 40.477191 0.98298 0.95608
016 14843 44.502101 40.338332 0.98390 0.95504
017 14678 44.839670 40.268729 0.98518 0.95521
018 14940 44.910572 40.379048 0.98417 0.95538
019 14866 44.177285 40.382251 0.98378 0.95556
020 14924 43.628161 40.447594 0.98388 0.95576
021 14888 44.478551 40.335707 0.98326 0.95505
022 14990 44.434559 40.419580 0.98369 0.95592
023 14919 44.340679 40.380424 0.98285 0.95530
024 14836 41.646932 40.320948 0.98289 0.95498
025 14941 43.956984 40.568804 0.98212 0.95685
026 14815 43.183467 40.067226 0.98045 0.95335
027 14762 43.789136 40.057418 0.98260 0.95349
028 14914 43.698424 40.180401 0.98173 0.95361
029 14955 42.942715 40.098229 0.98064 0.95311
030 14982 43.397248 40.345076 0.98033 0.95474
031 14991 43.900316 40.207354 0.98196 0.95327
032 14642 43.697812 40.315060 0.98198 0.95582
033 14878 44.080607 40.140263 0.98177 0.95297
034 14904 44.256077 40.190292 0.98270 0.95399
035 14872 43.816112 40.070401 0.98192 0.95277
036 14857 44.387902 40.037348 0.98222 0.95289
037 14855 44.008695 40.194735 0.98226 0.95399
038 14962 44.292298 40.127232 0.98304 0.95329
039 14650 43.702271 40.378218 0.98175 0.95594
040 14285 44.407875 39.873414 0.98338 0.95355
041 14959 41.714998 40.906524 0.97730 0.95984
042 14915 43.814163 40.708459 0.98147 0.95828
043 14425 43.741723 40.599461 0.98198 0.95851
044 14953 44.312774 40.435958 0.98221 0.95567
045 14958 44.239024 40.515177 0.98368 0.95640
046 14967 43.559103 40.231173 0.98059 0.95372
047 14991 43.598240 40.275296 0.98192 0.95398
048 14996 44.411536 40.143935 0.98199 0.95284
049 14992 44.041675 40.121304 0.98326 0.95306
050 14978 44.167881 40.262114 0.98137 0.95405
051 14865 44.534819 40.162767 0.98369 0.95372
052 14693 43.642206 40.392780 0.98066 0.95597
