002 13647 45.387000 39.485130 0.98638 0.95233
003 13477 44.891639 39.396702 0.98515 0.95127
004 13427 44.872238 39.341045 0.98563 0.95104
005 13943 44.128388 39.677471 0.98400 0.95326
006 13964 44.070203 39.735775 0.98341 0.95325
007 13396 45.097243 39.319224 0.98475 0.95109
008 13705 44.957322 39.574065 0.98510 0.95265
009 13980 44.787578 39.749368 0.98523 0.95365
010 13430 44.798295 39.317407 0.98444 0.95052
011 13989 44.745478 39.685678 0.98514 0.95343
012 13936 44.645202 39.659807 0.98443 0.95335
013 13868 44.635757 39.656331 0.98384 0.95300
014 13519 44.709260 39.419003 0.98336 0.95130
015 13987 43.306182 39.726743 0.98108 0.95345
016 13931 43.021601 39.709752 0.98018 0.95304
017 13989 43.801951 39.755662 0.98199 0.95346
018 13548 43.697469 39.428779 0.98239 0.95138
019 13975 43.419358 39.733484 0.98066 0.95331
020 13629 42.404103 39.490061 0.98280 0.95180
021 13999 42.146212 39.667256 0.98170 0.95312
022 13914 41.844477 39.623801 0.98170 0.95294
023 13974 43.431281 39.681181 0.98058 0.95306
024 13990 40.907267 39.724029 0.98011 0.95285
025 13975 43.455587 39.868450 0.98094 0.95415
026 13953 42.786968 39.441850 0.98040 0.95108
027 13986 42.606509 39.514316 0.98039 0.95150
028 13942 43.322631 39.470115 0.98191 0.95088
029 13979 43.831699 39.423555 0.98091 0.95042
030 13858 43.227544 39.512503 0.97913 0.95170
031 13979 43.823027 39.484020 0.98072 0.95081
032 13997 43.424508 39.860427 0.98045 0.95440
033 13995 42.250259 39.502639 0.97919 0.95071
034 13902 43.972367 39.466057 0.98114 0.95138
035 13950 43.414893 39.427655 0.98079 0.95036
036 13994 42.804679 39.428193 0.97970 0.95054
037 13990 42.629986 39.592873 0.97887 0.95168
038 13890 43.772821 39.382814 0.98141 0.95050
039 13991 42.586115 39.901810 0.97813 0.95439
040 13844 43.875067 39.553377 0.98138 0.95220
041 13949 43.175443 40.313435 0.97959 0.95795
042 13950 43.715945 40.072755 0.98043 0.95616
043 13961 43.362784 40.232337 0.97919 0.95751
044 13591 44.088889 39.474210 0.98102 0.95164
045 13959 44.175053 39.797013 0.98264 0.95381
046 13954 43.585081 39.517335 0.97978 0.95089
047 13736 44.300687 39.416997 0.98193 0.95064
048 13983 42.567347 39.429013 0.97789 0.94993
049 13406 43.896408 39.011634 0.98220 0.94805
050 13948 43.683358 39.495985 0.98050 0.95158
051 13967 44.153121 39.521509 0.98230 0.95140
052 13858 43.111726 39.739863 0.97908 0.95362
