002 4865 44.204859 33.103815 0.98258 0.87820
003 4932 43.327727 33.336721 0.98081 0.87962
004 5000 43.469314 33.469317 0.98098 0.88053
005 4992 42.558992 33.456069 0.98031 0.88260
006 4996 42.230322 33.508877 0.97951 0.88076
007 4981 42.216720 33.461836 0.97950 0.88061
008 5000 42.123378 33.536655 0.97934 0.88252
009 4998 43.167017 33.466319 0.97942 0.88096
010 4922 42.924635 33.378449 0.98029 0.88105
011 4980 42.980041 33.459054 0.97955 0.88243
012 4982 42.734599 33.423471 0.97912 0.88032
013 4960 42.240507 33.410130 0.97745 0.88138
014 4284 41.934413 32.027884 0.97823 0.87379
015 4977 42.010872 33.464501 0.97758 0.88339
016 4286 41.460659 32.023759 0.97741 0.87376
017 4996 41.510968 33.489002 0.97703 0.88171
018 4286 41.115067 32.151117 0.97722 0.87262
019 4984 40.592018 33.404543 0.97596 0.88061
020 4291 39.811331 32.171193 0.97596 0.87429
021 4941 38.501188 33.348937 0.97395 0.88087
022 4975 39.292142 33.382016 0.97513 0.88103
023 4986 39.564508 33.453657 0.97460 0.88064
024 4349 39.325030 32.233230 0.97397 0.87385
025 4937 40.261802 33.416515 0.97447 0.88336
026 4593 38.606853 32.541244 0.97194 0.87404
027 4986 39.406802 33.253993 0.97309 0.87747
028 4968 38.748676 33.194299 0.97170 0.87682
029 4557 38.863745 32.395791 0.97238 0.87200
030 4903 37.895072 33.165721 0.96792 0.87987
031 4993 39.838401 33.192717 0.97361 0.87860
032 4343 39.287394 32.334025 0.97145 0.87642
033 4878 39.384497 33.037118 0.97120 0.87659
034 4997 39.464706 33.208619 0.96964 0.87995
035 4348 38.857086 32.116172 0.97071 0.86950
036 4989 40.752434 33.142330 0.97347 0.87496
037 4909 39.688930 33.230825 0.97340 0.87721
038 4973 40.660810 33.179792 0.97148 0.87577
039 4975 40.914224 33.594160 0.97459 0.88325
040 4990 41.653981 33.395521 0.97389 0.88087
041 4921 41.307002 33.960400 0.97366 0.89111
042 4415 41.203556 32.884355 0.97376 0.88262
043 4892 41.976049 33.778042 0.97514 0.88732
044 4970 40.697622 33.429333 0.97088 0.88089
045 4965 41.920521 33.537598 0.97566 0.88313
046 4998 40.455705 33.312546 0.97180 0.87822
047 4970 42.211119 33.310278 0.97563 0.87801
048 4974 41.824238 33.170281 0.97307 0.87633
049 4964 41.452968 33.161925 0.97377 0.87544
050 4515 40.791514 32.466824 0.97251 0.87513
051 4867 42.156148 33.096028 0.97476 0.87731
052 4990 40.654727 33.629080 0.97075 0.88218
