002 46972 51.998912 50.224014 0.99660 0.99400
003 46910 52.007790 50.134474 0.99599 0.99389
004 46993 51.236317 50.169764 0.99553 0.99391
005 46898 50.823014 50.154025 0.99642 0.99389
006 46954 51.506199 50.200730 0.99611 0.99391
007 46897 51.247819 50.140420 0.99481 0.99388
008 46891 51.929461 50.140700 0.99603 0.99385
009 46910 51.553893 50.136717 0.99597 0.99384
010 46979 49.982182 50.168859 0.99470 0.99389
011 46956 51.812080 50.063585 0.99628 0.99376
012 46982 49.735023 50.191178 0.99345 0.99385
013 46972 51.679907 50.203121 0.99682 0.99392
014 46972 47.891124 50.120371 0.99369 0.99380
015 46958 51.986100 50.177399 0.99628 0.99385
016 46987 49.232711 50.127585 0.99410 0.99382
017 46867 51.515588 50.071589 0.99607 0.99375
018 46972 50.851021 50.085867 0.99619 0.99375
019 46970 50.811272 50.098523 0.99490 0.99378
020 46997 47.024319 50.163777 0.99300 0.99388
021 46980 49.562213 50.139578 0.99474 0.99383
022 46947 51.429090 50.120371 0.99532 0.99383
023 46976 50.506106 50.120594 0.99489 0.99380
024 46994 48.979407 50.104921 0.99367 0.99380
025 46738 51.131608 50.173495 0.99550 0.99384
026 46483 50.466474 49.797024 0.99445 0.99336
027 46316 50.798582 49.727820 0.99555 0.99323
028 46935 50.416122 49.921930 0.99427 0.99357
029 46797 50.959192 49.806889 0.99520 0.99338
030 46986 48.430019 50.060718 0.99174 0.99370
031 46965 48.889012 49.939044 0.99289 0.99356
032 46989 47.572783 50.236794 0.99251 0.99391
033 46992 49.595061 49.908499 0.99357 0.99356
034 46670 50.626340 49.835574 0.99485 0.99341
035 46953 49.467970 49.806525 0.99344 0.99341
036 46971 49.533807 49.829404 0.99481 0.99348
037 46921 49.202031 49.972883 0.99366 0.99365
038 46691 50.705402 49.763493 0.99548 0.99333
039 46925 50.543207 50.266336 0.99470 0.99396
040 46981 49.823816 50.139297 0.99407 0.99387
041 46875 51.129140 50.720259 0.99469 0.99441
042 46828 51.464427 50.465022 0.99591 0.99419
043 46759 51.514972 50.616307 0.99575 0.99437
044 46916 50.382756 50.093967 0.99450 0.99376
045 46742 51.132525 50.117857 0.99597 0.99378
046 46822 50.576530 49.903234 0.99535 0.99350
047 46904 48.395440 49.980775 0.99296 0.99356
048 46981 50.086698 49.881392 0.99338 0.99352
049 46626 51.040744 49.754034 0.99558 0.99331
050 46910 50.409368 49.958272 0.99468 0.99361
051 46890 50.984274 49.938616 0.99523 0.99354
052 46964 49.459708 50.275707 0.99347 0.99403
