002 34796 48.832282 46.335665 0.99406 0.98565
003 34930 48.271990 46.325020 0.99213 0.98557
004 34992 47.880036 46.400804 0.99199 0.98577
005 34865 45.496664 46.362629 0.99020 0.98561
006 34999 48.024888 46.416540 0.99291 0.98587
007 34936 47.944929 46.356777 0.99224 0.98568
008 34951 45.232311 46.343058 0.99004 0.98553
009 34995 46.026390 46.398575 0.98887 0.98569
010 34985 46.982965 46.355767 0.99246 0.98571
011 34913 47.472603 46.272733 0.99219 0.98534
012 34920 48.043655 46.380376 0.99234 0.98570
013 34579 48.295160 46.256957 0.99334 0.98531
014 34953 48.268560 46.326396 0.99183 0.98554
015 34989 47.554053 46.335174 0.99220 0.98557
016 34875 47.559099 46.319777 0.99100 0.98537
017 34887 46.671770 46.286809 0.99067 0.98535
018 34941 47.548641 46.364017 0.99126 0.98564
019 34922 47.708708 46.300606 0.99216 0.98537
020 34917 46.815761 46.288496 0.99006 0.98520
021 34755 47.780028 46.224051 0.99221 0.98521
022 34893 47.427347 46.322106 0.99156 0.98543
023 34918 47.868610 46.327515 0.99198 0.98547
024 34940 47.737890 46.292660 0.99226 0.98537
025 34563 47.977179 46.356589 0.99167 0.98562
026 34967 47.121260 46.104117 0.99007 0.98469
027 34941 47.503446 46.073554 0.99035 0.98467
028 34999 45.707562 46.126245 0.98877 0.98495
029 34944 47.646215 46.014087 0.99141 0.98453
030 34990 46.393976 46.285792 0.98799 0.98523
031 34767 47.620657 46.044976 0.99103 0.98463
032 34851 46.872785 46.445331 0.98871 0.98585
033 34862 47.214887 46.107886 0.98937 0.98475
034 34839 47.696604 46.104161 0.99106 0.98485
035 34844 47.143275 46.058924 0.98893 0.98456
036 34979 47.363414 45.978075 0.99079 0.98440
037 34473 47.377979 46.065969 0.98907 0.98467
038 34635 46.967068 45.905875 0.99137 0.98409
039 34840 47.171347 46.503734 0.98957 0.98607
040 34991 47.617013 46.332674 0.99048 0.98543
041 34887 47.371833 46.930111 0.99110 0.98727
042 34694 47.824093 46.613072 0.99214 0.98635
043 34954 47.610551 46.858471 0.99020 0.98714
044 34988 45.564788 46.359878 0.99028 0.98555
045 34995 47.909153 46.402964 0.99104 0.98569
046 34886 47.177302 46.111636 0.99073 0.98475
047 34608 47.736470 46.094134 0.99078 0.98472
048 34623 47.073433 45.982253 0.98957 0.98431
049 35000 46.177284 46.070145 0.98920 0.98462
050 34982 47.568186 46.173004 0.98961 0.98501
051 34923 47.796193 46.149763 0.99084 0.98491
052 34820 47.412466 46.458415 0.99000 0.98589
