002 4648 46.201969 37.184141  
003 4831 43.089840 37.727528  
004 4885 43.225477 37.939423  
005 4909 44.015809 37.939023  
006 4989 43.996366 38.021632  
007 4949 43.949806 38.041452  
008 4833 43.813378 37.766566  
009 4970 43.465600 37.997920  
010 4921 43.144517 37.999910  
011 4932 42.277200 38.017072  
012 3039 41.327758 32.551500  
013 3048 41.300049 32.530833  
014 3039 41.326956 32.538881  
015 3026 41.132752 32.517978  
016 3047 41.113035 32.534295  
017 3049 40.991626 32.533339  
018 3073 40.972388 32.587359  
019 3048 40.964422 32.506116  
020 3025 40.985669 32.512119  
021 3058 40.902948 32.556914  
022 3048 40.882587 32.453838  
023 3048 40.972503 32.477449  
024 3046 40.853022 32.471437  
025 3048 40.965281 32.544582  
026 3063 40.437732 32.333349  
027 3068 40.762229 32.449503  
028 3028 40.357209 32.277156  
029 3051 40.457043 32.392340  
030 3045 39.922440 32.423517  
031 3042 40.659477 32.336871  
032 3036 40.217236 32.544452  
033 3052 40.435996 32.444039  
034 3051 40.142267 32.363577  
035 3046 40.565643 32.479668  
036 3052 40.422379 32.288639  
037 3048 40.847175 32.474936  
038 3051 40.570423 32.309283  
039 3051 40.942796 32.577252  
040 3036 40.765679 32.433728  
041 3058 40.780379 32.872282  
042 3055 41.047005 32.722843  
043 3084 41.047812 32.990064  
044 3044 41.171199 32.521283  
045 3058 41.120663 32.656099  
046 3049 40.781547 32.383547  
047 3054 40.960473 32.383515  
048 3035 40.414339 32.317697  
049 3064 40.544741 32.306405  
050 3043 40.276565 32.400128  
