002 1941 43.807576 29.390311  
003 1931 41.188277 29.409613  
004 1959 41.194599 29.461242  
005 1989 41.628669 29.578485  
006 1958 41.593618 29.432129  
007 1925 41.586945 29.419406  
008 1958 41.513546 29.457435  
009 1940 41.272734 29.412432  
010 1930 41.115021 29.421526  
011 1925 40.584627 29.421633  
012 1913 40.492005 29.369384  
013 1975 40.542775 29.519317  
014 1931 40.137058 29.411174  
015 1900 39.994607 29.402502  
016 1927 40.035750 29.414127  
017 1915 39.929774 29.403835  
018 1905 39.939554 29.349968  
019 1969 39.182430 29.498448  
020 1974 39.180829 29.498688  
021 1899 38.240340 29.365189  
022 1994 38.390549 29.538107  
023 1919 38.415894 29.377543  
024 1901 38.297983 29.335404  
025 1910 38.402576 29.405244  
026 1961 38.582768 29.308379  
027 1905 38.327700 29.277221  
028 1998 38.027557 29.432424  
029 1994 38.045481 29.452821  
030 1926 37.879129 29.330018  
031 1999 38.313279 29.473126  
032 2000 38.165282 29.597888  
033 1995 38.218541 29.484467  
034 2000 38.068584 29.480990  
035 1925 38.134879 29.365376  
036 1997 38.074205 29.426608  
037 1924 38.299987 29.315113  
038 1918 38.083570 29.242507  
039 1909 38.439269 29.411676  
040 1903 38.334941 29.295555  
041 1945 38.595639 29.640492  
042 1905 38.964425 29.543884  
043 1934 39.032794 29.629510  
044 1910 38.851028 29.372936  
045 1918 38.774105 29.445929  
046 1914 38.431963 29.328469  
047 1911 38.487971 29.311903  
048 1937 38.194629 29.282320  
049 1920 38.221741 29.261335  
050 1994 38.212948 29.435832  
