002 8954 47.754416 40.917069  
003 9877 47.700791 41.683827  
004 9720 47.638003 41.621073  
005 8092 45.434541 40.373559  
006 8034 45.366050 40.358844  
007 8061 45.411868 40.408805  
008 8054 45.258242 40.356445  
009 8109 44.682321 40.404049  
010 8104 44.301131 40.394759  
011 3041 41.347584 32.483237  
012 3039 41.671063 32.551500  
013 3048 41.397275 32.530833  
014 3039 41.450170 32.538881  
015 3026 41.219168 32.517978  
016 3047 41.146146 32.534295  
017 3049 41.076740 32.533339  
018 3073 41.072378 32.587359  
019 3048 41.045423 32.506116  
020 3025 41.036312 32.512119  
021 3058 40.984902 32.556914  
022 3048 40.968486 32.453838  
023 3048 41.059424 32.477449  
024 3046 40.940442 32.471437  
025 3048 41.080408 32.544582  
026 3063 40.515207 32.333349  
027 3068 40.853431 32.449503  
028 3028 40.447552 32.277156  
029 3051 40.537348 32.392340  
030 3045 39.958458 32.423517  
031 3042 40.746084 32.336871  
032 3036 40.284778 32.544452  
033 3052 40.547327 32.444039  
034 3051 40.222234 32.363577  
035 3046 40.706043 32.479668  
036 3052 40.576930 32.288639  
037 3048 41.042245 32.474936  
038 3051 40.770724 32.309283  
039 3051 41.143556 32.577252  
040 3036 40.940407 32.433728  
041 3058 40.932224 32.872282  
042 3055 41.224275 32.722843  
043 3084 41.238327 32.990064  
044 3044 41.366091 32.521283  
045 3058 41.325618 32.656099  
046 3049 40.967967 32.383547  
047 3054 41.159751 32.383515  
048 3035 40.591312 32.317697  
049 3064 40.721766 32.306405  
050 3043 40.418700 32.400128  
