002 5926 46.267854 38.696883  
003 5161 43.154371 38.096628  
004 5226 43.290282 38.153092  
005 5221 44.078782 38.132436  
006 5202 44.035417 38.193355  
007 5247 44.009731 38.235538  
008 5267 43.927721 38.207650  
009 5206 43.507698 38.164796  
010 5205 43.197858 38.194106  
011 5203 42.318006 38.178981  
012 3039 41.342032 32.551500  
013 3048 41.323962 32.530833  
014 3039 41.343948 32.538881  
015 3026 41.147095 32.517978  
016 3047 41.126048 32.534295  
017 3049 41.000444 32.533339  
018 3073 40.990141 32.587359  
019 3048 40.986603 32.506116  
020 3025 41.002138 32.512119  
021 3058 40.913219 32.556914  
022 3048 40.899233 32.453838  
023 3048 40.993230 32.477449  
024 3046 40.875858 32.471437  
025 3048 40.983634 32.544582  
026 3063 40.447786 32.333349  
027 3068 40.767235 32.449503  
028 3028 40.356617 32.277156  
029 3051 40.462928 32.392340  
030 3045 39.926887 32.423517  
031 3042 40.672438 32.336871  
032 3036 40.224023 32.544452  
033 3052 40.448664 32.444039  
034 3051 40.154990 32.363577  
035 3046 40.575059 32.479668  
036 3052 40.436261 32.288639  
037 3048 40.873126 32.474936  
038 3051 40.598494 32.309283  
039 3051 40.970757 32.577252  
040 3036 40.798528 32.433728  
041 3058 40.806141 32.872282  
042 3055 41.067052 32.722843  
043 3084 41.067524 32.990064  
044 3044 41.188395 32.521283  
045 3058 41.146365 32.656099  
046 3049 40.804172 32.383547  
047 3054 40.976122 32.383515  
048 3035 40.430510 32.317697  
049 3064 40.561713 32.306405  
050 3043 40.286920 32.400128  
