002 3921 46.051108 35.723470  
003 3804 42.799391 34.732765  
004 3845 42.896281 35.554030  
005 3893 43.659059 35.807297  
006 3883 43.584955 35.383792  
007 3893 43.577941 35.810740  
008 3804 43.462788 34.746251  
009 3808 43.103703 34.719089  
010 3891 42.837298 35.819025  
011 3752 41.995234 34.437655  
012 3863 41.982322 35.606813  
013 3048 41.424726 32.530833  
014 3039 41.282629 32.538881  
015 3026 41.106302 32.517978  
016 3047 41.039800 32.534295  
017 3049 40.957222 32.533339  
018 3073 40.935285 32.587359  
019 3048 40.892109 32.506116  
020 3025 40.910325 32.512119  
021 3058 40.818652 32.556914  
022 3048 40.766086 32.453838  
023 3048 40.864500 32.477449  
024 3046 40.761442 32.471437  
025 3048 40.875671 32.544582  
026 3063 40.351183 32.333349  
027 3068 40.669218 32.449503  
028 3028 40.279156 32.277156  
029 3051 40.360864 32.392340  
030 3045 39.876324 32.423517  
031 3042 40.581593 32.336871  
032 3036 40.142262 32.544452  
033 3052 40.372929 32.444039  
034 3051 40.086292 32.363577  
035 3046 40.439527 32.479668  
036 3052 40.263679 32.288639  
037 3048 40.647712 32.474936  
038 3051 40.356340 32.309283  
039 3051 40.738905 32.577252  
040 3036 40.598725 32.433728  
041 3058 40.614855 32.872282  
042 3055 40.866521 32.722843  
043 3084 40.857566 32.990064  
044 3044 40.961531 32.521283  
045 3058 40.897218 32.656099  
046 3049 40.604035 32.383547  
047 3054 40.757849 32.383515  
048 3035 40.248379 32.317697  
049 3064 40.378323 32.306405  
050 3043 40.128301 32.400128  
