002 6691 46.937228 39.409407  
003 6672 43.309837 39.388341  
004 6753 43.446077 39.514076  
005 6916 44.285118 39.691046  
006 6879 44.238241 39.707448  
007 6966 44.221891 39.824950  
008 6940 44.129654 39.753475  
009 6818 43.682093 39.576506  
010 6879 43.364365 39.675232  
011 3041 40.866378 32.483237  
012 3039 41.179046 32.551500  
013 3048 40.925450 32.530833  
014 3039 40.978132 32.538881  
015 3026 40.812175 32.517978  
016 3047 40.711952 32.534295  
017 3049 40.639622 32.533339  
018 3073 40.623958 32.587359  
019 3048 40.618285 32.506116  
020 3025 40.619642 32.512119  
021 3058 40.563955 32.556914  
022 3048 40.535774 32.453838  
023 3048 40.625308 32.477449  
024 3046 40.512973 32.471437  
025 3048 40.621079 32.544582  
026 3063 40.129789 32.333349  
027 3068 40.432843 32.449503  
028 3028 40.069445 32.277156  
029 3051 40.162463 32.392340  
030 3045 39.661707 32.423517  
031 3042 40.377289 32.336871  
032 3036 39.941049 32.544452  
033 3052 40.161511 32.444039  
034 3051 39.878357 32.363577  
035 3046 40.271670 32.479668  
036 3052 40.158215 32.288639  
037 3048 40.580929 32.474936  
038 3051 40.336056 32.309283  
039 3051 40.667667 32.577252  
040 3036 40.502209 32.433728  
041 3058 40.498504 32.872282  
042 3055 40.750848 32.722843  
043 3084 40.738098 32.990064  
044 3044 40.871556 32.521283  
045 3058 40.823980 32.656099  
046 3049 40.512314 32.383547  
047 3054 40.667536 32.383515  
048 3035 40.169721 32.317697  
049 3064 40.281504 32.306405  
050 3043 40.018282 32.400128  
