002 623 39.383909 24.087778  
003 630 39.262002 24.064822  
004 627 39.442244 24.078936  
005 624 39.474789 24.069427  
006 629 39.356352 24.074526  
007 617 39.416005 24.082937  
008 629 39.281197 24.059219  
009 626 39.532638 24.063415  
010 631 39.661118 24.078322  
011 622 39.400825 24.058265  
012 627 39.475782 24.060019  
013 603 39.496826 24.059794  
014 602 39.245211 24.046668  
015 620 39.141808 24.045634  
016 621 39.363741 24.049000  
017 619 39.367519 24.055005  
018 620 39.178372 24.047982  
019 595 38.962404 24.041117  
020 619 38.798778 24.037576  
021 622 38.826220 24.033253  
022 621 38.857592 24.036165  
023 620 38.779672 24.041788  
024 621 38.631740 24.036626  
025 596 38.701175 24.052244  
026 623 38.272201 24.007578  
027 620 38.480852 24.015119  
028 617 38.314577 24.006189  
029 589 38.520985 24.012572  
030 617 38.142884 24.037147  
031 618 38.604518 24.022889  
032 619 38.273274 24.053493  
033 598 38.422097 24.016363  
034 616 38.223262 24.018166  
035 603 38.485365 24.007667  
036 597 38.318934 23.997883  
037 624 38.591201 24.018969  
038 620 38.394795 23.989048  
039 623 38.683916 24.049238  
040 622 38.598261 24.020760  
041 629 38.608364 24.114577  
042 620 38.694747 24.124603  
043 627 38.644227 24.151917  
044 623 38.651209 24.079350  
045 597 38.629907 24.094564  
046 593 38.446442 24.061897  
047 622 38.665180 24.063150  
048 618 38.371770 24.043691  
049 618 38.461046 24.043626  
050 618 38.268731 24.052438  
