002 8954 47.754416 40.917069  
003 8869 47.324311 40.808727  
004 8884 47.310176 40.895887  
005 8092 45.315275 40.373559  
006 8034 45.239268 40.358844  
007 8061 45.280125 40.408805  
008 8054 45.142693 40.356445  
009 8109 44.574516 40.404049  
010 8104 44.210820 40.394759  
011 3041 41.302267 32.483237  
012 3039 41.621047 32.551500  
013 3048 41.353745 32.530833  
014 3039 41.415042 32.538881  
015 3026 41.178531 32.517978  
016 3047 41.107818 32.534295  
017 3049 41.035982 32.533339  
018 3073 41.044674 32.587359  
019 3048 41.021209 32.506116  
020 3025 41.022882 32.512119  
021 3058 40.956111 32.556914  
022 3048 40.923304 32.453838  
023 3048 41.009229 32.477449  
024 3046 40.891155 32.471437  
025 3048 41.027892 32.544582  
026 3063 40.476622 32.333349  
027 3068 40.816284 32.449503  
028 3028 40.404678 32.277156  
029 3051 40.492838 32.392340  
030 3045 39.920546 32.423517  
031 3042 40.699774 32.336871  
032 3036 40.251825 32.544452  
033 3052 40.513174 32.444039  
034 3051 40.184731 32.363577  
035 3046 40.667593 32.479668  
036 3052 40.522330 32.288639  
037 3048 40.966270 32.474936  
038 3051 40.697377 32.309283  
039 3051 41.087677 32.577252  
040 3036 40.889348 32.433728  
041 3058 40.891027 32.872282  
042 3055 41.183798 32.722843  
043 3084 41.190884 32.990064  
044 3044 41.315442 32.521283  
045 3058 41.275351 32.656099  
046 3049 40.916805 32.383547  
047 3054 41.117640 32.383515  
048 3035 40.535742 32.317697  
049 3064 40.658176 32.306405  
050 3043 40.363356 32.400128  
