002 2980 45.424304 32.400316  
003 2781 42.270233 31.993252  
004 2800 42.322062 32.021001  
005 2852 42.976115 32.237335  
006 2815 42.887713 32.033908  
007 2803 42.875654 32.024410  
008 2817 42.801867 32.253919  
009 2999 42.618929 32.437074  
010 2975 42.379515 32.431943  
011 2996 41.663658 32.420559  
012 2941 41.555114 32.410007  
013 2944 41.136153 32.411939  
014 2944 41.039208 32.408844  
015 3000 40.863732 32.514191  
016 2926 40.783008 32.402225  
017 2927 40.707878 32.360634  
018 2936 40.707980 32.382543  
019 2934 40.687392 32.368907  
020 2993 40.717319 32.391037  
021 2936 40.617736 32.350215  
022 2926 40.565760 32.326601  
023 2928 40.618964 32.340898  
024 2938 40.537083 32.334907  
025 2934 40.642811 32.421214  
026 2927 40.115711 32.165749  
027 2940 40.433482 32.227114  
028 2988 40.062307 32.210150  
029 2935 40.141341 32.186921  
030 2935 39.682550 32.291459  
031 2928 40.360172 32.198606  
032 2933 39.956642 32.423599  
033 2946 40.196550 32.234999  
034 2931 39.935890 32.235796  
035 2957 40.245609 32.254838  
036 2953 40.074170 32.170451  
037 2956 40.449956 32.319782  
038 2945 40.156569 32.189529  
039 2934 40.543696 32.409626  
040 2933 40.389693 32.257726  
041 2938 40.461613 32.695061  
042 2941 40.684885 32.598028  
043 2948 40.685386 32.693176  
044 2941 40.780305 32.398614  
045 2948 40.725823 32.440810  
046 2949 40.426902 32.258938  
047 2951 40.581354 32.238479  
048 2939 40.058987 32.178499  
049 2949 40.181882 32.182746  
050 2936 39.953556 32.232825  
