005 40952 31.900002 30.273615 0.97389 0.96798
006 40881 31.517305 30.238211 0.97159 0.96805
007 40586 31.318409 30.254577 0.96830 0.96803
008 40968 31.317492 30.248566 0.96766 0.96773
009 40715 31.233347 30.157674 0.96634 0.96795
010 40769 31.165270 30.142329 0.96666 0.96782
011 40671 31.332643 30.117604 0.96755 0.96743
012 40753 31.346102 30.149311 0.96694 0.96709
013 40874 31.460219 30.138607 0.96709 0.96696
014 40686 31.521474 30.168776 0.96785 0.96743
015 40947 31.514043 30.168701 0.96813 0.96794
016 40901 31.460964 30.108727 0.96773 0.96781
017 40682 31.500848 30.097807 0.96812 0.96743
018 40620 31.470380 30.084859 0.96731 0.96760
019 40978 31.391821 30.148547 0.96724 0.96779
020 40899 31.549449 30.134535 0.96762 0.96786
021 40662 31.478325 30.088389 0.96760 0.96788
022 40904 31.470923 30.121907 0.96724 0.96783
023 40960 31.501326 30.104414 0.96756 0.96781
024 40453 31.465030 30.023991 0.96767 0.96752
025 40937 31.421660 30.079560 0.96704 0.96756
026 40781 31.455895 30.040551 0.96724 0.96783
027 40663 31.452396 30.001989 0.96726 0.96778
028 40990 31.453302 30.090730 0.96712 0.96832
029 40904 31.462467 30.127805 0.96773 0.96810
030 40657 31.549936 30.139507 0.96749 0.96815
031 40809 31.384084 30.139228 0.96652 0.96826
032 40989 31.480463 30.109631 0.96752 0.96857
033 40864 31.406677 30.040213 0.96706 0.96821
034 40755 31.347874 30.022532 0.96595 0.96759
035 40833 31.461516 30.030129 0.96739 0.96794
036 40914 31.319902 30.044587 0.96530 0.96749
037 40641 31.364048 30.055013 0.96524 0.96796
038 40646 31.352581 29.980493 0.96672 0.96797
039 40603 31.378158 29.940206 0.96713 0.96786
040 40668 31.326357 29.956328 0.96669 0.96790
041 40671 31.351191 29.944449 0.96632 0.96735
042 40787 31.363935 30.013234 0.96700 0.96812
043 40875 31.249388 29.999353 0.96537 0.96769
044 40791 31.213533 29.966333 0.96621 0.96766
045 40650 31.314975 29.922362 0.96577 0.96758
046 40915 31.287105 29.929837 0.96657 0.96751
047 40663 31.252466 29.947538 0.96638 0.96771
048 40941 31.296566 30.017066 0.96638 0.96840
049 40959 31.308653 30.040155 0.96591 0.96791
050 40936 31.079107 29.951062 0.96456 0.96792
051 40604 31.323507 29.877462 0.96605 0.96764
052 40900 31.241750 29.965082 0.96598 0.96806
053 40845 31.215660 30.010448 0.96593 0.96835
054 40780 31.206695 30.035585 0.96448 0.96820
055 40746 31.308322 29.988586 0.96573 0.96798
056 40700 31.237634 30.007247 0.96563 0.96839
057 40923 31.184099 30.035120 0.96463 0.96841
058 40875 31.270162 30.061269 0.96570 0.96854
059 40978 31.161640 30.040456 0.96516 0.96859
060 40899 31.259180 30.047866 0.96570 0.96878
061 40917 31.364777 30.095674 0.96627 0.96869
062 40981 31.266888 30.074195 0.96580 0.96881
063 40788 31.429358 30.115029 0.96629 0.96908
064 40593 31.457018 30.091688 0.96631 0.96906
065 40884 31.434714 30.112238 0.96668 0.96879
066 40953 31.391913 30.082653 0.96629 0.96834
067 40901 31.397035 30.062434 0.96552 0.96884
068 40983 31.299692 30.057677 0.96519 0.96856
069 40977 31.341075 30.032277 0.96572 0.96848
070 40730 31.220493 30.024179 0.96459 0.96870
071 40956 31.208235 30.044670 0.96520 0.96892
072 40986 31.417598 30.088583 0.96599 0.96898
073 40989 31.513865 30.059490 0.96723 0.96883
074 40656 31.514778 30.023820 0.96663 0.96866
075 40848 31.517685 30.060276 0.96771 0.96885
076 40966 31.546027 30.097411 0.96733 0.96906
077 40858 31.560912 30.130130 0.96786 0.96922
078 40804 31.582396 30.149864 0.96764 0.96935
079 40961 31.543138 30.127005 0.96782 0.96919
080 40885 31.610467 30.158212 0.96754 0.96948
081 40980 31.684184 30.160044 0.96873 0.96959
082 40990 31.587833 30.074061 0.96830 0.96909
083 40866 31.576650 30.109274 0.96856 0.96927
084 40713 31.645954 30.104956 0.96842 0.96898
085 40956 31.572580 30.059503 0.96814 0.96905
086 40878 31.570479 30.140373 0.96733 0.96903
087 40821 31.649419 30.110689 0.96874 0.96914
088 40856 31.535555 29.999794 0.96706 0.96856
089 40970 31.540294 30.098822 0.96816 0.96930
090 40750 31.658378 30.153326 0.96801 0.96933
091 40714 31.456768 30.027300 0.96643 0.96889
092 40734 31.497372 30.025976 0.96702 0.96897
093 40918 31.565604 30.048755 0.96784 0.96895
094 40916 31.397308 29.935651 0.96668 0.96864
095 40922 31.472983 29.988361 0.96761 0.96888
096 40704 31.430850 29.985373 0.96743 0.96940
097 40884 31.430351 29.907173 0.96751 0.96903
098 40961 31.495886 29.942483 0.96728 0.96879
099 40884 31.343506 29.925454 0.96607 0.96898
100 40752 31.358507 29.876287 0.96656 0.96892
101 40710 31.405112 29.903087 0.96680 0.96884
102 40792 31.420998 29.970199 0.96690 0.96927
103 40997 31.574316 29.928045 0.96841 0.96887
104 40724 31.259346 29.780691 0.96677 0.96833
