005 10905 31.131241 12.887323 0.97535 0.57692
006 10819 29.062497 12.887895 0.96037 0.57529
007 10859 27.551993 12.899056 0.94394 0.57690
008 10783 26.951232 12.902061 0.92671 0.57601
009 10921 26.096734 12.903308 0.90798 0.57621
010 10880 25.719118 12.899577 0.89643 0.57651
011 10982 26.094465 12.902798 0.91175 0.57453
012 10581 25.515445 12.765873 0.89013 0.56230
013 10967 25.490765 12.909643 0.88750 0.57471
014 10968 24.948245 12.919416 0.87500 0.57679
015 10812 25.057178 12.924524 0.87405 0.57653
016 10908 24.809382 12.919101 0.86427 0.57434
017 10927 24.605038 12.928318 0.85616 0.57527
018 10671 24.596322 12.776000 0.85286 0.56049
019 10823 24.114769 12.935781 0.83394 0.57604
020 10623 24.342064 12.787167 0.84309 0.56113
021 10835 24.711641 12.943168 0.85218 0.57512
022 10641 24.053538 12.793783 0.82913 0.56149
023 10777 24.115061 12.950415 0.82693 0.57492
024 10981 24.162321 12.959412 0.82286 0.57624
025 10840 24.096258 12.964092 0.83594 0.57550
026 10891 23.971834 12.970436 0.83458 0.57544
027 10854 23.578539 12.982629 0.82418 0.57636
028 10930 23.437260 12.984539 0.81107 0.57477
029 10730 23.267641 12.840258 0.79518 0.56276
030 10943 23.698322 13.010351 0.81686 0.57646
031 10848 23.646323 13.012762 0.81086 0.57588
032 10936 24.072376 13.017991 0.82214 0.57656
033 10958 23.958299 13.026905 0.83133 0.57457
034 10911 23.555618 13.028217 0.80389 0.57749
035 10983 22.917291 13.038634 0.77744 0.57539
036 10921 23.483574 13.044471 0.79693 0.57604
037 10878 23.440775 13.055359 0.80443 0.57696
038 10700 23.537627 12.886891 0.80718 0.55995
039 10908 23.600272 13.057051 0.81431 0.57673
040 10869 23.345565 13.053039 0.80844 0.57387
041 10579 23.557425 12.898029 0.80904 0.56105
042 10905 23.726813 13.067129 0.81483 0.57564
043 10797 23.591110 13.072333 0.81060 0.57561
044 10679 23.579792 12.915049 0.80383 0.56144
045 10810 23.426520 13.079669 0.80582 0.57447
046 10784 23.322079 13.079969 0.80564 0.57413
047 10800 23.072364 13.087931 0.79911 0.57428
048 10964 22.923144 13.096321 0.78128 0.57532
049 10960 22.982986 13.103546 0.79830 0.57583
050 10843 23.525503 13.105991 0.80697 0.57548
051 10765 23.464371 12.950155 0.79352 0.55982
052 10673 23.573705 12.960491 0.79210 0.56064
053 10849 23.350262 13.121263 0.80947 0.57460
054 10969 23.438219 13.139533 0.80621 0.57542
055 10960 23.061045 13.141810 0.78216 0.57525
056 10870 23.234757 13.148805 0.79518 0.57405
057 10929 23.077610 13.158462 0.78947 0.57586
058 10895 23.488616 13.163887 0.81305 0.57615
059 10686 23.683640 13.017660 0.81585 0.56095
060 10874 23.832514 13.177673 0.82812 0.57598
061 10597 23.592597 13.039584 0.82333 0.56093
062 10916 23.646975 13.193536 0.80982 0.57607
063 10734 23.484366 13.208431 0.80931 0.57794
064 10808 23.304263 13.216738 0.80738 0.57682
065 10873 23.824247 13.223516 0.82509 0.57681
066 10671 24.152796 13.072721 0.83305 0.56271
067 10823 24.109354 13.077683 0.85418 0.56262
068 10739 23.601793 13.073784 0.83273 0.56148
069 10961 23.570367 13.229139 0.82210 0.57687
070 10746 24.037674 13.080858 0.83444 0.56157
071 10908 23.694574 13.222135 0.82366 0.57537
072 10594 23.591564 13.092319 0.83716 0.56282
073 10750 23.145130 13.105348 0.80041 0.56292
074 10598 23.237698 13.103136 0.79742 0.56045
075 10514 23.623541 13.110832 0.83949 0.56276
076 10783 23.797838 13.246004 0.84253 0.57773
077 10953 24.159250 13.251311 0.83471 0.57665
078 10839 24.381814 13.140301 0.84153 0.56281
079 10886 25.085498 13.263998 0.86562 0.57793
080 10917 24.652920 13.268061 0.85649 0.57711
081 10897 24.966833 13.269051 0.87151 0.57776
082 10997 24.928576 13.263726 0.87808 0.57705
083 10765 25.252207 13.154640 0.87893 0.56233
084 10966 24.874221 13.272048 0.86651 0.57862
085 10753 24.642556 13.153755 0.87007 0.56307
086 10903 24.729773 13.266784 0.85814 0.57771
087 10926 24.790618 13.267167 0.87502 0.57949
088 10583 24.204052 13.150614 0.85362 0.56384
089 10976 24.113047 13.261473 0.85086 0.57702
090 10808 24.371552 13.161515 0.84269 0.56413
091 10594 24.483956 13.153921 0.85720 0.56429
092 10579 24.262128 13.152011 0.84401 0.56262
093 10967 24.248725 13.259356 0.84558 0.57742
094 10999 23.913021 13.254116 0.83769 0.57733
095 10975 24.198021 13.261560 0.85168 0.57733
096 10762 23.969264 13.177781 0.84350 0.56323
097 10938 23.646969 13.265746 0.85146 0.57578
098 10728 23.620789 13.177845 0.82154 0.56149
099 10751 23.781180 13.181135 0.83226 0.56275
100 10795 23.299388 13.179818 0.80804 0.56100
101 10826 23.401028 13.274292 0.81490 0.57511
102 10951 23.407337 13.282876 0.80813 0.57805
103 10625 23.282900 13.182566 0.81929 0.56117
104 10843 22.978540 13.260907 0.81588 0.57350
