005 50747 32.285382 32.090533 0.97398 0.97078
006 50901 32.117578 32.070030 0.97308 0.97087
007 50904 32.146322 32.107839 0.97220 0.97089
008 50869 32.068315 32.055728 0.97152 0.97055
009 50997 32.018178 32.029355 0.97131 0.97086
010 50879 31.987823 31.996347 0.97146 0.97078
011 50942 31.970128 31.970403 0.97115 0.97043
012 50962 32.051203 31.978932 0.97086 0.96994
013 50766 32.015233 31.920486 0.97081 0.96992
014 50894 32.049679 31.986647 0.97111 0.97032
015 50925 32.033317 31.991946 0.97154 0.97083
016 50821 31.976129 31.856027 0.97147 0.97066
017 50704 31.953831 31.847074 0.97114 0.97038
018 50758 31.952841 31.891321 0.97105 0.97052
019 50951 31.997269 31.950805 0.97125 0.97055
020 50906 31.998941 31.950014 0.97130 0.97075
021 50876 31.955666 31.911867 0.97087 0.97075
022 50820 31.939719 31.902533 0.97081 0.97057
023 50924 31.958771 31.910016 0.97108 0.97067
024 50942 31.952232 31.895866 0.97076 0.97051
025 50851 31.914228 31.856125 0.97044 0.97023
026 50762 31.891489 31.817897 0.97072 0.97059
027 50948 31.889019 31.844386 0.97069 0.97061
028 50904 31.909124 31.878908 0.97104 0.97098
029 50916 31.969860 31.934557 0.97101 0.97091
030 50732 31.975788 31.934492 0.97099 0.97093
031 50975 31.991529 31.985089 0.97103 0.97095
032 50872 31.961435 31.919109 0.97127 0.97127
033 50956 31.892467 31.853140 0.97099 0.97089
034 50988 31.892491 31.857658 0.97046 0.97044
035 50850 31.879866 31.839228 0.97066 0.97068
036 50879 31.868772 31.824237 0.97024 0.97019
037 50949 31.908623 31.867174 0.97083 0.97082
038 50838 31.835160 31.798764 0.97068 0.97072
039 50990 31.817081 31.771582 0.97060 0.97065
040 50872 31.807043 31.763182 0.97065 0.97066
041 50985 31.812229 31.744746 0.97028 0.97021
042 50935 31.850483 31.807252 0.97087 0.97091
043 50970 31.830316 31.780931 0.97038 0.97040
044 50970 31.804460 31.755260 0.97051 0.97054
045 50966 31.772452 31.727465 0.97040 0.97046
046 50821 31.779205 31.627054 0.97022 0.97027
047 50965 31.810818 31.764941 0.97055 0.97064
048 50891 31.833625 31.792872 0.97097 0.97106
049 50870 31.834479 31.794701 0.97049 0.97058
050 50968 31.780504 31.736406 0.97047 0.97053
051 50993 31.791135 31.741972 0.97051 0.97058
052 50987 31.802616 31.753564 0.97080 0.97089
053 50882 31.826861 31.781737 0.97092 0.97102
054 50927 31.858489 31.812840 0.97081 0.97091
055 50924 31.854581 31.809437 0.97062 0.97076
056 50979 31.827677 31.822076 0.97097 0.97104
057 50908 31.829874 31.777788 0.97101 0.97100
058 50998 31.863511 31.849500 0.97120 0.97120
059 50960 31.863274 31.810412 0.97128 0.97123
060 50837 31.858873 31.801940 0.97148 0.97149
061 50822 31.897029 31.845268 0.97136 0.97134
062 50802 31.900559 31.837193 0.97154 0.97156
063 50804 31.944500 31.892085 0.97195 0.97193
064 50985 31.952933 31.936320 0.97200 0.97199
065 50998 31.933403 31.932835 0.97154 0.97154
066 50854 31.902516 31.843871 0.97101 0.97102
067 50859 31.902929 31.844157 0.97160 0.97158
068 50994 31.861810 31.861810 0.97131 0.97131
069 50990 31.842130 31.841483 0.97122 0.97121
070 50852 31.859450 31.806759 0.97137 0.97138
071 50993 31.867426 31.855254 0.97157 0.97159
072 50986 31.909236 31.897870 0.97154 0.97161
073 50804 31.902594 31.841243 0.97147 0.97154
074 51000 31.903835 31.898125 0.97157 0.97157
075 50818 31.915154 31.862675 0.97157 0.97158
076 50989 31.935476 31.915370 0.97180 0.97183
077 50983 31.971112 31.965953 0.97208 0.97209
078 50904 31.991448 31.991127 0.97221 0.97221
079 50976 31.955998 31.946934 0.97210 0.97207
080 50923 31.997723 31.997272 0.97230 0.97230
081 50993 31.998894 31.998894 0.97245 0.97245
082 50924 31.895386 31.894999 0.97186 0.97186
083 50878 31.954888 31.954756 0.97221 0.97221
084 50860 31.964414 31.964042 0.97199 0.97198
085 50977 31.919932 31.899636 0.97196 0.97193
086 50896 31.984978 31.977505 0.97190 0.97186
087 50873 31.974339 31.974092 0.97220 0.97220
088 50986 31.863894 31.846764 0.97144 0.97142
089 50967 31.954408 31.954408 0.97227 0.97227
090 50854 32.029549 32.029121 0.97229 0.97228
091 50987 31.930285 31.917374 0.97180 0.97185
092 50957 31.939486 31.939080 0.97200 0.97200
093 50987 31.935638 31.935638 0.97193 0.97193
094 50982 31.839712 31.835617 0.97168 0.97168
095 50855 31.899544 31.837627 0.97176 0.97171
096 50992 31.936023 31.923995 0.97242 0.97247
097 50887 31.855418 31.790267 0.97203 0.97206
098 50954 31.838881 31.838573 0.97172 0.97172
099 50967 31.855651 31.855154 0.97215 0.97214
100 50828 31.816088 31.756630 0.97201 0.97196
101 50866 31.873661 31.820009 0.97197 0.97194
102 50832 31.922969 31.922643 0.97233 0.97233
103 50885 31.856927 31.792264 0.97192 0.97188
104 50865 31.748474 31.688141 0.97141 0.97142
