005 20849 31.388203 17.816404 0.97583 0.83181
006 20785 29.771610 17.294465 0.96519 0.81812
007 20891 29.620289 17.820306 0.95873 0.83167
008 20911 29.033287 17.812373 0.95082 0.83023
009 20840 28.590560 17.807992 0.94583 0.82934
010 20370 28.639274 16.727661 0.94346 0.80757
011 20978 29.047944 17.798877 0.94844 0.82796
012 20619 28.697655 17.301250 0.94483 0.81940
013 20865 29.068212 17.802320 0.94767 0.82823
014 20866 29.308762 17.810328 0.94930 0.82990
015 20927 28.972947 17.819538 0.94514 0.83004
016 20882 28.779068 17.801482 0.94234 0.82796
017 20755 28.886880 17.310316 0.94259 0.81836
018 20891 29.079127 17.804287 0.94900 0.82874
019 20892 29.260329 17.811502 0.94831 0.82955
020 20494 28.808256 17.307024 0.94454 0.81795
021 20908 28.680155 17.808857 0.94422 0.82874
022 20910 29.122837 17.809727 0.94626 0.82938
023 20669 28.981248 17.296502 0.94768 0.81785
024 20423 28.522633 16.752608 0.94466 0.80638
025 20871 28.526897 17.297009 0.94039 0.81734
026 20896 28.827088 17.788797 0.94017 0.82769
027 20954 28.814101 17.799372 0.93965 0.82893
028 20567 28.726499 17.288817 0.94460 0.81690
029 20789 28.368540 17.318182 0.93998 0.82043
030 20862 28.296264 17.805940 0.93601 0.82849
031 20748 28.943586 17.306442 0.94444 0.81777
032 20820 28.569702 17.310869 0.94378 0.81934
033 20952 28.309992 17.783660 0.93473 0.82623
034 20959 28.309148 17.801982 0.93805 0.83012
035 20910 28.615592 17.791394 0.94056 0.82661
036 20869 28.224737 17.796263 0.93636 0.82757
037 20630 28.618015 17.312137 0.94488 0.81894
038 20502 28.358334 16.764956 0.94382 0.80375
039 20814 28.683037 17.302316 0.94130 0.81856
040 20529 28.707673 16.767499 0.94754 0.80231
041 20945 28.137925 17.305008 0.93914 0.81794
042 20759 28.353782 17.308173 0.93776 0.81799
043 20710 28.338221 17.308129 0.93993 0.81760
044 20974 28.762369 17.821381 0.94678 0.82858
045 20778 28.175056 17.299593 0.93455 0.81509
046 20874 28.387688 17.312525 0.94033 0.81655
047 20877 28.256838 17.818293 0.93999 0.82740
048 20879 27.877693 17.324241 0.93125 0.81804
049 20708 28.674631 17.338333 0.94369 0.81754
050 20750 28.371243 17.322009 0.94252 0.81729
051 20977 28.168109 17.837970 0.93535 0.82718
052 20990 28.369732 17.853620 0.94469 0.82941
053 20846 28.381933 17.334732 0.93743 0.81776
054 20932 28.070077 17.356610 0.93397 0.81787
055 20482 28.279915 17.353906 0.93440 0.81753
056 20859 28.436432 17.350020 0.94295 0.81687
057 20675 28.571348 17.363651 0.93897 0.82023
058 20969 28.862155 17.891684 0.94675 0.83031
059 20799 28.641752 17.368046 0.94473 0.81816
060 20718 28.449721 17.371596 0.94365 0.81954
061 20908 28.774299 17.378177 0.94592 0.81777
062 20876 28.708712 17.389777 0.94439 0.82040
063 20544 29.096689 16.941024 0.94255 0.80892
064 20650 29.791617 17.396682 0.95559 0.81882
065 20679 29.256975 17.405520 0.94755 0.82042
066 20536 29.416636 17.403498 0.95312 0.81977
067 21000 29.000535 17.396731 0.94821 0.81936
068 20912 28.894227 17.943733 0.94505 0.83035
069 20832 28.775397 17.407887 0.94200 0.81916
070 20743 28.833021 17.388852 0.94452 0.81886
071 20983 29.103107 17.950631 0.94493 0.83002
072 20667 29.049036 17.412797 0.94687 0.81992
073 20938 28.750417 17.407242 0.94504 0.81956
074 20797 29.143291 17.406256 0.94698 0.81733
075 20983 29.488735 17.980728 0.95319 0.83239
076 20656 29.697657 17.429617 0.95190 0.82038
077 20680 29.933843 17.436263 0.95597 0.81882
078 20866 29.963389 17.446035 0.95476 0.82000
079 20914 30.074886 17.445736 0.95842 0.82129
080 20782 30.098287 17.456119 0.95580 0.81949
081 20774 30.103564 17.454378 0.95973 0.81950
082 20855 30.053667 17.447944 0.95648 0.81980
083 20993 29.932057 18.025693 0.95506 0.83218
084 20724 29.957332 17.467269 0.95503 0.82001
085 20885 30.011116 17.452864 0.95671 0.81881
086 20374 29.669611 17.019275 0.95132 0.80822
087 20989 29.837820 17.482303 0.95542 0.82107
088 20886 29.882593 17.460254 0.95437 0.81887
089 20707 29.259649 17.479115 0.94927 0.81726
090 20677 29.988941 17.496400 0.95378 0.81938
091 20906 29.341853 17.484128 0.95201 0.81952
092 20881 29.658344 17.492811 0.95236 0.81763
093 20630 29.496306 17.027497 0.95286 0.80560
094 20797 29.558193 17.478850 0.95344 0.81661
095 20942 29.351738 17.496115 0.95268 0.81751
096 20873 29.187756 17.510204 0.94973 0.81800
097 20622 28.836087 17.491570 0.94266 0.81543
098 20966 29.665124 17.511491 0.95354 0.81681
099 20726 28.692482 17.516354 0.94497 0.81814
100 20626 28.874201 17.501187 0.94360 0.81620
101 20820 29.253519 17.521760 0.94403 0.81722
102 20633 29.640132 17.060553 0.95305 0.80819
103 20663 29.092712 17.527027 0.94729 0.81720
104 20710 29.277393 17.509766 0.95257 0.81525
