005 30870 31.768828 27.377591 0.97499 0.93622
006 30993 30.904137 27.257652 0.96907 0.93354
007 30920 30.455464 27.370240 0.96427 0.93668
008 30921 30.214007 27.250790 0.96125 0.93406
009 30910 30.329413 27.247048 0.95971 0.93455
010 30698 30.407467 27.201647 0.96123 0.93402
011 30513 30.715018 27.127417 0.96354 0.93238
012 30702 30.894005 27.179069 0.96289 0.93408
013 30915 30.596996 27.272132 0.96061 0.93498
014 30946 30.750558 27.269177 0.96169 0.93529
015 30934 30.611416 27.324557 0.96130 0.93516
016 30530 30.731851 27.122058 0.96322 0.93247
017 30872 30.892974 27.258848 0.96359 0.93578
018 30989 31.122076 27.244667 0.96476 0.93574
019 30952 30.880811 27.311231 0.96241 0.93529
020 30779 30.964998 27.110638 0.96492 0.93216
021 30733 30.870675 27.136233 0.96234 0.93326
022 30979 30.853208 27.239055 0.96341 0.93567
023 30996 30.913068 27.216203 0.96349 0.93632
024 30861 30.918203 27.103195 0.96384 0.93290
025 30839 30.796873 27.157972 0.96210 0.93456
026 30766 30.971921 27.158659 0.96473 0.93477
027 30981 30.789595 27.128672 0.96249 0.93507
028 30906 30.934371 27.107599 0.96433 0.93578
029 30806 30.865340 27.158745 0.96235 0.93447
030 30894 30.551055 27.196099 0.96025 0.93475
031 30663 30.369876 27.055940 0.95933 0.93267
032 30749 30.444101 27.186818 0.95869 0.93585
033 30877 30.569741 27.018124 0.96127 0.93446
034 30944 30.578426 27.095141 0.96008 0.93547
035 30984 30.596261 27.140144 0.96092 0.93535
036 30886 30.542745 27.069904 0.96003 0.93484
037 30654 30.692846 26.966053 0.96060 0.93307
038 30868 30.490000 26.989578 0.96152 0.93518
039 30798 30.692103 26.980264 0.96128 0.93467
040 30857 30.694563 26.955261 0.96372 0.93294
041 30640 30.857991 26.874015 0.96263 0.93292
042 30599 30.588516 27.004403 0.96144 0.93534
043 30792 30.627712 27.004675 0.96200 0.93618
044 30925 30.403806 27.015969 0.95853 0.93541
045 30863 30.700859 26.928014 0.96225 0.93537
046 30559 30.915005 26.927333 0.96294 0.93487
047 30727 30.684178 26.924022 0.96207 0.93488
048 30954 30.454284 26.981222 0.96168 0.93689
049 30761 30.322393 27.018832 0.95906 0.93532
050 30745 30.256439 26.925045 0.95833 0.93559
051 30882 30.310764 26.926778 0.95775 0.93523
052 30852 30.389165 26.981833 0.95852 0.93709
053 30948 30.521611 26.959276 0.96144 0.93673
054 30932 30.480262 27.025816 0.95973 0.93643
055 30938 30.427838 26.987756 0.95851 0.93537
056 30772 30.280186 26.914964 0.95945 0.93492
057 30989 30.329644 26.987607 0.95785 0.93771
058 30735 30.472931 26.996176 0.96050 0.93684
059 30788 30.223692 26.964085 0.95500 0.93572
060 30810 30.432914 26.928137 0.96029 0.93606
061 30941 30.397782 26.989182 0.95826 0.93683
062 30586 30.274658 26.997125 0.95989 0.93708
063 30843 30.408276 27.035198 0.95837 0.93791
064 30977 30.354743 26.989608 0.96048 0.93664
065 30551 30.924397 27.005081 0.96484 0.93726
066 30879 30.683728 27.058796 0.96215 0.93823
067 30711 30.375567 26.892356 0.95966 0.93657
068 30875 30.327977 26.976822 0.95770 0.93723
069 30497 30.474603 26.908146 0.96151 0.93627
070 30905 30.507629 26.911004 0.95928 0.93799
071 30756 30.669837 26.926000 0.96257 0.93594
072 30779 30.538857 26.980921 0.95906 0.93677
073 30862 30.474696 26.859307 0.95826 0.93620
074 30818 30.742108 26.959743 0.96205 0.93643
075 30944 30.914698 26.975481 0.96313 0.93757
076 30786 30.733864 26.984316 0.96147 0.93743
077 30826 30.986793 27.024699 0.96307 0.93655
078 30682 31.093917 26.981859 0.96396 0.93603
079 30694 31.220618 26.964195 0.96478 0.93698
080 30774 31.297019 27.018896 0.96569 0.93615
081 30904 31.345274 27.025501 0.96624 0.93654
082 30753 31.186405 26.903533 0.96629 0.93591
083 30532 31.258756 26.971309 0.96614 0.93622
084 30711 31.105716 26.958592 0.96437 0.93575
085 30967 31.006436 26.910627 0.96485 0.93611
086 30914 31.101428 27.029393 0.96442 0.93679
087 30905 31.141419 26.987541 0.96446 0.93680
088 30663 31.001090 26.777309 0.96426 0.93371
089 30806 30.855197 26.956453 0.96303 0.93498
090 30977 31.371136 27.029240 0.96668 0.93588
091 30960 30.953727 26.867437 0.96282 0.93499
092 30587 30.646995 26.880924 0.96188 0.93411
093 30980 31.125415 26.895931 0.96446 0.93424
094 30976 31.061738 26.774717 0.96472 0.93410
095 30878 30.734421 26.880825 0.96172 0.93516
096 30742 30.719059 26.877777 0.96258 0.93476
097 30560 30.652459 26.673659 0.96176 0.93182
098 30745 30.529514 26.807973 0.96064 0.93355
099 30975 30.635857 26.808009 0.96129 0.93379
100 30966 30.525190 26.705198 0.96168 0.93381
101 30945 30.382128 26.794456 0.95838 0.93478
102 30640 30.650976 26.861114 0.96138 0.93433
103 30880 30.983644 26.763431 0.96448 0.93386
104 30595 30.503677 26.596922 0.96082 0.93178
