002 2889 38.963865 27.725320 0.97422 0.81201
003 2918 41.846912 27.739137 0.97135 0.81247
004 2983 40.466468 27.970159 0.97073 0.81582
005 2953 39.103001 27.963120 0.96917 0.81756
006 2943 40.840219 27.977865 0.96511 0.81659
007 2994 40.850565 28.318395 0.96582 0.82090
008 2988 40.758726 28.003083 0.96521 0.81807
009 2966 40.643077 28.155375 0.96477 0.81801
010 2974 40.602494 28.017286 0.96491 0.81835
011 2985 40.564575 28.002179 0.96456 0.81799
012 2993 40.438044 28.205072 0.96471 0.81981
013 2987 40.493466 27.981281 0.96448 0.81787
014 2979 40.428004 27.960568 0.96467 0.81768
015 2995 40.087935 27.969339 0.96427 0.81817
016 2932 39.611280 27.769626 0.96299 0.81447
017 2986 39.121536 27.773934 0.96303 0.81408
018 2999 39.011465 28.298860 0.95741 0.82057
019 2997 39.176136 27.953306 0.95815 0.81633
020 2979 38.571375 27.964200 0.95614 0.81731
021 2913 37.793910 27.722835 0.95007 0.81408
022 2898 38.298814 27.560020 0.95520 0.81074
023 2880 38.324570 27.572408 0.95265 0.81033
024 2990 37.923886 28.281393 0.95245 0.81999
025 2849 37.478280 27.581973 0.95083 0.81175
026 2846 36.921957 27.388359 0.95128 0.80437
027 2884 37.999480 27.618349 0.95075 0.80860
028 2949 37.242654 27.805034 0.94865 0.81082
029 2931 37.523818 27.778704 0.95312 0.81017
030 2916 37.227834 27.690812 0.94893 0.81173
031 2935 37.163263 27.619583 0.94817 0.80974
032 2848 36.363810 27.579904 0.94557 0.81056
033 2994 37.559471 27.840871 0.95177 0.81277
034 2903 37.316919 27.456277 0.94832 0.80731
035 2988 36.355046 28.139880 0.94058 0.81482
036 2920 36.468665 27.566529 0.94013 0.80609
037 2952 37.768410 27.872582 0.94930 0.81261
038 2903 37.426196 27.590711 0.94364 0.80681
039 2901 37.042407 27.658113 0.94082 0.81301
040 2998 37.424973 27.913522 0.94423 0.81520
041 2972 37.922310 27.941826 0.94823 0.82332
042 2914 37.797973 27.800580 0.94722 0.81783
043 2887 38.785207 27.875276 0.95383 0.81864
044 2918 37.793014 27.784320 0.94490 0.81351
045 2964 37.498815 27.827667 0.94439 0.81482
046 2965 37.734331 27.865312 0.94671 0.81281
047 2989 37.839508 28.084542 0.94369 0.81560
048 2943 36.894726 27.795396 0.93595 0.80971
049 2971 37.662889 27.962416 0.94192 0.81205
050 2940 37.362822 27.684254 0.93814 0.81070
051 2927 37.893365 27.646644 0.94213 0.80962
