006 30585 31.713031 27.312444 0.97483 0.93517
007 30612 30.906990 27.242866 0.96789 0.93381
008 30906 30.382915 27.263222 0.96254 0.93446
009 30854 30.268865 27.305227 0.96068 0.93604
010 30965 30.826081 27.251296 0.96557 0.93445
011 30865 30.862172 27.198704 0.96312 0.93432
012 30610 30.629366 27.164440 0.96127 0.93266
013 30590 30.919871 27.182827 0.96379 0.93331
014 30965 30.838720 27.343335 0.96272 0.93524
015 30971 30.657460 27.166686 0.96142 0.93298
016 30651 31.030363 27.164529 0.96577 0.93368
017 30938 31.018598 27.160273 0.96492 0.93420
018 30815 31.044680 27.201469 0.96503 0.93318
019 30576 30.999311 27.123211 0.96461 0.93205
020 30572 30.718407 27.133975 0.96222 0.93284
021 30805 30.831929 27.137198 0.96359 0.93398
022 30734 31.008160 27.086360 0.96479 0.93410
023 30897 30.882019 27.127105 0.96397 0.93300
024 30878 30.954230 27.033526 0.96370 0.93244
025 30865 30.794717 27.180965 0.96308 0.93485
026 30866 30.991668 27.014540 0.96464 0.93295
027 30849 30.844863 27.141631 0.96300 0.93606
028 30837 30.765086 27.176080 0.96301 0.93450
029 30892 30.795432 27.214168 0.96214 0.93486
030 30775 30.644428 27.075915 0.96120 0.93265
031 30647 30.264285 27.076904 0.95778 0.93356
032 30834 30.556991 26.913895 0.95955 0.93218
033 30974 30.484062 27.112138 0.96150 0.93557
034 30658 30.789968 27.063053 0.96368 0.93343
035 30736 30.756490 27.084327 0.96086 0.93483
036 30581 30.517725 26.982392 0.96077 0.93292
037 30913 30.345548 27.004130 0.95775 0.93496
038 30560 30.609926 26.865588 0.96237 0.93251
039 30703 30.642037 26.847428 0.96139 0.93042
040 30868 30.941242 27.020899 0.96542 0.93566
041 30426 30.710518 26.872383 0.96216 0.93249
042 30893 30.539399 27.007213 0.96186 0.93587
043 30838 30.625328 27.029801 0.96140 0.93536
044 30978 30.650710 26.947929 0.96343 0.93546
045 30909 30.757257 26.967746 0.96183 0.93531
046 30930 30.571814 26.945010 0.96129 0.93492
047 30825 30.842063 26.825379 0.96403 0.93356
048 30981 30.552097 27.038728 0.96069 0.93547
049 30985 30.556582 26.948977 0.96157 0.93572
050 30508 30.635500 26.919207 0.96273 0.93438
051 30877 30.593442 26.986566 0.96199 0.93683
052 30674 30.469699 26.953777 0.95972 0.93616
053 30732 30.207727 26.993087 0.95990 0.93527
054 30983 30.456030 27.003054 0.96103 0.93532
055 30994 30.565896 26.955401 0.96090 0.93534
056 30591 30.363207 26.952271 0.96046 0.93646
057 30761 30.570832 26.992775 0.96174 0.93612
058 31000 30.132788 27.011192 0.95749 0.93660
059 30633 30.292308 26.807670 0.96052 0.93380
060 30866 30.552020 26.985482 0.96067 0.93626
061 30576 30.511325 27.033276 0.96204 0.93743
062 30692 30.713986 27.026510 0.96265 0.93728
063 30968 30.615626 27.008110 0.96238 0.93677
064 30907 31.029612 27.047766 0.96368 0.93763
065 30721 30.817812 27.005622 0.96361 0.93702
066 30808 30.512475 26.911858 0.96070 0.93646
067 30736 30.568289 26.960085 0.96161 0.93642
068 30989 30.470475 26.978883 0.96114 0.93781
069 30896 30.536546 26.883072 0.96099 0.93701
070 30725 30.644582 26.939536 0.96169 0.93594
071 30775 30.494203 26.998601 0.95917 0.93676
072 30737 30.612790 26.869788 0.96199 0.93596
073 30795 30.992673 26.976282 0.96461 0.93650
074 30709 30.819997 26.962342 0.96350 0.93692
075 30709 30.946071 26.947978 0.96474 0.93629
076 30981 31.064151 27.044714 0.96502 0.93680
077 30916 31.170155 27.019517 0.96653 0.93664
078 30984 31.121147 27.013348 0.96596 0.93769
079 30984 31.310566 27.060079 0.96676 0.93665
080 30744 31.221898 27.012734 0.96575 0.93595
081 30950 31.237051 26.947911 0.96768 0.93664
082 30539 31.163950 26.966257 0.96534 0.93576
083 30863 31.361314 26.976402 0.96784 0.93583
084 30869 31.031984 26.903466 0.96521 0.93564
085 30693 31.220136 27.016501 0.96514 0.93621
086 30975 31.098950 27.000078 0.96616 0.93673
087 30685 30.961658 26.795079 0.96475 0.93373
088 30831 30.901759 26.976401 0.96399 0.93518
089 30886 31.283706 26.992427 0.96676 0.93498
090 30537 30.820345 26.823428 0.96276 0.93386
091 30929 30.888716 26.950842 0.96176 0.93511
092 30518 31.239977 26.813517 0.96756 0.93177
093 30611 30.827523 26.732516 0.96319 0.93303
094 30479 30.869671 26.826613 0.96298 0.93351
095 30894 30.607800 26.895649 0.96179 0.93475
096 30670 30.820990 26.692173 0.96488 0.93199
