006 50948 32.118672 32.118672 0.97097 0.97097
007 50957 32.090192 32.060808 0.97072 0.97068
008 50931 32.046169 32.046169 0.97078 0.97078
009 50965 32.027135 32.000519 0.97084 0.97081
010 50881 32.020913 31.957529 0.97046 0.97044
011 50978 32.015949 32.015949 0.97031 0.97031
012 50927 31.992812 31.967738 0.97012 0.97009
013 50968 32.022440 31.999479 0.97067 0.97064
014 51000 32.019521 32.001470 0.97069 0.97067
015 50865 31.960266 31.908025 0.97110 0.97093
016 50801 31.949284 31.833419 0.97050 0.97039
017 50965 31.964542 31.917868 0.97056 0.97040
018 50912 31.983897 31.955522 0.97064 0.97060
019 50933 31.988831 31.961720 0.97079 0.97075
020 50910 31.971960 31.924142 0.97072 0.97067
021 50936 31.954752 31.928776 0.97063 0.97060
022 50929 31.946569 31.927144 0.97060 0.97058
023 50961 31.942584 31.901571 0.97055 0.97043
024 50982 31.918455 31.872998 0.97031 0.97029
025 50705 31.919494 31.734464 0.97075 0.97074
026 50941 31.899033 31.854435 0.97065 0.97067
027 50999 31.927939 31.908806 0.97110 0.97108
028 50988 31.968831 31.951473 0.97090 0.97089
029 50924 31.993453 31.974854 0.97103 0.97101
030 50902 32.001054 31.982135 0.97083 0.97082
031 50970 31.968959 31.968959 0.97109 0.97109
032 50961 31.894474 31.861947 0.97100 0.97095
033 50869 31.892530 31.846525 0.97024 0.97022
034 50763 31.885308 31.766565 0.97055 0.97061
035 50888 31.894835 31.815603 0.97012 0.97009
036 50904 31.921659 31.871884 0.97060 0.97063
037 50994 31.866299 31.825949 0.97063 0.97061
038 50975 31.830562 31.778499 0.97074 0.97070
039 50682 31.828408 31.614220 0.97048 0.97047
040 50883 31.819022 31.765678 0.97048 0.97044
041 50984 31.871960 31.816947 0.97087 0.97085
042 50910 31.832610 31.776173 0.97040 0.97037
043 50979 31.824179 31.764477 0.97074 0.97068
044 50962 31.783260 31.730861 0.97044 0.97041
045 50790 31.787686 31.571547 0.97045 0.97037
046 50948 31.828177 31.765016 0.97050 0.97046
047 50910 31.844399 31.799133 0.97090 0.97087
048 50956 31.847106 31.847106 0.97052 0.97052
049 50992 31.801010 31.749631 0.97069 0.97058
050 50859 31.797627 31.757708 0.97054 0.97057
051 50662 31.803606 31.600973 0.97096 0.97108
052 50980 31.847348 31.809093 0.97104 0.97101
053 50950 31.870592 31.825067 0.97099 0.97096
054 50900 31.859795 31.827167 0.97072 0.97069
055 50648 31.849566 31.647694 0.97100 0.97097
056 50720 31.844636 31.696997 0.97113 0.97106
057 50950 31.882464 31.841455 0.97117 0.97120
058 50701 31.854930 31.720159 0.97121 0.97121
059 50933 31.866491 31.827632 0.97161 0.97158
060 50911 31.894739 31.859949 0.97130 0.97136
061 50918 31.913703 31.866933 0.97160 0.97162
062 50978 31.940004 31.940004 0.97192 0.97192
063 50912 31.960878 31.919143 0.97208 0.97204
064 50981 31.936020 31.936020 0.97152 0.97152
065 50930 31.910821 31.868870 0.97128 0.97128
066 50959 31.909093 31.887917 0.97148 0.97146
067 50980 31.872914 31.872914 0.97136 0.97136
068 50901 31.866170 31.816027 0.97157 0.97146
069 50896 31.861395 31.815826 0.97102 0.97097
070 50908 31.866017 31.851176 0.97160 0.97160
071 50997 31.914450 31.904035 0.97156 0.97155
072 50901 31.894784 31.894784 0.97140 0.97140
073 50900 31.918113 31.878677 0.97137 0.97135
074 50816 31.904709 31.904709 0.97150 0.97150
075 50863 31.941738 31.886649 0.97182 0.97176
076 50963 31.978296 31.956331 0.97222 0.97219
077 50997 32.007147 32.007147 0.97215 0.97215
078 50916 31.972223 31.950042 0.97209 0.97205
079 50916 31.995775 31.995775 0.97209 0.97209
080 50936 31.996529 31.996529 0.97226 0.97226
081 50985 31.906562 31.906562 0.97187 0.97187
082 50900 31.964884 31.964884 0.97214 0.97214
083 50959 31.974269 31.974269 0.97228 0.97228
084 50889 31.940847 31.891264 0.97199 0.97180
085 50950 32.010088 32.010088 0.97200 0.97200
086 50886 31.981556 31.981556 0.97224 0.97224
087 50928 31.875724 31.832115 0.97128 0.97129
088 50942 31.970053 31.970053 0.97249 0.97249
089 50956 32.048612 32.048612 0.97233 0.97233
090 50964 31.940638 31.910942 0.97178 0.97173
091 50990 31.956306 31.956306 0.97191 0.97191
092 50911 31.945565 31.925095 0.97196 0.97193
093 50877 31.848847 31.787058 0.97162 0.97154
094 50867 31.907472 31.856182 0.97170 0.97171
095 50876 31.943898 31.902638 0.97226 0.97230
096 50978 31.866275 31.826554 0.97186 0.97189
