006 20637 31.428221 17.308080 0.97464 0.82055
007 20686 30.030936 17.303449 0.96340 0.81920
008 20877 29.124954 17.811094 0.95244 0.82935
009 20582 28.584138 17.298066 0.94694 0.82011
010 20864 28.505725 17.294063 0.94461 0.81704
011 20551 28.389602 17.304244 0.94067 0.81969
012 20997 28.282071 17.805536 0.94037 0.82844
013 20844 28.251419 17.306859 0.93488 0.81876
014 20974 28.454694 17.822367 0.93745 0.83013
015 20719 28.381389 17.301391 0.93752 0.81696
016 20952 28.414655 17.816895 0.94278 0.82960
017 20779 28.263308 17.304838 0.93708 0.81774
018 20931 28.649104 17.814683 0.94209 0.82983
019 20545 28.134599 16.751055 0.93436 0.80601
020 20772 28.162578 17.311159 0.93459 0.81784
021 20742 28.461328 17.312778 0.94146 0.81891
022 20582 28.254698 17.299657 0.93754 0.81800
023 20784 27.913266 17.310170 0.93280 0.81846
024 20657 28.027124 17.300009 0.93320 0.81751
025 20491 28.288317 16.745130 0.93861 0.80536
026 20718 28.204810 17.305069 0.93517 0.81846
027 20756 27.812134 17.291506 0.93205 0.81703
028 20902 27.976279 17.320906 0.93555 0.82058
029 20631 27.703777 17.311411 0.92770 0.81801
030 20801 28.063582 17.309230 0.93782 0.81783
031 20909 28.232830 17.313601 0.93764 0.81949
032 20846 27.975310 17.292850 0.93160 0.81582
033 20975 28.008707 17.805135 0.92997 0.83033
034 20764 27.400914 17.299102 0.92452 0.81629
035 20883 27.388799 17.799136 0.92855 0.82765
036 20905 27.394078 17.813607 0.92898 0.82941
037 20823 27.686066 17.292517 0.92540 0.81588
038 20995 27.625847 17.305441 0.93184 0.81871
039 20898 27.454151 17.292433 0.93072 0.81462
040 20657 27.199551 16.786230 0.92619 0.80609
041 20967 28.044188 17.311065 0.93281 0.81805
042 20856 27.812734 17.310873 0.93207 0.81767
043 20536 27.478463 16.804813 0.92241 0.80602
044 20897 27.401216 17.302468 0.92067 0.81519
045 20493 27.047751 16.802769 0.92895 0.80465
046 20680 27.432000 17.316548 0.92705 0.81667
047 20975 27.166129 17.833481 0.92127 0.82889
048 20986 27.577214 17.850386 0.93166 0.82853
049 20731 27.561029 17.325094 0.93085 0.81748
050 20841 27.466125 17.841156 0.92764 0.82722
051 20894 27.044772 17.343328 0.91569 0.81876
052 20930 27.592124 17.337420 0.92834 0.81785
053 20901 27.141661 17.359477 0.91917 0.81796
054 20739 27.118160 17.356733 0.92303 0.81769
055 20500 27.858647 16.879089 0.92634 0.80525
056 20931 27.740148 17.366408 0.93375 0.82037
057 20583 27.837108 16.899086 0.93872 0.80718
058 20793 27.478030 17.371010 0.92453 0.81834
059 20850 27.810795 17.374333 0.93018 0.81960
060 20965 27.616184 17.380931 0.93112 0.81788
061 20699 27.802877 16.931322 0.92858 0.80855
062 20901 28.432328 17.401999 0.94220 0.82101
063 20666 27.871356 16.944562 0.93295 0.80727
064 20584 28.396676 16.954805 0.94174 0.80878
065 20832 28.038468 17.406267 0.93515 0.81986
066 20744 27.910952 17.399593 0.93311 0.81933
067 20870 28.019205 17.946542 0.93634 0.83049
068 20658 27.555543 17.410950 0.93068 0.81961
069 20734 27.874845 17.391279 0.93554 0.81868
070 20821 27.699950 17.398652 0.93358 0.81794
071 20606 27.922377 16.970712 0.92807 0.80880
072 20979 28.298202 17.409736 0.94106 0.81944
073 20858 28.574407 17.409013 0.94123 0.81745
074 20599 28.843439 17.422818 0.94543 0.82022
075 20865 28.545739 17.432381 0.94631 0.82047
076 20987 28.717219 17.438837 0.94619 0.81897
077 20736 29.304141 17.448612 0.94779 0.82019
078 20802 29.613231 17.448224 0.95412 0.82142
079 20956 29.688410 17.458457 0.95352 0.81961
080 20779 29.385160 17.456742 0.95041 0.81959
081 20921 29.596532 17.450810 0.95125 0.81999
082 20474 29.684560 17.010270 0.95449 0.80882
083 20981 29.671567 17.469848 0.95236 0.82019
084 20899 29.273935 17.455602 0.94897 0.81897
085 20650 28.997271 17.021294 0.94755 0.80834
086 20666 29.447822 17.024197 0.95002 0.80995
087 20911 29.637256 17.463092 0.95400 0.81901
088 20946 29.259975 17.481918 0.94865 0.81748
089 20509 29.607992 17.036762 0.95485 0.80830
090 20627 29.439615 17.022815 0.95026 0.80859
091 20874 29.337523 17.495545 0.95096 0.81784
092 20824 29.033493 17.497596 0.94552 0.81686
093 20789 29.076220 17.481501 0.94763 0.81672
094 20995 28.942941 17.498857 0.94789 0.81761
095 20961 28.853913 17.512640 0.94211 0.81801
096 20739 28.373446 17.494678 0.93663 0.81568
