006 41000 31.932727 30.295402 0.97416 0.96816
007 40742 31.557552 30.234521 0.97123 0.96781
008 40689 31.339401 30.173898 0.96845 0.96785
009 40774 31.335808 30.143006 0.96825 0.96782
010 40989 31.380762 30.175210 0.96822 0.96763
011 40950 31.581060 30.192751 0.96891 0.96750
012 40838 31.541134 30.151988 0.96775 0.96711
013 40851 31.542371 30.182192 0.96879 0.96779
014 40937 31.565291 30.187960 0.96882 0.96781
015 40843 31.529000 30.072095 0.96828 0.96807
016 40869 31.899664 30.126476 0.97057 0.96745
017 40608 31.629302 29.959199 0.96916 0.96745
018 40872 31.596556 30.151823 0.96851 0.96778
019 40948 31.574160 30.145383 0.96833 0.96783
020 40732 31.545178 30.104981 0.96764 0.96779
021 40708 31.518405 30.102820 0.96828 0.96771
022 40913 31.502329 30.105523 0.96820 0.96770
023 40700 31.593382 30.066598 0.96901 0.96755
024 40827 31.546441 30.052094 0.96870 0.96750
025 40875 31.564371 30.048353 0.96854 0.96796
026 40819 31.601501 30.040285 0.96884 0.96783
027 40796 31.501597 30.077594 0.96908 0.96826
028 40957 31.628171 30.135755 0.96864 0.96808
029 40714 31.503575 30.139698 0.96738 0.96817
030 40822 31.542123 30.147438 0.96790 0.96808
031 40985 31.487834 30.137211 0.96733 0.96843
032 40797 31.502972 30.045030 0.96755 0.96822
033 40890 31.367454 30.055108 0.96633 0.96746
034 40972 31.426007 30.059212 0.96829 0.96796
035 40934 31.479753 30.068331 0.96686 0.96738
036 40875 31.456354 30.103116 0.96706 0.96788
037 40958 31.416090 30.022629 0.96782 0.96787
038 40972 31.427344 29.978973 0.96755 0.96798
039 40958 31.494872 29.999004 0.96807 0.96796
040 40704 31.429856 29.968297 0.96797 0.96761
041 40647 31.467557 29.998502 0.96791 0.96791
042 40943 31.390719 30.013152 0.96757 0.96774
043 40571 31.254688 29.952018 0.96681 0.96778
044 40813 31.439787 29.926101 0.96834 0.96756
045 40959 31.489811 29.929746 0.96772 0.96759
046 40696 31.437225 29.964533 0.96784 0.96761
047 40807 31.464362 30.001047 0.96826 0.96808
048 40764 31.398649 30.032364 0.96780 0.96778
049 40974 31.237798 29.950354 0.96678 0.96791
050 40901 31.320379 29.945885 0.96721 0.96782
051 40994 31.439048 29.973894 0.96817 0.96833
052 40646 31.325423 29.994713 0.96772 0.96816
053 40947 31.340783 30.056430 0.96656 0.96827
054 40627 31.165144 29.991083 0.96608 0.96787
055 40681 31.302930 29.991754 0.96697 0.96831
056 40818 31.266382 30.038500 0.96658 0.96852
057 40975 31.507049 30.084297 0.96816 0.96858
058 40902 31.295292 30.051181 0.96720 0.96860
059 40946 31.400836 30.073709 0.96703 0.96888
060 40914 31.419114 30.089712 0.96739 0.96867
061 40729 31.260039 30.066048 0.96630 0.96880
062 40722 31.433626 30.127585 0.96897 0.96907
063 40915 31.631699 30.133419 0.96884 0.96927
064 40804 31.583699 30.099586 0.96889 0.96872
065 40576 31.393764 30.049162 0.96741 0.96849
066 40561 31.473664 30.045514 0.96700 0.96853
067 40892 31.417794 30.050622 0.96713 0.96859
068 40605 31.315015 29.994994 0.96658 0.96873
069 40767 31.363391 30.027998 0.96794 0.96825
070 40694 31.445150 30.034625 0.96808 0.96881
071 40804 31.510045 30.076712 0.96783 0.96887
072 40780 31.463263 30.047285 0.96742 0.96857
073 40941 31.596074 30.079897 0.96827 0.96857
074 40742 31.472013 30.061550 0.96745 0.96873
075 40705 31.626728 30.078560 0.96922 0.96895
076 40733 31.669551 30.119485 0.96884 0.96939
077 40388 31.631956 30.117401 0.96968 0.96919
078 40950 31.638595 30.124619 0.96899 0.96922
079 40656 31.702167 30.139215 0.96990 0.96929
080 40761 31.724611 30.152971 0.97011 0.96937
081 40739 31.632265 30.054230 0.96967 0.96904
082 40879 31.663797 30.120125 0.96976 0.96917
083 40941 31.671836 30.124596 0.96943 0.96932
084 40777 31.601875 30.048858 0.96931 0.96884
085 40825 31.663743 30.151860 0.96970 0.96912
086 40756 31.704862 30.114992 0.96992 0.96916
087 40566 31.545918 29.979755 0.96823 0.96838
088 40634 31.525534 30.078631 0.96798 0.96946
089 40567 31.762337 30.131400 0.97052 0.96927
090 40714 31.538459 30.035899 0.96792 0.96880
091 40860 31.498295 30.047262 0.96733 0.96890
092 40996 31.671342 30.083929 0.96968 0.96902
093 40703 31.485229 29.911150 0.96809 0.96855
094 40924 31.534415 29.989873 0.96757 0.96883
095 40854 31.529534 30.018506 0.96860 0.96941
096 40842 31.402945 29.917772 0.96764 0.96884
