006 10509 30.899793 12.756607 0.97385 0.56331
007 10776 28.610145 12.903993 0.95408 0.57614
008 10770 27.289088 12.905457 0.93537 0.57640
009 10753 26.271270 12.753933 0.91653 0.56234
010 10937 25.606097 12.904830 0.90552 0.57471
011 10535 25.151414 12.767979 0.89352 0.56248
012 10957 24.932153 12.911676 0.87840 0.57503
013 10764 24.574474 12.771827 0.87528 0.56231
014 10847 24.748308 12.926410 0.86640 0.57667
015 10766 24.648835 12.921079 0.86819 0.57450
016 10648 23.796718 12.779131 0.84372 0.56098
017 10975 23.826604 12.929718 0.84214 0.57502
018 10833 24.091867 12.937901 0.84075 0.57628
019 10655 24.171418 12.789301 0.84421 0.56125
020 10901 23.946395 12.945221 0.83528 0.57525
021 10474 24.195849 12.795720 0.85483 0.56169
022 10927 23.955698 12.952561 0.84301 0.57509
023 10852 23.883282 12.961446 0.84637 0.57646
024 10686 24.009604 12.806720 0.83731 0.56049
025 10622 23.774001 12.812357 0.82147 0.56055
026 10912 23.607110 12.984646 0.81980 0.57646
027 10784 23.173486 12.986577 0.81677 0.57497
028 10565 23.687257 12.842281 0.81821 0.56289
029 10981 23.742422 13.012248 0.83095 0.57659
030 10848 23.456429 13.014649 0.81602 0.57602
031 10994 23.261543 13.019855 0.80076 0.57666
032 10960 23.101770 13.028906 0.80806 0.57468
033 10842 23.194599 13.030187 0.81153 0.57772
034 10633 23.381282 12.877561 0.80077 0.56087
035 10803 23.108005 13.046298 0.80022 0.57615
036 10921 22.967496 13.057228 0.79482 0.57715
037 10794 23.056219 12.888818 0.80931 0.56014
038 10679 22.901722 12.894579 0.78694 0.56212
039 10841 22.775889 13.054990 0.78682 0.57406
040 10949 22.851627 13.064196 0.78968 0.57576
041 10899 22.903435 13.069042 0.79439 0.57571
042 10574 22.687838 12.910338 0.77567 0.56116
043 10705 22.487452 12.917109 0.77939 0.56170
044 10811 22.469379 13.081554 0.76711 0.57460
045 10731 22.360572 12.919164 0.76622 0.56005
046 10741 22.595195 12.926636 0.77910 0.55985
047 10779 22.845487 12.935102 0.76302 0.56068
048 10845 22.992139 13.105497 0.78961 0.57611
049 10657 22.555361 12.947058 0.78259 0.56110
050 10957 22.433117 13.112024 0.76912 0.57437
051 10860 21.718595 13.121047 0.73122 0.57515
052 10844 22.051042 13.123045 0.75524 0.57475
053 10823 22.250147 13.141434 0.75327 0.57558
054 10727 22.667761 12.987622 0.80097 0.56123
055 10919 22.971222 13.150608 0.79257 0.57424
056 10728 23.222913 13.007175 0.79313 0.56212
057 10759 23.120285 13.011924 0.79042 0.56198
058 10745 22.263173 13.019635 0.77030 0.56113
059 10953 22.071216 13.179401 0.74868 0.57611
060 10861 22.825242 13.192046 0.78806 0.57493
061 10919 22.827001 13.195316 0.78495 0.57627
062 10991 22.550628 13.210041 0.77347 0.57796
063 10892 22.669916 13.218319 0.77463 0.57697
064 10548 22.190302 13.076678 0.75934 0.56237
065 10774 22.672203 13.221650 0.77774 0.57732
066 10883 22.561438 13.225753 0.76872 0.57741
067 10455 22.652168 13.075609 0.80626 0.56169
068 10613 22.768084 13.088951 0.78887 0.56249
069 10706 23.097947 13.082512 0.80166 0.56170
070 10812 23.082131 13.223743 0.80575 0.57549
071 10661 22.400680 13.094182 0.78990 0.56291
072 10833 22.614919 13.240155 0.77440 0.57766
073 10787 22.859339 13.234831 0.78349 0.57526
074 10489 22.969603 13.112556 0.79964 0.56295
075 10858 23.410244 13.247595 0.79899 0.57788
076 10870 23.780362 13.252931 0.81457 0.57686
077 10776 24.047427 13.141867 0.83449 0.56297
078 10634 23.740149 13.143447 0.83296 0.56335
079 10837 23.856937 13.269470 0.83496 0.57729
080 10886 23.733425 13.270478 0.83485 0.57787
081 10751 23.810633 13.149148 0.84398 0.56236
082 10867 23.665619 13.269647 0.82824 0.57733
083 10889 23.668910 13.162209 0.83413 0.56425
084 10830 23.434389 13.155454 0.82056 0.56327
085 10675 22.827162 13.160712 0.80686 0.56311
086 10906 22.789157 13.268685 0.80390 0.57960
087 10735 23.418988 13.152407 0.81094 0.56400
088 10599 23.319587 13.159754 0.80502 0.56208
089 10763 23.056786 13.163180 0.80087 0.56433
090 10920 23.002496 13.254161 0.79999 0.57949
091 10417 22.565750 13.153665 0.78678 0.56277
092 10758 22.098174 13.164846 0.77116 0.56238
093 10855 22.379856 13.255794 0.76776 0.57744
094 10804 22.826259 13.169430 0.78082 0.56268
095 10761 22.142448 13.179358 0.75237 0.56339
096 10634 22.502539 13.177212 0.77348 0.56175
