002 2964 42.819529 28.506258 0.97756 0.80017
003 2998 42.219301 28.533208 0.97675 0.80287
004 2950 41.783723 28.543128 0.97507 0.80370
005 2944 41.591001 28.520253 0.97390 0.80448
006 2997 41.780708 28.564636 0.97378 0.80444
007 2997 41.169005 28.571327 0.97285 0.80336
008 2998 41.670532 28.602474 0.97244 0.80400
009 2974 41.068937 28.550420 0.97100 0.80357
010 2999 40.937800 28.630342 0.97032 0.80435
011 2909 41.052902 28.438530 0.97118 0.80269
012 2989 41.189425 28.585584 0.97270 0.80464
013 2999 41.206267 28.592040 0.97200 0.80228
014 2986 41.150698 28.623619 0.97125 0.80617
015 2999 40.857021 28.547021 0.97149 0.80398
016 2969 40.685240 28.557608 0.97027 0.80350
017 2985 40.375467 28.594516 0.96916 0.80419
018 2995 40.117612 28.545926 0.96895 0.80337
019 2976 39.787879 28.570800 0.96884 0.80436
020 2995 38.952462 28.519260 0.96473 0.79973
021 2996 38.456834 28.518793 0.96369 0.80272
022 2993 38.529877 28.514698 0.96644 0.80032
023 2920 38.056010 28.452115 0.96472 0.80089
024 2933 38.805865 28.468093 0.96487 0.79995
025 2922 38.952253 28.482964 0.96385 0.79994
026 3000 38.635306 28.427372 0.96416 0.80087
027 2991 39.492531 28.432932 0.96510 0.80023
028 2957 38.960121 28.265810 0.96332 0.79637
029 2972 39.280826 28.327027 0.96554 0.79685
030 2987 38.124684 28.500692 0.96023 0.79957
031 2945 38.830385 28.272050 0.96398 0.79781
032 2976 38.079705 28.564848 0.96027 0.80018
033 2982 38.530938 28.429054 0.96093 0.79960
034 2921 38.294636 28.279690 0.96068 0.79789
035 2924 38.731111 28.260551 0.96251 0.79680
036 2983 38.777535 28.321782 0.96228 0.79654
037 2998 38.984067 28.474839 0.96221 0.80061
038 2998 38.730429 28.419250 0.96038 0.79957
039 2989 39.076375 28.606582 0.96261 0.80248
040 2983 38.659805 28.504877 0.96056 0.79911
041 2995 38.880987 28.904817 0.96269 0.80905
042 2957 39.159982 28.697921 0.96216 0.80505
043 2997 39.059843 28.867211 0.96244 0.80766
044 2997 39.125209 28.586503 0.96202 0.80300
045 2992 38.941370 28.601361 0.96165 0.80326
046 2932 38.753845 28.324033 0.95987 0.79834
047 2976 39.024014 28.458219 0.96144 0.80065
048 2939 38.584611 28.267961 0.95902 0.79907
049 2983 38.394340 28.371901 0.95885 0.79975
050 2994 37.786261 28.513040 0.95481 0.80160
051 2992 38.390332 28.448980 0.95780 0.79911
