002 1981 41.013824 17.819113 0.97546 0.72412
003 2000 41.536014 17.824676 0.97466 0.72730
004 1991 41.058738 17.832975 0.97317 0.72857
005 1975 38.798918 17.832266 0.96998 0.72883
006 1989 38.827023 17.830825 0.96904 0.72776
007 1988 39.873974 17.829526 0.96918 0.72708
008 1988 40.092029 17.835271 0.96910 0.72741
009 1993 39.974093 17.833692 0.96878 0.72742
010 1996 39.892204 17.839733 0.96849 0.72766
011 1976 39.646250 16.742522 0.96860 0.71163
012 1931 39.849878 16.738939 0.96906 0.71030
013 1947 39.620488 16.739135 0.96922 0.70820
014 1973 39.223880 16.742162 0.96762 0.71123
015 1984 38.802798 17.839136 0.96565 0.72757
016 1998 38.215097 17.846480 0.96448 0.72911
017 1994 37.995611 17.849261 0.96313 0.72880
018 1993 37.883336 17.842548 0.96344 0.72770
019 1994 37.559294 17.845922 0.96143 0.72884
020 1998 38.067983 17.837530 0.96131 0.72371
021 1931 37.909274 16.743986 0.95987 0.70911
022 1976 37.808516 17.844913 0.95988 0.72553
023 1985 38.101592 17.844531 0.95868 0.72682
024 1984 37.240975 17.843028 0.95821 0.72498
025 1930 37.951207 16.746749 0.95893 0.70724
026 1999 37.744862 17.834422 0.95691 0.72485
027 1979 37.995902 16.740371 0.96192 0.70751
028 1993 37.623520 17.832241 0.95950 0.72198
029 1986 37.781015 17.829309 0.96197 0.72175
030 1982 37.244901 17.841113 0.95766 0.72327
031 1985 37.873929 16.742243 0.96064 0.70679
032 1986 37.611309 17.851008 0.95827 0.72399
033 1985 38.048951 16.741348 0.96204 0.70658
034 1977 38.105188 16.742891 0.96087 0.70742
035 1972 38.377132 16.741100 0.96126 0.70637
036 1926 37.971551 16.733013 0.96044 0.70364
037 1988 38.656581 17.841674 0.96241 0.72430
038 1989 38.674543 16.738636 0.96257 0.70589
039 1998 38.720845 17.853216 0.96173 0.72601
040 1922 38.564414 16.743675 0.96131 0.70567
041 1985 38.415434 17.875220 0.96112 0.73139
042 1986 38.782344 17.850693 0.96251 0.72898
043 1956 38.536560 17.858017 0.96165 0.73088
044 1917 38.385716 16.734422 0.96142 0.70913
045 1997 38.928438 17.838699 0.96287 0.72715
046 1970 38.138408 16.727444 0.96051 0.70719
047 1989 38.806228 17.826805 0.96245 0.72572
048 1988 37.821867 16.726364 0.95892 0.70951
049 1984 38.015101 16.719769 0.95955 0.70731
050 1985 37.524020 16.728064 0.95666 0.70780
051 1963 38.037716 17.817933 0.95822 0.72317
