002 3965 43.923015 29.985786 0.97992 0.81415
003 3994 42.919959 30.026816 0.97829 0.81640
004 3998 43.195927 30.093964 0.97808 0.81896
005 3968 42.953322 30.102010 0.97706 0.81936
006 3999 42.759560 30.056517 0.97673 0.81834
007 3999 42.682361 30.031524 0.97659 0.81695
008 3995 42.387921 30.101590 0.97600 0.81836
009 3973 41.868660 30.026462 0.97473 0.81720
010 3973 41.752629 30.071991 0.97575 0.81785
011 3981 41.552486 30.152771 0.97463 0.81963
012 3998 42.101810 30.080704 0.97472 0.81831
013 3994 42.099007 30.103455 0.97399 0.81657
014 3994 42.239223 30.147729 0.97553 0.82006
015 3993 41.670708 30.015326 0.97437 0.81744
016 3994 41.421891 30.099760 0.97369 0.81777
017 3978 41.244090 30.083813 0.97255 0.81745
018 3990 40.951736 30.045636 0.97115 0.81729
019 3968 40.804576 30.060941 0.97205 0.81835
020 3976 40.433970 29.933901 0.97151 0.81253
021 3918 40.061313 30.015861 0.96962 0.81669
022 3971 39.937078 29.982173 0.97074 0.81383
023 3996 40.610655 29.977878 0.97079 0.81610
024 3974 40.367375 30.043628 0.96886 0.81559
025 3943 40.650463 29.985153 0.97154 0.81422
026 3993 39.285941 30.008866 0.96728 0.81659
027 3992 40.676410 30.014822 0.97057 0.81618
028 3964 40.191360 29.941008 0.96890 0.81303
029 4000 39.973391 29.911481 0.96843 0.81306
030 3988 39.115250 30.069997 0.96379 0.81421
031 3997 39.634944 30.037409 0.96665 0.81585
032 3942 39.132551 30.092360 0.96394 0.81406
033 3978 39.331716 30.018419 0.96242 0.81431
034 3918 39.247360 29.922431 0.96430 0.81456
035 3957 39.677708 30.006056 0.96661 0.81493
036 3928 39.604214 29.838880 0.96509 0.81216
037 3933 39.858228 30.018736 0.96704 0.81543
038 3994 39.372736 30.022258 0.96472 0.81539
039 3957 40.091730 30.051226 0.96770 0.81490
040 3979 40.191303 29.998834 0.96767 0.81256
041 3993 39.874707 30.195791 0.96616 0.81846
042 3979 40.034624 30.165316 0.96673 0.81828
043 3998 39.769138 30.127396 0.96628 0.81797
044 3993 40.180010 30.116651 0.96684 0.81752
045 3924 40.000325 30.124138 0.96626 0.81720
046 3994 39.557577 29.970390 0.96487 0.81468
047 3965 39.978120 30.080828 0.96545 0.81653
048 3991 39.412319 29.996420 0.96334 0.81655
049 3997 39.368904 29.969774 0.96445 0.81585
050 3999 39.037478 30.038715 0.96130 0.81596
051 3978 39.313596 29.954261 0.96257 0.81363
