002 931 36.679149 11.634397 0.96881 0.52779
003 995 36.323982 11.783161 0.96838 0.54020
004 991 37.404222 11.797056 0.96720 0.54232
005 963 36.498118 11.677418 0.96500 0.53405
006 977 38.564805 11.686189 0.96795 0.53473
007 953 37.796425 11.695031 0.96452 0.53512
008 929 36.332782 11.700671 0.96358 0.53551
009 999 38.221032 11.840637 0.96382 0.54468
010 984 37.957963 11.713531 0.96261 0.53614
011 999 37.360986 11.850208 0.96110 0.54533
012 979 37.377860 11.720475 0.96041 0.53736
013 980 37.407574 11.855396 0.96351 0.54243
014 938 36.552205 11.726580 0.96195 0.53731
015 996 36.348371 11.861226 0.96044 0.54688
016 982 36.615684 11.732129 0.96134 0.53776
017 998 36.932650 11.867011 0.96182 0.54632
018 1000 36.551046 11.868198 0.95854 0.54562
019 996 35.679687 11.870630 0.95749 0.54572
020 997 35.357126 11.873444 0.95651 0.54258
021 986 35.999013 11.879747 0.95703 0.54631
022 999 36.008517 11.883428 0.95568 0.54410
023 963 35.833804 11.757363 0.95618 0.53733
024 965 35.931315 11.762015 0.95425 0.53603
025 998 35.771120 11.897646 0.95539 0.54516
026 975 35.545969 11.898855 0.95204 0.54669
027 968 35.566828 11.771369 0.95374 0.53793
028 988 35.272312 11.902347 0.95159 0.54448
029 969 35.145791 11.772324 0.95137 0.53695
030 972 34.909851 11.779274 0.94682 0.53598
031 999 35.225606 11.908662 0.94948 0.54576
032 964 35.079272 11.913244 0.94564 0.54545
033 966 35.167771 11.779995 0.94848 0.53739
034 998 35.230786 11.782369 0.94773 0.53808
035 986 35.280794 11.781329 0.95011 0.53724
036 962 35.228380 11.783159 0.94883 0.53670
037 995 35.686294 11.915488 0.95325 0.54637
038 998 35.574750 11.786924 0.95146 0.53746
039 990 35.627461 11.922166 0.95264 0.54739
040 990 35.601088 11.921197 0.95178 0.54476
041 969 35.634335 11.932965 0.95168 0.55097
042 992 35.855228 11.908080 0.95292 0.54853
043 976 35.841309 11.906646 0.95173 0.55044
044 966 35.913141 11.775235 0.95287 0.53977
045 970 35.673290 11.776108 0.95182 0.54070
046 985 36.375952 11.775744 0.95188 0.53780
047 994 36.419061 11.778520 0.95194 0.53847
048 1000 36.232552 11.780217 0.94985 0.54022
049 1000 36.167682 11.781871 0.94945 0.54036
050 967 35.951909 11.785759 0.94854 0.53886
051 979 35.787876 11.785366 0.94712 0.53839
