006 40681 32.290467 30.262001 0.97419 0.96810
007 40948 32.208140 30.259978 0.97355 0.96787
008 40581 32.079214 30.103915 0.97256 0.96783
009 40871 31.912963 30.162025 0.97184 0.96786
010 40638 31.889445 30.130365 0.97114 0.96751
011 40803 31.803451 30.176539 0.96981 0.96746
012 40817 31.752772 30.145403 0.96961 0.96710
013 40629 32.274195 30.160417 0.97218 0.96773
014 40747 31.854562 30.163598 0.97002 0.96776
015 40886 31.693772 30.105571 0.96980 0.96807
016 40880 31.649297 30.126476 0.96888 0.96745
017 40718 32.131488 30.034802 0.97167 0.96749
018 40943 31.705500 30.155264 0.96918 0.96779
019 40794 31.719882 30.124314 0.96917 0.96779
020 40821 32.117912 30.112048 0.97198 0.96780
021 40920 31.747993 30.135250 0.97017 0.96778
022 40867 31.756618 30.101375 0.96955 0.96769
023 40851 32.141352 30.075328 0.97272 0.96757
024 40567 31.792955 30.020822 0.97000 0.96743
025 40772 31.668179 30.040047 0.96932 0.96793
026 40516 31.700218 30.006398 0.96977 0.96777
027 40864 32.190682 30.091076 0.97222 0.96832
028 40875 31.901332 30.130875 0.97052 0.96807
029 40948 31.746491 30.166090 0.96969 0.96822
030 40745 31.733121 30.128361 0.96902 0.96799
031 40797 32.099877 30.106797 0.97107 0.96830
032 40858 31.736784 30.050992 0.97013 0.96824
033 40703 31.652435 30.035057 0.96888 0.96742
034 40918 31.710891 30.051409 0.96953 0.96795
035 40854 32.173377 30.051624 0.97104 0.96735
036 40460 32.278472 30.042929 0.97218 0.96768
037 40821 32.481885 30.004825 0.97485 0.96784
038 40855 31.711169 29.964969 0.97039 0.96794
039 40718 31.568094 29.964187 0.96908 0.96779
040 40676 31.624846 29.960606 0.96950 0.96758
041 40701 31.529718 30.003648 0.96861 0.96791
042 40613 31.510064 29.965325 0.96854 0.96752
043 40879 31.525067 29.987701 0.96911 0.96784
044 40985 31.594205 29.960225 0.96931 0.96763
045 40604 31.549370 29.887538 0.96894 0.96744
046 40758 31.990071 29.974565 0.97062 0.96762
047 40851 31.703281 30.008348 0.97018 0.96811
048 40931 32.112819 30.049543 0.97218 0.96780
049 40886 31.749811 29.950354 0.97014 0.96791
050 40593 31.585476 29.908062 0.96903 0.96775
051 40853 31.595803 29.964266 0.96932 0.96831
052 40663 31.555395 29.994713 0.96902 0.96816
053 40937 31.643179 30.056430 0.96922 0.96827
054 40630 31.576727 29.991083 0.96885 0.96787
055 40974 32.026731 30.030027 0.97162 0.96848
056 40848 31.785120 30.040011 0.97065 0.96852
057 40940 31.718795 30.077862 0.96997 0.96857
058 40926 32.035024 30.051181 0.97075 0.96860
059 40920 32.218933 30.062949 0.97307 0.96878
060 40668 31.910238 30.061765 0.97152 0.96856
061 40913 32.073075 30.081922 0.97200 0.96883
062 40800 31.930356 30.131109 0.97125 0.96908
063 40929 32.344360 30.133419 0.97347 0.96927
064 40516 31.875535 30.069414 0.97143 0.96864
065 40730 31.692437 30.066425 0.97062 0.96856
066 40580 31.703208 30.047366 0.97073 0.96854
067 40749 31.615090 30.044068 0.97030 0.96858
068 40927 31.625470 30.021904 0.97020 0.96881
069 40718 31.660321 30.027998 0.96984 0.96825
070 40920 31.685262 30.061377 0.97057 0.96890
071 40703 31.708008 30.067784 0.97058 0.96887
072 40713 31.677273 30.047285 0.96988 0.96857
073 40540 31.710288 30.036320 0.97001 0.96846
074 40861 32.010763 30.086757 0.97050 0.96877
075 40755 31.889530 30.082424 0.97150 0.96895
076 40854 31.838901 30.127942 0.97114 0.96940
077 40846 31.760062 30.163063 0.97050 0.96930
078 40733 31.727964 30.109672 0.97109 0.96920
079 40646 31.809534 30.132921 0.97083 0.96926
080 40770 31.794999 30.153960 0.97060 0.96937
081 40850 31.653807 30.068901 0.96981 0.96908
082 40812 31.720680 30.120125 0.97054 0.96917
083 40871 31.751877 30.119806 0.97114 0.96931
084 40739 31.655518 30.048858 0.97032 0.96884
085 40591 31.799942 30.120883 0.97045 0.96907
086 40955 31.722634 30.127412 0.97012 0.96919
087 40738 31.638425 29.999395 0.96989 0.96840
088 40943 31.689302 30.113215 0.97009 0.96951
089 40573 31.778829 30.131400 0.97089 0.96927
090 40768 31.513615 30.045617 0.96892 0.96882
091 40700 31.666718 30.029604 0.96995 0.96886
092 40952 31.692343 30.078560 0.96927 0.96901
093 40879 31.590741 29.942226 0.97008 0.96858
094 40804 31.612862 29.975584 0.96954 0.96879
095 40641 31.647892 29.994884 0.97024 0.96936
096 40818 31.592205 29.917772 0.96995 0.96884
