006 10993 32.672691 12.901037 0.98035 0.57714
007 10884 32.172014 12.903993 0.97745 0.57614
008 10759 31.590726 12.905457 0.97384 0.57640
009 10708 31.077251 12.753933 0.97018 0.56234
010 10977 30.442205 12.904830 0.96662 0.57471
011 10732 30.169377 12.916431 0.96233 0.57685
012 10971 29.673017 12.911676 0.95859 0.57503
013 10869 29.030992 12.921437 0.95177 0.57695
014 10700 28.787817 12.776808 0.94967 0.56227
015 10752 27.968726 12.921079 0.94067 0.57450
016 10702 27.578318 12.779131 0.93198 0.56098
017 10564 27.488675 12.778049 0.93446 0.56062
018 10853 26.601531 12.937901 0.91825 0.57628
019 10454 26.363878 12.789301 0.90860 0.56125
020 10828 26.286630 12.945221 0.91016 0.57525
021 10741 25.778334 12.795720 0.89628 0.56169
022 10620 25.799331 12.795331 0.89822 0.56030
023 10949 25.265331 12.961446 0.89072 0.57646
024 10611 25.075105 12.806720 0.87872 0.56049
025 10812 25.049845 12.972467 0.87023 0.57562
026 10692 24.593738 12.823564 0.86323 0.56120
027 10676 23.945068 12.825812 0.85135 0.55976
028 10997 24.150011 13.002935 0.83844 0.57798
029 10861 23.648602 13.012248 0.82519 0.57659
030 10890 23.887067 13.014649 0.83605 0.57602
031 10671 23.308297 12.857744 0.81109 0.56205
032 10864 23.293354 13.028906 0.81412 0.57468
033 10769 23.116278 12.867624 0.81936 0.56325
034 10739 23.257047 12.877561 0.81005 0.56087
035 10954 23.389892 13.046298 0.82649 0.57615
036 10992 23.138276 13.057228 0.79891 0.57715
037 10823 23.069220 13.053159 0.81304 0.57496
038 10681 22.805259 12.894579 0.77804 0.56212
039 10774 22.987498 12.890508 0.80503 0.55932
040 10689 22.937060 12.899809 0.78785 0.56125
041 10700 22.875979 12.904993 0.78501 0.56108
042 10636 22.660691 12.910338 0.79042 0.56116
043 10742 22.790109 12.917109 0.79592 0.56170
044 10866 23.033393 13.081554 0.81387 0.57460
045 10943 22.642370 13.081944 0.78589 0.57434
046 10946 22.756712 13.089801 0.78396 0.57449
047 10642 22.830890 12.935102 0.80431 0.56068
048 10766 22.497237 12.943538 0.75919 0.56151
049 10695 22.935797 12.947058 0.78466 0.56110
050 10754 22.775383 12.952112 0.80073 0.55995
051 10982 22.500278 13.121047 0.76562 0.57515
052 10538 22.164742 12.965609 0.76012 0.56046
053 10762 22.193030 12.985183 0.75466 0.56150
054 10752 22.792551 12.987622 0.78846 0.56123
055 10829 22.162521 13.150608 0.76339 0.57424
056 10783 22.149333 13.007175 0.75421 0.56212
057 10545 21.779241 13.011924 0.73700 0.56198
058 10842 21.718049 13.171948 0.73509 0.57516
059 10851 21.409572 13.179401 0.72263 0.57611
060 10937 21.699685 13.192046 0.74256 0.57493
061 10820 21.174124 13.045829 0.72046 0.56237
062 10744 21.495080 13.060253 0.71873 0.56385
063 10845 21.271585 13.218319 0.71188 0.57697
064 10844 21.171596 13.225152 0.69854 0.57691
065 10789 21.066998 13.221650 0.68118 0.57732
066 10935 21.450611 13.225753 0.72070 0.57741
067 10946 21.138648 13.220276 0.71029 0.57646
068 10651 20.847969 13.088951 0.67071 0.56249
069 10813 20.903909 13.082512 0.68570 0.56170
070 10823 21.109665 13.223743 0.68322 0.57549
071 10764 21.632239 13.094182 0.71429 0.56291
072 10972 21.703193 13.240155 0.74310 0.57766
073 10719 21.604021 13.104722 0.72037 0.56059
074 10816 21.401644 13.240060 0.72495 0.57756
075 10700 21.082816 13.122950 0.71588 0.56349
076 10510 21.233587 13.129266 0.71571 0.56231
077 10950 21.061327 13.265072 0.72512 0.57767
078 10941 21.107833 13.265421 0.70703 0.57809
079 10541 21.464297 13.150173 0.70937 0.56269
080 10894 21.137932 13.270478 0.69374 0.57787
081 10923 21.123017 13.265463 0.69312 0.57722
082 10886 21.609484 13.269647 0.72133 0.57733
083 10642 21.564839 13.162209 0.73033 0.56425
084 10899 21.457296 13.155454 0.72233 0.56327
085 10512 20.940190 13.160712 0.70687 0.56311
086 10751 20.606038 13.163883 0.68769 0.56504
087 10939 20.879133 13.257030 0.70074 0.57891
088 10696 21.471714 13.159754 0.69857 0.56208
089 10658 21.508237 13.163180 0.71403 0.56433
090 10516 21.067297 13.155683 0.69863 0.56443
091 10706 20.761037 13.153665 0.68040 0.56277
092 10702 20.382392 13.164846 0.64092 0.56238
093 10873 20.369289 13.255794 0.66843 0.57744
094 10944 21.035584 13.263109 0.70841 0.57750
095 10886 21.127888 13.272500 0.71486 0.57812
096 10769 20.487825 13.177212 0.67456 0.56175
