006 20685 32.563966 17.308080 0.97817 0.82055
007 20801 32.272339 17.303449 0.97657 0.81920
008 20580 32.059423 17.299876 0.97509 0.81810
009 20881 31.470384 17.298066 0.97092 0.82011
010 20921 31.073734 17.802017 0.96764 0.82824
011 20755 30.989045 17.304244 0.96572 0.81969
012 20910 30.913498 17.298776 0.96535 0.81731
013 20943 31.097914 17.813711 0.96534 0.82998
014 20634 30.850206 17.316052 0.96472 0.81922
015 20729 30.784759 17.301391 0.96343 0.81696
016 20940 30.681028 17.816895 0.96320 0.82960
017 20763 30.476364 17.304838 0.96140 0.81774
018 20872 30.377000 17.814683 0.95895 0.82983
019 20943 30.485852 17.811024 0.96175 0.82874
020 20960 29.988073 17.812040 0.95651 0.82878
021 20994 30.327240 17.812984 0.96029 0.82967
022 20561 30.022965 17.299657 0.95567 0.81800
023 20747 29.895013 17.310170 0.95669 0.81846
024 20785 29.927760 17.300009 0.95438 0.81751
025 20856 29.701295 17.295449 0.95534 0.81734
026 20820 29.862166 17.305069 0.95490 0.81846
027 20756 29.824707 17.291506 0.95497 0.81703
028 20856 30.111835 17.320906 0.95653 0.82058
029 20891 30.095650 17.311411 0.95628 0.81801
030 20856 30.119608 17.309230 0.95651 0.81783
031 20826 30.030911 17.313601 0.95496 0.81949
032 20532 29.718893 16.759734 0.95318 0.80362
033 20909 29.526279 17.805135 0.95438 0.83033
034 20822 29.780035 17.299102 0.95527 0.81629
035 20851 29.809462 17.303250 0.95633 0.81735
036 20848 29.829051 17.314762 0.95403 0.81886
037 20694 29.725703 17.292517 0.95580 0.81588
038 20912 29.933977 17.305441 0.95577 0.81871
039 20975 29.907383 17.292433 0.95781 0.81462
040 20998 29.655826 17.307678 0.95534 0.81812
041 20569 29.554010 16.790675 0.95285 0.80591
042 20882 29.494192 17.310873 0.95282 0.81767
043 20757 29.305380 17.322264 0.95067 0.81813
044 20803 29.443750 17.302468 0.95207 0.81519
045 20792 29.475018 17.315434 0.95380 0.81673
046 20842 29.242171 17.316548 0.95179 0.81667
047 20702 29.745381 17.326967 0.95573 0.81812
048 20994 29.692040 17.850386 0.95392 0.82853
049 20528 29.236411 16.820198 0.95145 0.80475
050 20806 29.605870 17.841156 0.95250 0.82722
051 20869 29.694574 17.343328 0.95415 0.81876
052 20828 29.753362 17.337420 0.95588 0.81785
053 20942 29.978023 17.359477 0.95838 0.81796
054 20998 29.924786 17.878319 0.95712 0.82880
055 20759 29.966238 17.352856 0.95780 0.81702
056 20985 29.871048 17.366408 0.95707 0.82037
057 20576 29.661277 16.899086 0.95497 0.80718
058 20945 29.786591 17.371010 0.95676 0.81834
059 20663 29.533256 17.374333 0.95303 0.81960
060 20995 29.598773 17.380931 0.95389 0.81788
061 20816 29.483865 17.392475 0.95268 0.82056
062 20671 29.508354 17.401999 0.95360 0.82101
063 20630 29.183208 16.944562 0.95212 0.80727
064 20822 28.824913 17.408159 0.94378 0.82037
065 20496 29.050053 17.406267 0.95073 0.81986
066 20617 28.948708 16.951747 0.94773 0.80783
067 20697 28.754100 17.397786 0.94601 0.81867
068 20860 28.481510 17.410950 0.94359 0.81961
069 20731 28.825507 17.391279 0.94298 0.81868
070 20968 28.987904 17.398652 0.94918 0.81794
071 20819 28.840206 17.415648 0.94298 0.82002
072 20852 28.543650 17.409736 0.94373 0.81944
073 20877 28.863573 17.409013 0.94218 0.81745
074 20838 28.396737 17.422818 0.94063 0.82022
075 20930 29.196701 17.432381 0.94969 0.82047
076 20994 28.269324 17.438837 0.93934 0.81897
077 20960 29.230814 17.448612 0.94747 0.82019
078 20880 28.915118 17.448224 0.94631 0.82142
079 20881 29.371541 17.458457 0.95203 0.81961
080 20814 29.235798 17.456742 0.94766 0.81959
081 21000 29.770383 17.450810 0.95462 0.81999
082 20718 29.524827 17.465433 0.95306 0.81996
083 20675 29.731990 17.012859 0.95353 0.80895
084 20770 29.404742 16.999059 0.95164 0.80758
085 20839 29.689418 17.480768 0.95284 0.81964
086 20961 29.201404 17.484526 0.94980 0.82109
087 20781 29.219200 17.463092 0.95179 0.81901
088 20826 29.179884 17.481918 0.94841 0.81748
089 20933 29.121286 17.499043 0.94827 0.81946
090 20937 29.098039 17.486772 0.94792 0.81957
091 20843 28.126773 17.495545 0.94190 0.81784
092 20950 28.762692 17.497596 0.94091 0.81686
093 20612 28.519569 17.015292 0.94576 0.80575
094 20717 28.882875 17.498857 0.94277 0.81761
095 20971 29.022625 17.512640 0.95116 0.81801
096 20875 28.884939 17.494678 0.94566 0.81568
