006 30898 32.397381 27.345144 0.97574 0.93568
007 30998 32.256013 27.270964 0.97497 0.93426
008 30839 31.977239 27.263222 0.97292 0.93446
009 30905 31.741181 27.307605 0.97061 0.93605
010 30674 31.597373 27.168836 0.96995 0.93281
011 30908 31.565411 27.275344 0.96845 0.93612
012 30566 31.454694 27.164440 0.96775 0.93266
013 30676 31.558857 27.182827 0.96857 0.93331
014 30777 31.462358 27.320634 0.96810 0.93489
015 30722 31.355997 27.165252 0.96778 0.93297
016 30667 31.376264 27.164529 0.96723 0.93368
017 30899 31.676553 27.160273 0.96942 0.93420
018 30935 31.444683 27.328864 0.96773 0.93546
019 30837 31.370638 27.244573 0.96700 0.93429
020 30941 31.396669 27.285716 0.96733 0.93550
021 30891 31.387332 27.137198 0.96762 0.93398
022 30795 31.255323 27.086360 0.96667 0.93410
023 30744 31.372140 27.125248 0.96782 0.93298
024 30482 31.355859 27.009919 0.96719 0.93204
025 30901 31.371875 27.180965 0.96694 0.93485
026 30944 31.417476 27.148080 0.96769 0.93523
027 30771 31.420302 27.121360 0.96785 0.93576
028 30841 31.485875 27.176080 0.96773 0.93450
029 30938 31.435896 27.214168 0.96727 0.93486
030 30953 31.463688 27.201498 0.96706 0.93506
031 30658 31.440903 27.076904 0.96810 0.93356
032 30775 31.421977 26.913895 0.96691 0.93218
033 30714 31.233839 26.986612 0.96641 0.93351
034 30699 31.404573 27.063053 0.96776 0.93343
035 30764 31.689826 27.084327 0.96804 0.93483
036 30992 31.548912 27.130065 0.96819 0.93581
037 30871 31.349428 27.004130 0.96696 0.93496
038 30669 31.340279 26.867405 0.96769 0.93253
039 30754 31.308126 26.847428 0.96663 0.93042
040 30809 31.371676 27.020899 0.96755 0.93566
041 30580 31.263916 26.872383 0.96650 0.93249
042 30665 31.280781 26.875900 0.96795 0.93349
043 30612 31.346296 27.007788 0.96778 0.93498
044 30855 31.211207 26.906619 0.96699 0.93437
045 30691 31.260295 26.945983 0.96745 0.93495
046 30740 31.184942 26.942724 0.96639 0.93491
047 30649 31.349072 26.825379 0.96737 0.93356
048 30789 31.315213 27.014911 0.96659 0.93509
049 30708 31.272524 26.925353 0.96683 0.93534
050 30983 31.291460 26.996299 0.96719 0.93623
051 30913 31.301315 26.986566 0.96703 0.93683
052 30635 31.304468 26.933082 0.96764 0.93581
053 30886 31.361364 27.015279 0.96759 0.93561
054 30841 31.683187 26.999977 0.96950 0.93530
055 30944 31.552988 26.953178 0.96859 0.93532
056 30928 31.399512 27.002751 0.96842 0.93778
057 30973 31.560879 27.037237 0.96895 0.93738
058 30970 31.498691 27.011192 0.96900 0.93660
059 30722 31.260374 26.943637 0.96794 0.93597
060 30640 31.430664 26.962308 0.96831 0.93568
061 30924 31.321357 27.066060 0.96828 0.93842
062 30989 31.711316 27.053565 0.97059 0.93799
063 30652 31.653040 26.964449 0.96940 0.93590
064 30843 31.480328 27.025750 0.96856 0.93727
065 30786 31.401666 27.031085 0.96829 0.93765
066 30583 31.390381 26.889157 0.96799 0.93594
067 30615 31.398944 26.960085 0.96741 0.93642
068 30801 31.425032 26.952204 0.96840 0.93720
069 30538 31.319544 26.833445 0.96736 0.93578
070 30801 31.409170 26.971128 0.96865 0.93676
071 30726 31.365625 26.976002 0.96694 0.93624
072 30820 31.273329 26.869788 0.96678 0.93596
073 30701 31.439462 26.976282 0.96836 0.93650
074 30837 31.466301 26.989499 0.96815 0.93756
075 30888 31.345149 26.976397 0.96842 0.93693
076 30332 31.454510 26.923004 0.96820 0.93378
077 30711 31.513812 26.997389 0.96870 0.93612
078 30658 31.455181 26.960127 0.96802 0.93654
079 30643 31.742426 27.003027 0.97062 0.93540
080 30672 31.665248 27.012734 0.96965 0.93595
081 30612 31.492810 26.902219 0.96892 0.93546
082 30957 31.450120 27.043785 0.96868 0.93753
083 30920 31.438495 26.976402 0.96911 0.93583
084 30957 31.463269 26.903466 0.96798 0.93564
085 30736 31.472015 27.043061 0.96748 0.93678
086 30989 31.416185 27.000078 0.96795 0.93673
087 30932 31.265133 26.849835 0.96782 0.93470
088 30873 31.309620 26.976401 0.96762 0.93518
089 30949 31.271942 26.992427 0.96607 0.93498
090 30740 31.176445 26.854541 0.96594 0.93440
091 30979 31.304398 26.950842 0.96813 0.93511
092 30618 31.204251 26.813517 0.96582 0.93177
093 30516 31.211922 26.731948 0.96791 0.93303
094 30808 31.211339 26.872254 0.96670 0.93474
095 30877 31.424050 26.895649 0.96872 0.93475
096 30999 31.158667 26.757153 0.96692 0.93309
