002 6996 24.483445 24.892670 0.67211 0.68839
003 6983 24.844216 24.959291 0.68251 0.69154
004 6981 24.777243 24.868948 0.68319 0.69066
005 6998 24.899188 25.029642 0.68322 0.69487
006 6997 24.606981 25.128830 0.68015 0.69548
007 6987 24.836914 25.168271 0.68185 0.69729
008 6974 24.606717 25.185579 0.67818 0.69615
009 6991 24.871698 25.094664 0.68363 0.69466
010 6996 24.720633 25.178713 0.68180 0.69524
011 6989 24.938787 25.171148 0.68363 0.69542
012 6995 24.784544 25.166508 0.68089 0.69587
013 6997 24.959167 25.095451 0.68289 0.69352
014 6999 24.665548 25.131728 0.68053 0.69486
015 6995 24.872609 25.049389 0.68190 0.69307
016 6977 24.640019 25.030381 0.67893 0.69283
017 6998 24.847877 25.056045 0.68104 0.69218
018 6971 24.572168 25.045588 0.67642 0.69246
019 7000 24.902506 25.102046 0.67969 0.69288
020 6998 24.519581 24.973966 0.67700 0.68991
021 6995 24.714564 25.064264 0.67546 0.69189
022 6998 24.496228 25.044092 0.67457 0.69084
023 6999 24.798692 25.060824 0.67796 0.69102
024 6970 24.529816 25.008669 0.67274 0.69067
025 6993 24.720776 25.138915 0.67667 0.69294
026 6995 24.629721 24.970153 0.67148 0.68640
027 6982 24.608866 24.971283 0.67272 0.68743
028 6998 24.632259 24.897916 0.67366 0.68288
029 7000 24.555014 24.968715 0.66567 0.68515
030 6981 24.586874 24.964627 0.67711 0.68711
031 6988 24.495865 24.986266 0.66424 0.68604
032 6997 24.600739 25.027638 0.67640 0.68911
033 6998 24.595312 24.981754 0.66863 0.68571
034 7000 24.633612 24.997534 0.67491 0.68628
035 6988 24.666973 25.067816 0.66896 0.68756
036 6996 24.541261 24.914264 0.67016 0.68342
037 7000 24.677603 25.095977 0.66947 0.68906
038 6972 24.733943 24.994324 0.67316 0.68554
039 6997 24.544334 25.165627 0.66968 0.69357
040 6989 24.589271 24.968161 0.67083 0.68771
041 6976 24.473103 25.221936 0.67132 0.69717
042 6974 24.677880 25.233649 0.67907 0.69773
043 6975 24.540199 25.189729 0.66855 0.69678
044 6997 24.628941 25.113009 0.67527 0.69127
045 6998 24.622983 25.080822 0.66919 0.69058
046 6997 24.592464 24.935576 0.67386 0.68606
047 6991 24.778170 25.266172 0.67254 0.69303
048 7000 24.725882 25.230027 0.67583 0.69148
049 6991 24.780114 25.130721 0.67426 0.68994
050 6998 24.748335 25.261660 0.67476 0.69259
