002 3374 12.244946 12.244946 0.46166 0.46166
003 9994 30.383804 30.498174 0.82092 0.82815
004 9995 30.377502 30.524174 0.82081 0.82881
005 3383 12.497081 12.497081 0.47036 0.47036
006 9998 30.369941 30.499402 0.82246 0.82985
007 10000 30.327761 30.481040 0.82063 0.82970
008 9999 30.416404 30.524536 0.82195 0.82900
009 3371 12.398238 12.398238 0.46525 0.46525
010 9995 30.383098 30.481639 0.81997 0.82770
011 3379 12.394990 12.394990 0.47377 0.47377
012 9997 30.430002 30.545939 0.82279 0.83020
013 9991 30.368134 30.505085 0.82047 0.82973
014 9996 30.398703 30.521363 0.82196 0.82988
015 9995 30.334825 30.476183 0.82054 0.82875
016 9997 30.413478 30.519571 0.82111 0.82904
017 9996 30.395167 30.531753 0.82045 0.82882
018 9984 30.396224 30.492281 0.82109 0.82814
019 9999 30.360822 30.501994 0.82097 0.82897
020 10000 30.492351 30.512853 0.82287 0.82828
021 3377 12.493483 12.493483 0.47054 0.47054
022 9991 30.329549 30.464802 0.82031 0.82865
023 3381 12.547590 12.547590 0.47503 0.47503
024 9965 30.325808 30.494082 0.81923 0.82806
025 9995 30.403735 30.535046 0.82162 0.83045
026 9973 30.224581 30.323597 0.81506 0.82365
027 3378 12.398333 12.398333 0.47200 0.47200
028 3381 12.550534 12.550534 0.47280 0.47280
029 3378 12.403483 12.403483 0.47118 0.47118
030 9978 30.264832 30.445655 0.81812 0.82666
031 9998 30.164798 30.357268 0.81439 0.82412
032 3382 12.682280 12.682280 0.47819 0.47819
033 9986 30.192021 30.360832 0.81462 0.82472
034 3375 12.488524 12.488524 0.47641 0.47641
035 3379 12.562807 12.562807 0.47092 0.47092
036 3383 12.491848 12.491848 0.47493 0.47493
037 3377 12.425973 12.425973 0.47282 0.47282
038 3382 12.494016 12.494016 0.47608 0.47608
039 9992 30.453343 30.568523 0.82246 0.82970
040 3371 12.509397 12.509397 0.46876 0.46876
041 9998 30.734887 30.865895 0.83200 0.83643
042 3370 12.526679 12.526679 0.47185 0.47185
043 9977 30.559092 30.749694 0.82568 0.83410
044 3382 12.637201 12.637201 0.47483 0.47483
045 9994 30.455841 30.532528 0.82081 0.82859
046 3383 12.632749 12.632749 0.47285 0.47285
047 3380 12.650187 12.650187 0.47289 0.47289
048 3386 12.817477 12.817477 0.47698 0.47698
049 3387 12.893740 12.893740 0.47113 0.47113
050 3382 12.662325 12.662325 0.47331 0.47331
