002 14983 35.366351 35.145052 0.90753 0.90965
003 14994 35.486905 35.190906 0.90883 0.91030
004 14972 35.538906 35.222877 0.90770 0.90936
005 14980 35.364461 35.164114 0.90694 0.91004
006 14982 35.512893 35.249441 0.90815 0.90985
007 14996 35.451724 35.222221 0.90754 0.91065
008 14972 35.491710 35.176507 0.90790 0.90943
009 14995 35.430638 35.207792 0.90778 0.91024
010 14948 35.442980 35.176130 0.90720 0.90933
011 14978 35.453759 35.204053 0.90761 0.91011
012 14991 35.414687 35.203360 0.90630 0.90982
013 14997 35.443901 35.198895 0.90786 0.91058
014 14972 35.408108 35.215306 0.90682 0.90875
015 14988 35.445813 35.166476 0.90715 0.90974
016 14945 35.345932 35.166223 0.90554 0.90930
017 14948 35.486982 35.182221 0.90916 0.91022
018 14988 35.364912 35.167185 0.90520 0.90896
019 14931 35.400211 35.154370 0.90733 0.90768
020 14997 35.472700 35.213249 0.90683 0.90984
021 14998 35.462355 35.214739 0.90951 0.90990
022 14982 35.353314 35.157571 0.90569 0.90848
023 14933 35.399632 35.149258 0.90775 0.90818
024 14965 35.318985 35.138807 0.90648 0.90843
025 14961 35.487718 35.246885 0.90898 0.91131
026 14982 35.132186 34.996603 0.90264 0.90592
027 14941 35.231829 35.049693 0.90407 0.90556
028 14998 35.179843 34.999105 0.90321 0.90545
029 14949 35.179302 34.957164 0.90376 0.90510
030 14999 35.304231 35.092189 0.90595 0.90801
031 14994 35.191471 34.980278 0.90487 0.90631
032 14980 35.426615 35.240937 0.90677 0.91162
033 14970 35.221922 34.986467 0.90370 0.90429
034 14995 35.151030 34.985693 0.90414 0.90641
035 14938 35.216922 34.971729 0.90317 0.90530
036 14997 35.143217 34.937899 0.90271 0.90499
037 14998 35.331877 35.076003 0.90479 0.90748
038 14972 35.169466 34.964538 0.90391 0.90522
039 14938 35.493635 35.260953 0.90782 0.91070
040 14998 35.342159 35.170244 0.90481 0.90892
041 14981 35.975630 35.621506 0.91464 0.91831
042 14979 35.663416 35.413339 0.91224 0.91610
043 14975 35.875231 35.521555 0.91287 0.91716
044 14994 35.419458 35.224994 0.90874 0.90990
045 14985 35.576389 35.284457 0.90728 0.90982
046 14963 35.253803 35.009444 0.90389 0.90581
047 14997 35.346174 35.048148 0.90537 0.90686
048 14945 35.089945 34.931990 0.90166 0.90455
049 14975 35.186063 34.945097 0.90291 0.90475
050 14973 35.230897 35.038193 0.90438 0.90715
