002 2999 11.359370 12.244946 0.42171 0.46166
003 3000 12.333469 12.523940 0.45954 0.46300
004 2997 11.248951 12.320032 0.42152 0.46096
005 2997 12.256283 12.497081 0.45867 0.47036
006 2997 11.605265 12.375246 0.44133 0.46103
007 2994 11.920610 12.319071 0.45149 0.47054
008 2996 11.825153 12.427444 0.44620 0.46560
009 2998 11.992846 12.398238 0.44631 0.46525
010 3000 11.550439 12.419454 0.43874 0.46174
011 2999 11.940564 12.394990 0.45241 0.47377
012 2995 11.664069 12.374723 0.44488 0.47305
013 2995 11.946557 12.378518 0.45326 0.47349
014 2994 11.925943 12.414474 0.45413 0.47498
015 3000 11.748032 12.336405 0.43980 0.46774
016 2998 11.893788 12.407420 0.44392 0.45840
017 2997 12.070048 12.434574 0.45462 0.47511
018 2997 11.646995 12.354381 0.44374 0.47197
019 2994 11.960112 12.360561 0.45407 0.47262
020 2995 11.655546 12.365171 0.44424 0.47255
021 2997 12.001541 12.493483 0.44771 0.47054
022 2998 11.661787 12.240693 0.44439 0.46374
023 2994 12.307715 12.547590 0.46367 0.47503
024 2996 11.841068 12.465439 0.44864 0.46871
025 2994 12.147591 12.401764 0.46253 0.47505
026 2995 12.034336 12.694636 0.44744 0.46783
027 2994 12.146022 12.398333 0.45947 0.47200
028 2999 11.811857 12.550534 0.44470 0.47280
029 2994 12.152500 12.403483 0.45888 0.47118
030 2995 11.608323 12.414742 0.44067 0.47384
031 2997 11.800464 12.414249 0.44332 0.47229
032 2995 12.297139 12.682280 0.46669 0.47819
033 2998 11.880717 12.484927 0.44805 0.47565
034 2995 12.119237 12.488524 0.46493 0.47641
035 3000 11.838293 12.562807 0.44007 0.47092
036 2996 12.122146 12.491848 0.46339 0.47493
037 2998 11.671204 12.425973 0.43757 0.47282
038 2995 12.124622 12.494016 0.46454 0.47608
039 2998 11.912875 12.477596 0.44790 0.47842
040 3000 11.895681 12.509397 0.44948 0.46876
041 2995 12.054168 12.455187 0.46112 0.48008
042 2999 11.911210 12.526679 0.45250 0.47185
043 2997 11.905325 12.536296 0.45075 0.47366
044 2998 11.884989 12.637201 0.44659 0.47483
045 2998 12.190929 12.421729 0.46360 0.47490
046 3000 11.881072 12.632749 0.44474 0.47285
047 2994 12.194183 12.650187 0.46208 0.47289
048 2995 12.035789 12.817477 0.44889 0.47698
049 2999 12.232494 12.893740 0.45498 0.47113
050 3000 11.905771 12.662325 0.44526 0.47331
