002 8994 28.686693 28.704532 0.77624 0.78094
003 8994 28.738752 28.625805 0.77755 0.77968
004 8974 28.716361 28.675105 0.77681 0.78142
005 8991 28.838981 28.726515 0.78273 0.78372
006 8996 28.756549 28.684492 0.78070 0.78242
007 8998 28.825344 28.717338 0.78197 0.78271
008 8984 28.795631 28.687412 0.78147 0.78187
009 8990 28.829812 28.692519 0.78215 0.78254
010 8981 28.907837 28.843365 0.78125 0.78399
011 8980 28.854765 28.794031 0.78152 0.78353
012 9000 28.879057 28.764596 0.78230 0.78228
013 8994 28.880166 28.765007 0.78119 0.78180
014 8995 28.800092 28.724740 0.78140 0.78261
015 8989 28.839552 28.721620 0.78212 0.78262
016 8993 28.896502 28.766484 0.78278 0.78248
017 8991 28.796402 28.682731 0.77829 0.77966
018 8994 28.786206 28.647611 0.77969 0.78006
019 8978 28.768113 28.651166 0.77915 0.78019
020 8994 28.777321 28.696467 0.77760 0.77940
021 8988 28.859657 28.740133 0.78057 0.78130
022 8994 28.860833 28.732334 0.77956 0.78066
023 8996 28.870539 28.743522 0.78134 0.78175
024 8986 28.859521 28.742051 0.78050 0.78213
025 8986 28.893476 28.765994 0.78300 0.78311
026 8979 28.708776 28.613515 0.77372 0.77516
027 8965 28.726805 28.634792 0.77645 0.77756
028 8995 28.709734 28.609806 0.77392 0.77405
029 8998 28.711010 28.635302 0.77569 0.77750
030 8980 28.879534 28.712485 0.77873 0.77680
031 8972 28.691276 28.572664 0.77393 0.77411
032 8979 28.771671 28.697630 0.77779 0.77963
033 8983 28.805914 28.679316 0.77626 0.77516
034 8987 28.755386 28.673781 0.77534 0.77657
035 9000 28.709473 28.599988 0.77617 0.77615
036 8997 28.697106 28.653546 0.77407 0.77612
037 8988 28.763269 28.667598 0.77813 0.77932
038 8979 28.740360 28.641231 0.77693 0.77645
039 8974 28.862944 28.762585 0.78182 0.78305
040 8981 28.753881 28.667297 0.77693 0.77900
041 8964 29.125025 29.039049 0.78907 0.78974
042 8974 29.004321 28.905937 0.78298 0.78579
043 8962 29.027447 28.910286 0.78328 0.78547
044 8982 28.846497 28.789378 0.77917 0.78094
045 8988 28.876794 28.770206 0.78055 0.78135
046 8995 28.834072 28.746578 0.77741 0.77870
047 8996 28.833129 28.733373 0.77854 0.77943
048 8986 28.715403 28.603565 0.77457 0.77441
049 8989 28.744839 28.647716 0.77595 0.77522
050 8973 28.778408 28.684228 0.77616 0.77769
