002 10973 31.393379 31.106051 0.84088 0.84646
003 10993 31.490877 31.211801 0.84611 0.84706
004 10984 31.451298 31.172176 0.84286 0.84716
005 10982 31.490517 31.191419 0.84712 0.84755
006 10966 31.500184 31.168998 0.84321 0.84767
007 10991 31.470185 31.183196 0.84797 0.84881
008 10960 31.499306 31.185917 0.84262 0.84689
009 10978 31.484704 31.173322 0.84736 0.84727
010 10977 31.598391 31.249207 0.84455 0.84870
011 10997 31.537284 31.225093 0.84837 0.84851
012 10992 31.590158 31.230192 0.84496 0.84840
013 10988 31.552798 31.263632 0.84736 0.84848
014 10993 31.608039 31.208998 0.84443 0.84746
015 10988 31.567798 31.198103 0.84690 0.84709
016 10981 31.506375 31.196266 0.84318 0.84754
017 10981 31.585393 31.211980 0.84700 0.84728
018 10990 31.523741 31.219113 0.84301 0.84623
019 10998 31.574480 31.202794 0.84670 0.84717
020 10990 31.576758 31.284946 0.84315 0.84758
021 10986 31.531843 31.179605 0.84609 0.84648
022 10970 31.455916 31.163553 0.84287 0.84650
023 10972 31.571794 31.201488 0.84530 0.84603
024 10974 31.545328 31.197808 0.84365 0.84642
025 10990 31.611501 31.264499 0.85002 0.84939
026 10992 31.392468 31.097729 0.83819 0.84428
027 10992 31.446396 31.118832 0.84213 0.84425
028 10999 31.374568 31.097128 0.84016 0.84307
029 10975 31.309576 30.981983 0.84016 0.84224
030 10963 31.406356 31.116229 0.84429 0.84749
031 10955 31.330893 31.040777 0.84046 0.84229
032 10996 31.587461 31.188378 0.84668 0.84833
033 10978 31.371043 31.069194 0.84215 0.84408
034 10998 31.387435 31.100376 0.84198 0.84472
035 10998 31.393486 31.036429 0.84109 0.84285
036 10999 31.328144 31.050834 0.84005 0.84356
037 10999 31.448078 31.136418 0.84299 0.84448
038 10991 31.361147 31.007318 0.83846 0.84156
039 10964 31.538889 31.249538 0.84507 0.84782
040 10977 31.440285 31.124115 0.84169 0.84473
041 10976 31.928682 31.632848 0.85250 0.85731
042 10976 31.793225 31.503619 0.85077 0.85390
043 10970 31.821134 31.498769 0.85231 0.85403
044 10991 31.591749 31.275214 0.84462 0.84740
045 10991 31.627135 31.318279 0.84616 0.84803
046 11000 31.415615 31.105523 0.84094 0.84392
047 10981 31.502049 31.165705 0.84125 0.84492
048 10976 31.320317 31.040500 0.83848 0.84190
049 10996 31.362121 31.039913 0.84127 0.84311
050 10980 31.381283 31.169315 0.84253 0.84568
