002 15978 36.264185 35.934609 0.91576 0.92130
003 15962 36.270430 35.935809 0.91739 0.92117
004 15991 36.428867 36.025581 0.91776 0.92125
005 15970 36.248899 35.970865 0.91640 0.92139
006 15998 36.382660 36.066009 0.91660 0.92125
007 15972 36.267720 35.988994 0.91744 0.92195
008 15975 36.321689 36.021969 0.91586 0.92156
009 15957 36.292915 35.955946 0.91756 0.92070
010 15996 36.316638 36.020473 0.91645 0.92117
011 15971 36.235907 36.006144 0.91578 0.92106
012 15996 36.286476 36.017071 0.91698 0.92152
013 15976 36.286164 36.000038 0.91703 0.92162
014 15966 36.303767 36.026299 0.91628 0.92073
015 15985 36.257926 35.987792 0.91695 0.92126
016 15962 36.266197 35.917011 0.91438 0.92028
017 15989 36.272214 35.961842 0.91823 0.92162
018 15979 36.242122 35.962352 0.91375 0.92014
019 15982 36.276455 36.000393 0.91714 0.91966
020 15987 36.265507 36.015603 0.91607 0.92113
021 15991 36.311454 35.980773 0.91844 0.92045
022 15972 36.173666 35.946511 0.91424 0.91939
023 15969 36.272954 35.982410 0.91555 0.91983
024 15998 36.318801 35.991336 0.91648 0.92033
025 15987 36.270782 36.074208 0.91906 0.92288
026 15973 36.041632 35.745601 0.91268 0.91743
027 15952 36.057571 35.826152 0.91291 0.91717
028 15996 36.083298 35.746776 0.91190 0.91706
029 15987 35.998710 35.737561 0.91216 0.91713
030 15968 36.213714 35.869393 0.91436 0.91914
031 16000 36.080315 35.728446 0.91334 0.91764
032 15995 36.357721 36.040374 0.91609 0.92171
033 15987 36.052255 35.789362 0.91265 0.91645
034 15960 36.038787 35.721685 0.91168 0.91764
035 15995 36.059222 35.747366 0.91279 0.91726
036 15967 35.956154 35.662930 0.90980 0.91654
037 15982 36.170546 35.850388 0.91507 0.91929
038 15988 36.110209 35.714945 0.91112 0.91680
039 15975 36.453794 36.137128 0.91777 0.92271
040 15981 36.206200 35.941825 0.91456 0.91945
041 15973 36.767091 36.512492 0.92243 0.92753
042 15990 36.650475 36.220615 0.92105 0.92488
043 15957 36.742622 36.364248 0.92156 0.92639
044 15967 36.338656 36.016956 0.91719 0.92140
045 15985 36.422612 36.115116 0.91746 0.92180
046 15972 36.096014 35.809840 0.91216 0.91859
047 15960 36.189053 35.795676 0.91491 0.91887
048 15984 35.978204 35.737846 0.91108 0.91700
049 15970 35.994317 35.699253 0.91106 0.91695
050 15959 36.046874 35.757937 0.91210 0.91755
