002 16992 37.014475 36.999394 0.92661 0.92643
003 16983 37.003399 36.986765 0.92628 0.92610
004 16987 37.102191 37.078325 0.92660 0.92626
005 16970 37.029609 37.029609 0.92637 0.92637
006 16995 37.062038 37.044212 0.92639 0.92643
007 16969 37.003704 37.003704 0.92694 0.92694
008 16998 37.067628 37.045439 0.92659 0.92641
009 16998 37.005049 36.984455 0.92580 0.92558
010 16966 36.992583 36.992583 0.92586 0.92586
011 16990 37.028166 37.010855 0.92584 0.92577
012 16988 36.993695 36.975088 0.92630 0.92604
013 16954 37.035704 37.015650 0.92662 0.92638
014 16975 37.045101 37.045101 0.92578 0.92578
015 16998 37.034765 37.018147 0.92624 0.92606
016 16977 36.972846 36.972846 0.92514 0.92514
017 16979 37.029318 37.029318 0.92668 0.92668
018 16965 37.013415 37.013415 0.92513 0.92513
019 16963 37.006862 37.006862 0.92470 0.92470
020 16976 37.008702 36.990661 0.92569 0.92543
021 16966 37.016377 37.016377 0.92526 0.92526
022 16960 36.983562 36.983562 0.92462 0.92462
023 16978 37.044393 37.044393 0.92468 0.92468
024 16997 37.017646 36.996070 0.92524 0.92502
025 16963 37.113416 37.089210 0.92772 0.92744
026 16966 36.848799 36.761797 0.92192 0.92257
027 16988 36.858002 36.866145 0.92221 0.92223
028 16984 36.828454 36.787203 0.92193 0.92238
029 16984 36.818960 36.716724 0.92192 0.92226
030 16997 36.933312 36.933312 0.92457 0.92457
031 16997 36.836954 36.753963 0.92218 0.92240
032 16964 37.059273 37.039341 0.92639 0.92617
033 16987 36.850817 36.796574 0.92122 0.92156
034 16996 36.840872 36.821380 0.92247 0.92296
035 16970 36.851046 36.740310 0.92132 0.92209
036 16997 36.786659 36.701437 0.92140 0.92194
037 16979 36.929390 36.866996 0.92353 0.92384
038 16986 36.822878 36.740941 0.92188 0.92245
039 16982 37.171285 37.145339 0.92746 0.92733
040 17000 36.995879 36.977756 0.92432 0.92426
041 16997 37.547862 37.516789 0.93258 0.93283
042 16906 37.297222 37.267092 0.92971 0.92977
043 16991 37.484670 37.426235 0.93192 0.93189
044 16958 37.096777 37.096777 0.92632 0.92632
045 16979 37.142850 37.124160 0.92657 0.92654
046 16980 36.884439 36.824382 0.92296 0.92318
047 16984 36.918326 36.887227 0.92408 0.92421
048 16996 36.845627 36.779733 0.92213 0.92225
049 16983 36.788129 36.694108 0.92116 0.92172
050 16977 36.869530 36.809028 0.92211 0.92235
