002 1338 10.044504 10.044504 0.37557 0.37557
003 1329 9.926523 9.926523 0.36906 0.36906
004 2000 10.560758 10.560758 0.39935 0.39935
005 1999 10.569835 10.569835 0.39990 0.39990
006 1998 10.576904 10.576904 0.40033 0.40033
007 1326 9.955011 9.955011 0.37150 0.37150
008 1335 10.068533 10.068533 0.37103 0.37103
009 2000 10.592257 10.592257 0.40148 0.40148
010 1326 9.965972 9.965972 0.37250 0.37250
011 1333 10.079048 10.079048 0.37207 0.37207
012 1997 10.600889 10.600889 0.40277 0.40277
013 1327 9.972468 9.972468 0.37355 0.37355
014 1335 10.103912 10.103912 0.38170 0.38170
015 2000 10.606288 10.606288 0.40355 0.40355
016 1341 10.230568 10.230568 0.38154 0.38154
017 1340 10.231777 10.231777 0.38113 0.38113
018 1340 10.169456 10.169456 0.37347 0.37347
019 1995 10.669515 10.669515 0.40271 0.40271
020 1330 9.983877 9.983877 0.37427 0.37427
021 1336 10.118791 10.118791 0.38253 0.38253
022 1999 10.625029 10.625029 0.40399 0.40399
023 1335 10.123824 10.123824 0.38285 0.38285
024 1997 10.499233 10.499233 0.39754 0.39754
025 1337 10.128174 10.128174 0.38382 0.38382
026 1996 10.746831 10.746831 0.40913 0.40913
027 1325 9.960414 9.960414 0.37085 0.37085
028 1333 10.101094 10.101094 0.37259 0.37259
029 1999 10.675527 10.675527 0.40803 0.40803
030 1340 10.247860 10.247860 0.38926 0.38926
031 1338 10.215663 10.215663 0.37972 0.37972
032 1997 10.611353 10.611353 0.39505 0.39505
033 1331 10.141910 10.141910 0.38164 0.38164
034 1334 10.145503 10.145503 0.38231 0.38231
035 1335 10.146634 10.146634 0.38151 0.38151
036 1999 10.656002 10.656002 0.40228 0.40228
037 1335 10.153837 10.153837 0.38254 0.38254
038 1335 10.155453 10.155453 0.38161 0.38161
039 1336 10.163729 10.163729 0.38554 0.38554
040 1995 10.669904 10.669904 0.40499 0.40499
041 1997 10.685146 10.685146 0.41078 0.41078
042 1319 9.861915 9.861915 0.37008 0.37008
043 1994 10.662568 10.662568 0.40903 0.40903
044 1994 10.659328 10.659328 0.40514 0.40514
045 1997 10.781059 10.781059 0.41316 0.41316
046 1341 10.261832 10.261832 0.38920 0.38920
047 1339 10.264875 10.264875 0.38968 0.38968
048 1337 10.265345 10.265345 0.38881 0.38881
049 1341 10.267867 10.267867 0.38920 0.38920
050 1342 10.271566 10.271566 0.39069 0.39069
