002 5998 21.828963 22.048755 0.59409 0.60790
003 6000 20.041699 21.865432 0.59404 0.61456
004 5986 21.378524 21.691757 0.59959 0.61547
005 5998 20.114267 21.924163 0.59719 0.62090
006 5990 21.463058 21.620648 0.59943 0.60898
007 6000 20.059546 21.762903 0.59556 0.61176
008 6000 21.668447 21.812801 0.60237 0.61041
009 5996 19.923221 22.133305 0.59512 0.61274
010 5998 21.672985 22.009890 0.60180 0.61700
011 5986 20.187171 21.952503 0.60086 0.61631
012 5992 21.605841 21.767230 0.60142 0.61291
013 5999 20.181890 22.014942 0.60082 0.61562
014 5997 21.580471 21.676736 0.60054 0.61163
015 5996 20.060627 21.862330 0.59588 0.61299
016 5994 21.553040 21.694382 0.59946 0.61155
017 6000 20.141898 21.948879 0.59799 0.61534
018 5995 21.628382 21.682820 0.59811 0.61143
019 5998 19.271859 20.691574 0.58979 0.60831
020 5997 21.536907 20.639287 0.59368 0.60483
021 6000 20.127516 21.385997 0.59603 0.60842
022 5995 20.388643 21.653192 0.58879 0.60761
023 6000 20.076991 20.651389 0.59088 0.60445
024 5999 20.304141 21.587696 0.58465 0.60499
025 5995 19.985310 20.717000 0.58942 0.60830
026 5998 20.340537 21.612265 0.58263 0.60187
027 6000 20.979254 20.599486 0.59470 0.59952
028 5999 20.314805 21.534726 0.58223 0.60177
029 5998 20.939748 21.599009 0.59139 0.60068
030 5996 19.666269 20.676866 0.58688 0.60273
031 5994 20.944639 20.573173 0.59189 0.59560
032 5984 20.059405 21.151348 0.58244 0.60082
033 5991 20.866288 21.167385 0.58704 0.59888
034 5980 20.174120 20.246404 0.58198 0.59565
035 5998 21.005416 21.296768 0.59090 0.60039
036 5987 20.015644 21.090601 0.57590 0.59362
037 5991 19.920216 21.375712 0.58740 0.60300
038 5990 20.067896 21.227528 0.58096 0.60026
039 5969 19.838450 20.470752 0.58492 0.59681
040 5984 20.539269 20.596452 0.58840 0.59889
041 5983 21.045548 21.799616 0.60004 0.60993
042 5996 20.614520 21.765411 0.59659 0.61019
043 5997 19.863744 20.713944 0.59464 0.60061
044 5998 20.403243 21.694703 0.58404 0.60701
045 5987 21.023312 20.586884 0.59440 0.59946
046 5994 20.651846 20.549674 0.58874 0.59631
047 6000 20.369374 21.765637 0.59154 0.60439
048 5996 20.653744 21.889430 0.58823 0.60696
049 5999 21.087380 21.904906 0.59409 0.60773
050 5994 20.408675 21.635733 0.58393 0.60247
