002 12984 33.550915 33.369968 0.87835 0.88830
003 12997 33.634386 33.367226 0.88185 0.88926
004 12987 33.551115 33.402126 0.87763 0.88971
005 12994 33.663054 33.375679 0.88041 0.88895
006 12982 33.629695 33.407400 0.88144 0.88956
007 12967 33.601263 33.363306 0.88010 0.88874
008 12988 33.683616 33.409888 0.88091 0.88941
009 13000 33.641562 33.358134 0.88070 0.88984
010 12962 33.599928 33.373371 0.88041 0.88992
011 12993 33.616581 33.426090 0.88195 0.88877
012 12990 33.522149 33.380406 0.87865 0.88813
013 12977 33.605631 33.431330 0.88145 0.88868
014 12995 33.611158 33.413834 0.87935 0.88865
015 12979 33.617136 33.388826 0.88194 0.88874
016 12994 33.676267 33.400955 0.87984 0.88852
017 13000 33.645926 33.468205 0.88208 0.88900
018 12982 33.608132 33.360041 0.87918 0.88757
019 12993 33.562207 33.388665 0.88096 0.88755
020 12950 33.638894 33.418377 0.88002 0.88781
021 12994 33.603328 33.435187 0.88077 0.88876
022 12992 33.606882 33.385873 0.87763 0.88724
023 12994 33.596653 33.461549 0.87989 0.88829
024 12995 33.623084 33.392575 0.87837 0.88796
025 12981 33.673783 33.467141 0.88341 0.89058
026 12965 33.439893 33.210887 0.87515 0.88308
027 12980 33.434241 33.259475 0.87845 0.88344
028 13000 33.438297 33.260310 0.87358 0.88482
029 12960 33.330437 33.159717 0.87770 0.88278
030 12993 33.538661 33.265473 0.87886 0.88695
031 12997 33.425380 33.260276 0.87754 0.88506
032 12985 33.626972 33.392015 0.87988 0.88976
033 12976 33.404768 33.225096 0.87785 0.88355
034 12995 33.433908 33.233066 0.87707 0.88631
035 12979 33.471448 33.180972 0.87846 0.88197
036 12995 33.364818 33.193369 0.87407 0.88239
037 12967 33.529518 33.306769 0.87898 0.88386
038 12984 33.427990 33.205732 0.87368 0.88148
039 12995 33.732560 33.538038 0.88394 0.89076
040 12986 33.533007 33.335135 0.87724 0.88656
041 12964 33.997389 33.921646 0.89069 0.89760
042 12991 33.908089 33.671251 0.88791 0.89526
043 12989 33.956080 33.813445 0.88940 0.89697
044 12970 33.612318 33.420172 0.88062 0.88972
045 12954 33.616013 33.465417 0.88193 0.88882
046 12964 33.508754 33.250543 0.87594 0.88464
047 12995 33.455527 33.362447 0.87825 0.88578
048 12991 33.428216 33.196403 0.87313 0.88270
049 12986 33.289558 33.167550 0.87605 0.88319
050 12999 33.540529 33.291680 0.87663 0.88438
