002 17991 37.576850 37.482134 0.93181 0.93475
003 17992 37.574287 37.482079 0.93172 0.93475
004 17867 37.569052 37.510851 0.93041 0.93388
005 17943 37.555563 37.465591 0.93194 0.93414
006 17976 37.640473 37.532747 0.93070 0.93486
007 17986 37.575584 37.486684 0.93326 0.93450
008 17961 37.595401 37.528675 0.93131 0.93479
009 17889 37.503687 37.428862 0.93084 0.93330
010 17955 37.536983 37.469267 0.93125 0.93400
011 17891 37.530340 37.423457 0.93081 0.93315
012 4858 15.664184 15.664184 0.52774 0.52774
013 17976 37.602505 37.506836 0.93160 0.93471
014 17972 37.594729 37.502831 0.93144 0.93435
015 17999 37.575830 37.497733 0.93125 0.93430
016 17986 37.521486 37.446537 0.93100 0.93344
017 17844 37.482944 37.423117 0.93081 0.93385
018 17963 37.565222 37.498479 0.93096 0.93379
019 17944 37.537908 37.485496 0.92915 0.93394
020 17999 37.597076 37.491772 0.93197 0.93425
021 4875 15.967678 15.967678 0.51958 0.51958
022 17943 37.531895 37.452875 0.92956 0.93350
023 17960 37.633420 37.512901 0.93076 0.93393
024 17972 37.606834 37.489311 0.93025 0.93418
025 17996 37.731338 37.593383 0.93314 0.93620
026 17997 37.425872 37.309083 0.92790 0.93122
027 17980 37.410169 37.343381 0.92704 0.93123
028 17946 37.339975 37.288312 0.92790 0.93055
029 17983 37.344847 37.268697 0.92796 0.92983
030 17921 37.449608 37.387894 0.93014 0.93291
031 17968 37.351646 37.283788 0.92840 0.93031
032 17988 37.645612 37.558381 0.93167 0.93477
033 17980 37.401661 37.305215 0.92770 0.92976
034 17965 37.395585 37.313092 0.92777 0.93165
035 17973 37.395036 37.305201 0.92791 0.92914
036 17860 37.224219 37.168518 0.92715 0.92808
037 17868 37.404282 37.338932 0.92903 0.93041
038 17989 37.370984 37.270761 0.92760 0.93028
039 4856 15.790615 15.790615 0.52250 0.52250
040 17963 37.516679 37.432504 0.92924 0.93251
041 17970 38.118322 38.038536 0.93752 0.94133
042 17926 37.935057 37.805043 0.93574 0.93788
043 17994 38.091137 37.974520 0.93763 0.94067
044 17948 37.667031 37.572115 0.93155 0.93458
045 17983 37.721743 37.614173 0.93263 0.93506
046 4874 15.871175 15.871175 0.52265 0.52265
047 17972 37.472819 37.357912 0.92911 0.93204
048 17972 37.365247 37.299638 0.92802 0.92963
049 4873 16.078082 16.078082 0.52234 0.52234
050 17989 37.437460 37.377308 0.92767 0.93127
