002 4100 13.893650 13.893650 0.49822 0.49822
003 4109 14.099337 14.099337 0.50229 0.50229
004 4095 13.838794 13.838794 0.49824 0.49824
005 4110 14.131884 14.131884 0.49659 0.49659
006 4103 13.831208 13.831208 0.49409 0.49409
007 4109 13.999701 13.999701 0.49740 0.49740
008 4098 13.826719 13.826719 0.49646 0.49646
009 4101 13.881771 13.881771 0.49759 0.49759
010 13967 34.643085 34.514254 0.89833 0.89881
011 4107 14.071739 14.071739 0.49961 0.49961
012 4096 13.869783 13.869783 0.49859 0.49859
013 4102 13.890625 13.890625 0.49615 0.49615
014 4104 13.961241 13.961241 0.49862 0.49862
015 4100 13.904361 13.904361 0.49608 0.49608
016 4102 13.898150 13.898150 0.49624 0.49624
017 4104 13.982026 13.982026 0.49781 0.49781
018 4096 13.770730 13.770730 0.49467 0.49467
019 4104 13.928812 13.928812 0.49716 0.49716
020 4110 13.951119 13.951119 0.49659 0.49659
021 4104 13.990734 13.990734 0.49980 0.49980
022 4104 13.975011 13.975011 0.50186 0.50186
023 13974 34.588523 34.465112 0.89640 0.89667
024 4100 13.936286 13.936286 0.49652 0.49652
025 4096 13.942342 13.942342 0.50277 0.50277
026 4110 14.092428 14.092428 0.49815 0.49815
027 4115 14.154048 14.154048 0.49674 0.49674
028 4111 14.127369 14.127369 0.49695 0.49695
029 4112 14.157101 14.157101 0.49665 0.49665
030 4108 14.147551 14.147551 0.49988 0.49988
031 4102 13.917631 13.917631 0.49503 0.49503
032 4094 14.017402 14.017402 0.50089 0.50089
033 4103 14.190714 14.190714 0.49854 0.49854
034 4112 14.275696 14.275696 0.50189 0.50189
035 4114 14.290212 14.290212 0.50074 0.50074
036 4107 14.051633 14.051633 0.49742 0.49742
037 4107 14.109151 14.109151 0.50340 0.50340
038 4106 14.040219 14.040219 0.49893 0.49893
039 4096 14.055244 14.055244 0.50555 0.50555
040 4100 14.039944 14.039944 0.49840 0.49840
041 13974 35.076951 35.065215 0.90475 0.90494
042 13997 34.905618 34.905618 0.90310 0.90310
043 4085 13.883526 13.883526 0.50638 0.50638
044 4105 14.183322 14.183322 0.49943 0.49943
045 4100 13.988794 13.988794 0.49849 0.49849
046 4112 14.192561 14.192561 0.49819 0.49819
047 4102 14.143930 14.143930 0.49901 0.49901
048 4100 14.152566 14.152566 0.49916 0.49916
049 4114 14.363741 14.363741 0.50214 0.50214
050 4109 14.241938 14.241938 0.49982 0.49982
