002 1996 10.458641 10.458641 0.39648 0.39648
003 3997 14.099337 14.099337 0.50229 0.50229
004 3997 13.838794 13.838794 0.49824 0.49824
005 1999 10.569835 10.569835 0.39990 0.39990
006 3998 13.831208 13.831208 0.49409 0.49409
007 1998 10.583596 10.583596 0.40105 0.40105
008 4000 13.826719 13.826719 0.49646 0.49646
009 2000 10.592257 10.592257 0.40148 0.40148
010 3994 13.919690 13.919690 0.49916 0.49916
011 1997 10.598694 10.598694 0.40209 0.40209
012 1997 10.600889 10.600889 0.40277 0.40277
013 1999 10.603389 10.603389 0.40293 0.40293
014 1993 10.524667 10.524667 0.40269 0.40269
015 2000 10.606288 10.606288 0.40355 0.40355
016 1997 10.608560 10.608560 0.40336 0.40336
017 1998 10.666102 10.666102 0.40220 0.40220
018 2002 10.671915 10.671915 0.39872 0.39872
019 3999 13.928812 13.928812 0.49716 0.49716
020 2001 10.601083 10.601083 0.39462 0.39462
021 1997 10.620846 10.620846 0.40390 0.40390
022 1999 10.625029 10.625029 0.40399 0.40399
023 1997 10.626968 10.626968 0.40413 0.40413
024 3995 13.936286 13.936286 0.49652 0.49652
025 3998 13.942342 13.942342 0.50277 0.50277
026 3998 13.899376 14.092428 0.48923 0.49815
027 3996 14.154048 14.154048 0.49674 0.49674
028 3999 14.127369 14.127369 0.49695 0.49695
029 1999 10.675527 10.675527 0.40803 0.40803
030 3996 14.147551 14.147551 0.49988 0.49988
031 3997 13.917631 13.917631 0.49503 0.49503
032 3996 14.017402 14.017402 0.50089 0.50089
033 2005 10.857403 10.857403 0.41026 0.41026
034 4000 14.275696 14.275696 0.50189 0.50189
035 1996 10.651982 10.651982 0.40285 0.40285
036 1999 10.656002 10.656002 0.40228 0.40228
037 1993 10.579851 10.579851 0.40363 0.40363
038 1993 10.581425 10.581425 0.40254 0.40254
039 1994 10.631348 10.631348 0.39620 0.39620
040 1995 10.669904 10.669904 0.40499 0.40499
041 3998 14.056575 14.056575 0.50549 0.50549
042 2002 10.781142 10.781142 0.41534 0.41534
043 3994 13.883526 13.883526 0.50638 0.50638
044 1994 10.659328 10.659328 0.40514 0.40514
045 2004 10.781059 10.781059 0.41316 0.41316
046 4000 14.192561 14.192561 0.49819 0.49819
047 3997 14.143930 14.143930 0.49901 0.49901
048 2005 10.902164 10.902164 0.41311 0.41311
049 3995 14.363741 14.363741 0.50214 0.50214
050 2004 10.790947 10.790947 0.41284 0.41284
