002 4864 16.045717 16.045717 0.51875 0.51875
003 18994 38.211096 37.958571 0.93703 0.94129
004 4872 16.138526 16.138526 0.52659 0.52659
005 4876 16.100612 16.100612 0.52388 0.52388
006 18982 38.225100 38.032693 0.93678 0.94175
007 18920 38.169758 37.971787 0.93891 0.94121
008 4875 15.991152 15.991152 0.52281 0.52281
009 4872 15.920609 15.920609 0.52800 0.52800
010 18947 38.158982 37.950749 0.93638 0.94040
011 18917 38.142297 37.920818 0.93763 0.93987
012 4858 15.664184 15.664184 0.52774 0.52774
013 18950 38.193872 37.972022 0.93720 0.94105
014 18989 38.166511 37.993885 0.93769 0.94081
015 18988 38.251649 38.004166 0.93753 0.94086
016 4848 15.606807 15.606807 0.52362 0.52362
017 18956 38.184839 37.939173 0.93694 0.94059
018 4871 15.968613 15.968613 0.52056 0.52056
019 18992 38.213461 38.019029 0.93599 0.94085
020 18976 38.171431 37.975236 0.93770 0.94107
021 4875 15.967678 15.967678 0.51958 0.51958
022 4868 15.710618 15.710618 0.52584 0.52584
023 18990 38.221418 38.008617 0.93537 0.94067
024 4858 15.710199 15.710199 0.51530 0.51530
025 4854 15.721163 15.721163 0.51402 0.51402
026 4861 15.699309 15.699309 0.52387 0.52387
027 4865 15.703159 15.703159 0.52363 0.52363
028 4876 16.000259 16.000259 0.51448 0.51448
029 4870 15.801626 15.801626 0.51403 0.51403
030 4858 15.712938 15.712938 0.52519 0.52519
031 4882 16.039938 16.039938 0.51858 0.51858
032 4866 15.869499 15.869499 0.52979 0.52979
033 4883 16.172894 16.172894 0.52470 0.52470
034 4879 16.099180 16.099180 0.52184 0.52184
035 4884 16.162511 16.162511 0.52367 0.52367
036 4879 16.031500 16.031500 0.51482 0.51482
037 18976 38.083839 37.860045 0.93373 0.93846
038 18970 37.959125 37.720129 0.93514 0.93671
039 4856 15.790615 15.790615 0.52250 0.52250
040 4876 15.951145 15.951145 0.51828 0.51828
041 4846 15.670574 15.670574 0.52179 0.52179
042 18976 38.615853 38.343200 0.94056 0.94431
043 19000 38.724631 38.520778 0.94202 0.94609
044 4845 15.626998 15.626998 0.52340 0.52340
045 4858 15.769702 15.769702 0.51960 0.51960
046 4874 15.871175 15.871175 0.52265 0.52265
047 18975 38.058098 37.858641 0.93354 0.93876
048 18954 37.937696 37.759868 0.93438 0.93680
049 18978 37.919855 37.725286 0.93393 0.93649
050 18961 38.027407 37.834854 0.93409 0.93775
