002 19961 38.880121 38.701836 0.94291 0.94550
003 19937 38.857830 38.674499 0.94260 0.94519
004 19966 38.914105 38.724360 0.94414 0.94558
005 20000 38.954649 38.755322 0.94290 0.94567
006 19984 38.929334 38.757272 0.94412 0.94560
007 19970 38.943986 38.750570 0.94338 0.94587
008 19985 38.924321 38.742963 0.94357 0.94544
009 19991 38.913419 38.727529 0.94317 0.94510
010 19996 38.881759 38.738262 0.94265 0.94503
011 19992 38.938603 38.717802 0.94294 0.94502
012 19999 38.954132 38.733733 0.94287 0.94488
013 19973 38.896378 38.741812 0.94408 0.94518
014 19956 38.906886 38.738258 0.94146 0.94467
015 19988 38.979072 38.815750 0.94399 0.94484
016 19986 38.905429 38.754942 0.94161 0.94511
017 19990 38.889378 38.700208 0.94309 0.94460
018 20000 38.924011 38.704388 0.94300 0.94529
019 19966 38.874993 38.741991 0.94203 0.94488
020 19994 38.968255 38.753763 0.94343 0.94565
021 19976 38.912087 38.750167 0.94229 0.94474
022 19972 38.897483 38.716629 0.94145 0.94444
023 19988 38.940285 38.760744 0.94285 0.94532
024 19964 38.879366 38.732641 0.94284 0.94476
025 19990 39.058031 38.873592 0.94498 0.94608
026 19985 38.728442 38.496069 0.93909 0.94245
027 19966 38.698669 38.512197 0.93925 0.94241
028 19879 38.617481 38.418389 0.93975 0.94239
029 19976 38.612254 38.433610 0.94005 0.94186
030 19971 38.837174 38.650423 0.94100 0.94428
031 19936 38.629610 38.443146 0.93994 0.94237
032 19936 38.976169 38.807537 0.94259 0.94589
033 19997 38.684319 38.514528 0.94031 0.94248
034 19985 38.734557 38.561463 0.93989 0.94323
035 19967 38.624301 38.462720 0.93838 0.94221
036 19964 38.563591 38.350799 0.93888 0.94140
037 19967 38.765355 38.578679 0.94137 0.94340
038 19901 38.496653 38.361083 0.93897 0.94195
039 19995 39.112764 38.925619 0.94526 0.94628
040 19976 38.883104 38.697678 0.94048 0.94437
041 19996 39.521066 39.446842 0.94978 0.95017
042 19944 39.324723 39.150801 0.94727 0.94826
043 19970 39.448938 39.305539 0.94839 0.94943
044 19956 39.011487 38.800608 0.94294 0.94530
045 19990 38.990412 38.847448 0.94277 0.94539
046 19983 38.747596 38.540030 0.94057 0.94286
047 19967 38.765412 38.578605 0.94145 0.94293
048 19977 38.599690 38.477343 0.93802 0.94216
049 19933 38.589989 38.367564 0.94035 0.94122
050 19931 38.676823 38.523199 0.93906 0.94267
