002 996 9.514365 10.044504 0.34853 0.37557
003 1000 9.926523 9.926523 0.36906 0.36906
004 996 9.531989 9.935148 0.35105 0.36994
005 999 10.053750 10.053750 0.36995 0.36995
006 996 9.544775 10.059794 0.35202 0.37037
007 997 9.955011 9.955011 0.37150 0.37150
008 997 9.782413 10.068533 0.36039 0.37103
009 999 9.963024 9.963024 0.37211 0.37211
010 994 9.560272 9.965972 0.35376 0.37250
011 997 10.079048 10.079048 0.37207 0.37207
012 995 9.564393 10.081152 0.35467 0.37277
013 998 9.972468 9.972468 0.37355 0.37355
014 994 9.567434 10.103912 0.35500 0.38170
015 999 9.975481 9.975481 0.37416 0.37416
016 995 9.800641 10.230568 0.36292 0.38154
017 996 9.979013 10.231777 0.37365 0.38113
018 1000 9.745260 10.169456 0.35485 0.37347
019 998 9.981900 9.981900 0.37404 0.37404
020 997 9.576565 9.983877 0.35586 0.37427
021 1000 10.118791 10.118791 0.38253 0.38253
022 996 9.580014 10.122228 0.35613 0.38287
023 999 10.123824 10.123824 0.38285 0.38285
024 996 9.581699 9.991628 0.35641 0.37463
025 994 10.128174 10.128174 0.38382 0.38382
026 996 9.580695 10.125374 0.35452 0.38089
027 996 9.960414 9.960414 0.37085 0.37085
028 996 9.812981 10.101094 0.36216 0.37259
029 998 10.240550 10.240550 0.38705 0.38705
030 996 9.588512 10.247860 0.35645 0.38926
031 995 10.215663 10.215663 0.37972 0.37972
032 994 9.866767 10.112720 0.36845 0.37594
033 995 10.141910 10.141910 0.38164 0.38164
034 996 9.591378 10.145503 0.35592 0.38231
035 999 10.146634 10.146634 0.38151 0.38151
036 995 9.592488 10.150142 0.35475 0.38110
037 999 10.153837 10.153837 0.38254 0.38254
038 995 9.595443 10.155453 0.35525 0.38161
039 1000 10.163729 10.163729 0.38554 0.38554
040 995 9.599575 10.162706 0.35726 0.38357
041 999 10.175932 10.175932 0.38916 0.38916
042 995 9.588777 9.861915 0.35951 0.37008
043 998 10.153882 10.153882 0.38733 0.38733
044 995 9.584567 10.150552 0.35708 0.38363
045 998 10.105662 10.214141 0.37530 0.38214
046 996 9.963182 10.261832 0.37874 0.38920
047 996 9.860905 10.264875 0.36641 0.38968
048 994 10.265345 10.265345 0.38881 0.38881
049 995 9.589392 10.267867 0.35533 0.38920
050 994 10.161666 10.271566 0.38385 0.39069
