002 11992 32.628022 32.616831 0.86400 0.86451
003 12000 32.599226 32.595951 0.86345 0.86520
004 11972 32.603338 32.588456 0.86436 0.86416
005 11991 32.635379 32.613605 0.86458 0.86425
006 11989 32.652089 32.609750 0.86527 0.86522
007 12000 32.656581 32.621132 0.86629 0.86624
008 11972 32.659401 32.629989 0.86526 0.86433
009 11987 32.628608 32.596055 0.86599 0.86504
010 11984 32.657548 32.640600 0.86634 0.86669
011 11961 32.655372 32.655372 0.86480 0.86480
012 12000 32.642845 32.609872 0.86526 0.86525
013 11977 32.689656 32.657294 0.86486 0.86397
014 11989 32.664674 32.628317 0.86472 0.86380
015 11970 32.663975 32.629678 0.86517 0.86425
016 11994 32.667413 32.635360 0.86519 0.86516
017 11986 32.712574 32.674296 0.86522 0.86425
018 11992 32.647346 32.608373 0.86469 0.86362
019 11994 32.650142 32.610709 0.86419 0.86333
020 11985 32.714895 32.685029 0.86554 0.86546
021 11991 32.671383 32.631540 0.86437 0.86348
022 11982 32.632836 32.599529 0.86323 0.86241
023 11995 32.714847 32.676830 0.86439 0.86337
024 11980 32.631884 32.601215 0.86381 0.86301
025 11992 32.732422 32.692186 0.86694 0.86684
026 11996 32.515721 32.515721 0.86082 0.86082
027 11968 32.518566 32.518566 0.86011 0.86011
028 11982 32.517116 32.517116 0.85966 0.85966
029 12000 32.474903 32.455197 0.85999 0.85983
030 11964 32.530505 32.530505 0.86392 0.86392
031 11976 32.511473 32.511473 0.86068 0.86068
032 11999 32.684069 32.649841 0.86659 0.86641
033 11964 32.495807 32.495807 0.86104 0.86104
034 11975 32.497438 32.497438 0.86242 0.86242
035 11988 32.485076 32.467313 0.85972 0.85946
036 11968 32.493700 32.408692 0.85823 0.85923
037 11999 32.623652 32.591769 0.86190 0.86110
038 11997 32.525719 32.524556 0.85962 0.85954
039 11975 32.760088 32.734934 0.86667 0.86678
040 11994 32.628538 32.591993 0.86350 0.86267
041 11999 33.151381 33.113439 0.87447 0.87610
042 11948 32.892166 32.849421 0.87055 0.87052
043 11996 33.015829 32.950936 0.87207 0.87292
044 11989 32.685995 32.660544 0.86518 0.86536
045 11994 32.744105 32.704854 0.86586 0.86571
046 11995 32.550038 32.550038 0.86141 0.86141
047 11966 32.590371 32.590371 0.86104 0.86104
048 11993 32.473363 32.451108 0.85869 0.85855
049 11984 32.429548 32.429548 0.85980 0.85980
050 11985 32.590069 32.590069 0.86202 0.86202
