002 5000 16.133585 16.587719 0.52190 0.52787
003 4995 17.129360 16.711829 0.53255 0.53491
004 4997 17.042169 16.695276 0.53400 0.53579
005 4999 17.068106 16.652649 0.53030 0.53280
006 4999 16.549386 16.174067 0.53626 0.53411
007 4973 16.457052 16.419714 0.52738 0.52589
008 4970 16.412016 16.039784 0.52200 0.52504
009 4997 16.974122 16.421722 0.53720 0.53451
010 4999 16.641936 16.330286 0.52364 0.52809
011 4998 16.931303 16.416132 0.53349 0.53236
012 5000 16.508209 16.149933 0.53179 0.53455
013 5000 17.175588 16.057415 0.54081 0.52999
014 4997 16.753128 16.457295 0.52671 0.53211
015 5000 16.391798 16.332319 0.52815 0.52564
016 4993 16.508155 16.086578 0.52978 0.53048
017 4984 16.504549 16.463670 0.52957 0.52772
018 4999 16.921675 16.488499 0.52959 0.52880
019 4998 16.315664 16.368086 0.52509 0.52728
020 5000 16.283898 15.921763 0.52306 0.52476
021 4986 16.551314 16.486659 0.53072 0.52793
022 4963 16.139555 15.756384 0.52333 0.52802
023 4973 16.732666 16.225829 0.53558 0.53346
024 4989 16.530720 16.218502 0.51792 0.52419
025 4998 16.181156 16.232051 0.52052 0.52267
026 4992 16.542953 16.193391 0.52369 0.53072
027 4994 16.700606 16.218326 0.53288 0.53130
028 4976 16.444441 16.031017 0.51699 0.51579
029 4995 16.701149 16.321723 0.52038 0.52405
030 4998 16.125490 16.196425 0.52744 0.53156
031 4994 16.639982 16.558987 0.52935 0.52619
032 4998 16.736105 16.405702 0.52891 0.53766
033 4986 16.684177 16.204538 0.53243 0.52601
034 4998 17.054046 16.622001 0.52789 0.53045
035 4965 16.674399 16.181326 0.53156 0.52459
036 4994 16.962454 16.582640 0.52061 0.52500
037 4999 16.781326 16.401976 0.53246 0.53140
038 4985 16.626708 16.205083 0.52433 0.52387
039 5000 16.658600 16.308783 0.53165 0.53151
040 4999 16.373600 16.459547 0.51992 0.52584
041 4996 16.511386 16.618047 0.53166 0.53482
042 4999 16.697590 16.345880 0.53309 0.53526
043 4995 16.510281 16.590498 0.52604 0.53245
044 4999 16.417923 16.597690 0.52760 0.53415
045 4995 16.238441 16.288922 0.52723 0.52939
046 4982 16.456249 16.402157 0.53013 0.53279
047 5000 17.091004 16.608554 0.53174 0.53068
048 4998 16.626857 16.784228 0.52494 0.53203
049 4997 16.583059 16.604064 0.53016 0.53107
050 4995 16.965524 16.588261 0.52059 0.52632
