002 7975 26.962990 26.965734 0.73350 0.73829
003 7984 27.230149 27.156050 0.74047 0.74522
004 7964 26.990033 26.938227 0.73576 0.73977
005 7998 27.279830 27.316302 0.74360 0.74866
006 7987 27.170097 27.181610 0.73992 0.74629
007 7994 27.266334 27.155850 0.74368 0.74651
008 7994 27.238244 27.243864 0.74186 0.74740
009 7989 27.239902 27.219590 0.74211 0.74729
010 7999 27.277671 27.288651 0.74213 0.74754
011 7990 27.251426 27.330237 0.74219 0.74845
012 8000 27.244263 27.162409 0.74116 0.74595
013 7995 27.281372 27.258191 0.74162 0.74671
014 7999 27.260864 27.233209 0.74183 0.74738
015 7998 27.245997 27.150549 0.74141 0.74492
016 7972 27.251088 27.246944 0.74056 0.74680
017 7967 27.131485 27.095182 0.73690 0.74210
018 7994 27.270802 27.114803 0.74158 0.74307
019 7990 27.217053 27.107811 0.74048 0.74359
020 7979 27.136703 27.069243 0.73838 0.74111
021 7999 27.386858 27.077249 0.74515 0.74280
022 8000 27.168527 27.130994 0.73817 0.74253
023 7997 27.284211 27.202887 0.74078 0.74492
024 7998 27.174211 27.171681 0.73840 0.74329
025 7992 27.277175 27.203969 0.74142 0.74618
026 7995 27.180771 27.104708 0.73544 0.73908
027 7996 27.225383 27.080886 0.74021 0.74156
028 7988 27.067961 27.092557 0.73039 0.73670
029 7998 27.029821 27.104316 0.73217 0.73972
030 7980 27.112063 27.100716 0.73526 0.74091
031 7977 27.103751 26.807951 0.73475 0.73259
032 7981 27.058141 27.125729 0.73359 0.74208
033 7999 27.105832 27.074357 0.73588 0.74001
034 7993 27.119528 27.170180 0.73413 0.74089
035 7980 27.044508 26.905999 0.73220 0.73416
036 7988 27.049073 26.990033 0.73259 0.73655
037 8000 27.230051 27.182191 0.73890 0.74226
038 7985 27.182234 26.924295 0.73434 0.73504
039 7982 27.144803 27.149085 0.73765 0.74451
040 7974 27.022129 26.997525 0.73242 0.73962
041 8000 27.410725 27.440137 0.74561 0.75351
042 7996 27.299168 27.273773 0.74217 0.74667
043 7979 27.370576 27.323814 0.74387 0.74691
044 7988 27.193025 27.242152 0.73663 0.74467
045 8000 27.354302 27.247794 0.74281 0.74558
046 7999 27.264686 27.214178 0.73649 0.74203
047 7983 27.211480 27.230390 0.73663 0.74248
048 7996 27.193449 27.176965 0.73489 0.74139
049 7995 27.310190 27.183859 0.73938 0.74255
050 7980 27.165327 26.971483 0.73435 0.73598
