002 987 36.190461 23.875546 0.95853 0.69003
003 983 36.380333 23.879938 0.95642 0.69197
004 996 36.003454 23.896682 0.95249 0.69238
005 986 35.825847 23.884957 0.95069 0.69279
006 985 35.691526 23.900205 0.94813 0.69155
007 993 35.536765 23.892848 0.94662 0.69273
008 983 35.590967 23.890905 0.94608 0.69271
009 979 35.253577 23.883316 0.94430 0.69240
010 981 35.067576 23.893251 0.94173 0.69089
011 992 34.828927 23.890071 0.94153 0.69141
012 986 34.412475 23.876554 0.93855 0.69263
013 986 34.207127 23.870980 0.93590 0.69136
014 982 34.031771 23.878194 0.93620 0.69217
015 982 33.651662 23.870306 0.93365 0.69208
016 983 33.432584 23.880742 0.93214 0.69180
017 981 33.229372 23.879313 0.93110 0.69136
018 990 33.011103 23.860276 0.92925 0.69221
019 980 32.889515 23.860179 0.92844 0.69249
020 987 32.608750 23.861456 0.92776 0.69312
021 987 32.367466 23.851804 0.92596 0.69243
022 999 32.445860 23.844047 0.92668 0.69226
023 985 32.335423 23.863897 0.92514 0.69137
024 999 32.170583 23.856281 0.92361 0.69136
025 981 32.196901 23.870407 0.92405 0.69241
026 989 31.769788 23.781126 0.92061 0.68660
027 1000 31.813283 23.798506 0.92207 0.68874
028 999 31.594067 23.784738 0.91926 0.68831
029 977 31.612557 23.779909 0.91965 0.68638
030 979 31.398111 23.827100 0.91435 0.69050
031 985 31.564041 23.792649 0.91744 0.68762
032 980 31.430658 23.870565 0.91396 0.69269
033 984 31.463107 23.796670 0.91524 0.68864
034 979 31.311575 23.800883 0.91411 0.68785
035 988 31.487229 23.780055 0.91717 0.68705
036 1000 31.355734 23.766458 0.91553 0.68580
037 981 31.491658 23.816137 0.91665 0.68792
038 984 31.403466 23.763716 0.91552 0.68561
039 981 31.573415 23.878092 0.91797 0.69230
040 990 31.407821 23.823391 0.91628 0.69045
041 984 31.577066 24.002478 0.91565 0.69946
042 401 31.513308 20.762108 0.91684 0.57663
043 986 31.560640 24.028845 0.91728 0.70072
044 988 31.445079 23.897002 0.91722 0.69316
045 978 31.453198 23.916637 0.91642 0.69380
046 975 31.230759 23.843315 0.91368 0.68876
047 978 31.313261 23.838659 0.91575 0.68950
048 985 31.134116 23.807926 0.91315 0.68747
049 980 31.125119 23.796287 0.91385 0.68694
050 993 31.014780 23.836135 0.91067 0.68792
051 985 31.104682 23.817217 0.91298 0.68903
