002 1909 39.282964 26.785943 0.96592 0.79008
003 1913 39.361701 27.230081 0.96567 0.79914
004 1985 38.915692 27.526154 0.96334 0.81596
005 1979 38.726155 27.527236 0.96274 0.81769
006 1994 38.287449 27.534813 0.96145 0.81761
007 1986 38.438432 27.463391 0.96163 0.81139
008 1954 39.327069 27.471619 0.96047 0.81139
009 1931 39.239311 27.305773 0.95999 0.80510
010 1958 39.242528 27.473328 0.96015 0.81035
011 1931 39.115197 26.819855 0.95858 0.79079
012 1957 39.038523 27.459861 0.95946 0.81096
013 1987 39.114545 27.531019 0.95802 0.81691
014 1895 38.891192 26.795496 0.95733 0.79088
015 1954 38.768292 27.442234 0.95772 0.81001
016 1944 38.504961 27.442016 0.95634 0.80933
017 1999 38.625295 27.520616 0.95644 0.81731
018 1980 38.071924 27.513690 0.95293 0.81720
019 1922 37.521099 27.417715 0.95105 0.80941
020 1990 37.309729 27.508745 0.95154 0.81820
021 1981 37.142951 27.491528 0.94966 0.81698
022 1955 36.977968 27.413612 0.94956 0.81019
023 1927 36.795807 27.284399 0.94818 0.80460
024 1915 36.707119 27.213246 0.94651 0.79869
025 1960 36.904118 27.472127 0.94751 0.81180
026 1947 36.304456 27.276618 0.94344 0.80380
027 1977 36.574411 27.344058 0.94510 0.80702
028 1965 36.088988 27.292353 0.93640 0.80555
029 1965 36.068890 27.289545 0.93710 0.80428
030 1957 35.727107 27.366154 0.93352 0.80835
031 1961 36.084492 27.309660 0.93495 0.80496
032 1988 35.850422 27.547075 0.93321 0.81785
033 1999 35.968719 27.395903 0.93393 0.81282
034 1990 35.810041 27.392779 0.93271 0.81250
035 1941 35.990052 27.278062 0.93291 0.80374
036 1981 35.807491 27.330289 0.93271 0.80966
037 1987 36.176727 27.436041 0.93369 0.81284
038 1974 35.929284 27.290909 0.93171 0.80535
039 1997 36.318286 27.587823 0.93602 0.81946
040 1993 36.065058 27.461402 0.93294 0.81602
041 1985 36.287798 27.846630 0.93461 0.82728
042 1853 36.164456 26.899343 0.93246 0.79440
043 1992 36.248328 27.808560 0.93528 0.82658
044 1990 36.062419 27.540772 0.93373 0.81745
045 1884 35.967409 26.849300 0.93146 0.79165
046 1998 35.725998 27.440419 0.93078 0.81236
047 1876 35.770480 26.713230 0.92950 0.78723
048 1978 35.469581 27.368583 0.92941 0.81113
049 1989 35.489008 27.355946 0.92985 0.81134
050 1990 35.355094 27.435673 0.92734 0.81231
051 1991 35.467317 27.354058 0.92903 0.80713
