002 3740 40.102233 32.501561 0.97179 0.88772
003 3779 40.180645 32.843061 0.97105 0.89013
004 3707 39.804821 32.305155 0.96891 0.88694
005 3585 39.614949 31.382833 0.96860 0.88518
006 3953 39.108265 33.121441 0.96770 0.89145
007 3648 39.253781 31.660058 0.96686 0.88663
008 3970 41.393304 33.287905 0.97076 0.89280
009 3988 41.293900 33.275751 0.97055 0.89283
010 3914 41.161606 33.041107 0.97006 0.89148
011 3938 40.987705 33.099956 0.96993 0.89132
012 3968 40.823724 33.192117 0.96938 0.89253
013 3899 40.850717 33.026251 0.96911 0.88972
014 3939 40.692150 33.163658 0.96916 0.89165
015 3795 40.342406 32.848278 0.96765 0.88987
016 3971 39.614650 33.158680 0.96574 0.89189
017 3912 38.892565 33.058142 0.96419 0.89131
018 3816 38.088935 32.865700 0.96258 0.88970
019 3928 37.623593 33.064552 0.96209 0.89113
020 3812 39.417706 32.853885 0.96414 0.89061
021 3981 38.102319 33.271452 0.96278 0.89209
022 3809 38.716058 32.824166 0.96335 0.88901
023 3960 38.078406 33.217697 0.96238 0.89141
024 3964 38.675412 33.265763 0.96329 0.89219
025 3848 38.321692 33.057928 0.96207 0.89111
026 3924 37.510514 32.840753 0.95725 0.88670
027 3754 37.756949 32.670136 0.95767 0.88641
028 3813 38.554348 32.632793 0.96007 0.88671
029 3937 38.121678 32.837715 0.95828 0.88613
030 3958 37.688413 33.215590 0.95433 0.89103
031 3795 38.645725 32.675233 0.95965 0.88624
032 3932 38.132688 33.329803 0.95690 0.89286
033 3936 38.337881 32.908722 0.95704 0.88791
034 3951 38.041366 32.933164 0.95580 0.88838
035 3866 38.803137 32.757499 0.96031 0.88720
036 3905 38.349465 32.780574 0.95780 0.88538
037 3895 38.638895 32.982541 0.95851 0.88796
038 3863 38.883923 32.696935 0.96089 0.88613
039 4000 38.973641 33.470784 0.96049 0.89411
040 3930 38.415381 33.093947 0.95815 0.89093
041 3857 38.932636 33.670807 0.96122 0.89896
042 3856 38.814224 33.375091 0.95934 0.89648
043 3963 38.388756 33.759585 0.95769 0.89862
044 3836 38.189755 33.018033 0.95620 0.89024
045 3902 38.138921 33.203217 0.95671 0.89195
046 3908 37.811880 32.934076 0.95456 0.88656
047 3922 38.054455 32.988260 0.95616 0.88884
048 3970 37.493926 33.043688 0.95316 0.88753
049 3899 37.550396 32.740067 0.95316 0.88683
050 3884 37.292843 32.826228 0.95140 0.88651
051 3899 37.519389 32.893990 0.95281 0.88823
