002 2873 39.961481 29.445837 0.97033 0.85458
003 2996 40.047819 30.142010 0.96990 0.86551
004 2967 39.614253 29.915276 0.96738 0.86132
005 2959 39.513329 29.784331 0.96730 0.86062
006 2971 38.964413 29.947903 0.96596 0.86254
007 2997 39.124800 29.922190 0.96572 0.86310
008 2829 40.807952 29.376105 0.96731 0.85436
009 2848 40.700124 29.356076 0.96667 0.85396
010 2812 40.592746 29.197679 0.96604 0.85181
011 2871 40.482114 29.365155 0.96575 0.85287
012 2994 40.429696 29.955726 0.96629 0.86327
013 2855 40.429342 29.346998 0.96559 0.85276
014 2809 40.261144 29.321734 0.96483 0.85286
015 2825 40.003799 29.330219 0.96447 0.85347
016 2889 39.643156 29.346099 0.96370 0.85337
017 2786 38.937667 29.128164 0.96017 0.85046
018 2798 38.109033 29.319947 0.95874 0.85255
019 2802 37.454414 29.307274 0.95749 0.85242
020 2825 37.299264 29.289243 0.95688 0.85372
021 2953 38.540928 29.872334 0.95902 0.86164
022 2929 38.429455 29.730527 0.95883 0.85833
023 2781 38.117001 29.131073 0.95730 0.85026
024 2823 37.845225 29.308419 0.95656 0.85312
025 2833 37.936756 29.375401 0.95647 0.85387
026 2774 37.183682 28.958676 0.95257 0.84519
027 2781 37.738348 29.008827 0.95057 0.84686
028 2805 37.445408 29.106229 0.94863 0.84886
029 2812 37.384652 29.133457 0.94876 0.84699
030 2793 36.674928 29.258901 0.94491 0.85118
031 2808 37.152670 29.139646 0.94660 0.84881
032 2993 36.777641 30.216536 0.94556 0.86706
033 2816 36.821171 29.206532 0.94511 0.84948
034 2992 36.632510 30.024976 0.94504 0.86192
035 2820 36.909402 29.163882 0.94578 0.84886
036 2813 36.616133 29.109559 0.94393 0.84641
037 2854 36.994000 29.245000 0.94523 0.84920
038 2807 36.737701 29.104617 0.94430 0.84766
039 2809 37.062847 29.410661 0.94595 0.85449
040 2794 36.783154 29.211803 0.94509 0.85070
041 2986 36.999484 30.336531 0.94568 0.87155
042 2813 36.967138 29.383478 0.94606 0.85737
043 2980 37.008770 30.541369 0.94654 0.87333
044 2980 36.848667 30.201185 0.94533 0.86509
045 2998 36.837161 30.246918 0.94529 0.86595
046 2991 36.479123 30.066903 0.94220 0.86082
047 2797 36.580371 29.233578 0.94305 0.84954
048 2995 36.207239 29.994673 0.94110 0.86050
049 2802 36.126490 29.138387 0.93959 0.84742
050 2983 35.999010 29.816586 0.93941 0.85827
051 2805 36.079299 29.003936 0.93935 0.84652
