002 4617 40.122461 34.264446 0.97223 0.89665
003 4662 40.245952 34.533399 0.97159 0.89860
004 4626 39.835972 34.454980 0.96958 0.89667
005 4507 39.646836 34.294509 0.96922 0.89826
006 4551 39.164141 34.328790 0.96826 0.89691
007 4562 39.281079 34.343198 0.96748 0.89835
008 4746 41.598816 34.750550 0.97201 0.90025
009 4674 41.477466 34.563927 0.97170 0.89852
010 4712 41.377520 34.653985 0.97149 0.89944
011 4732 41.201040 34.635239 0.97141 0.89869
012 4699 40.996644 34.648257 0.97062 0.89943
013 4697 41.059320 34.622437 0.97072 0.89757
014 4628 40.896043 34.508809 0.97058 0.89752
015 4614 40.562781 34.446437 0.96957 0.89777
016 4555 39.757281 34.284413 0.96718 0.89692
017 4549 39.012019 34.333207 0.96582 0.89714
018 4589 38.194909 34.390191 0.96441 0.89735
019 4607 37.696387 34.475746 0.96371 0.89735
020 4575 37.607671 34.446318 0.96248 0.89819
021 4571 37.327753 34.352785 0.96157 0.89703
022 4614 37.273275 34.436525 0.96125 0.89651
023 4583 37.171231 34.401525 0.96098 0.89653
024 4535 37.043381 34.282176 0.96004 0.89690
025 4938 39.107716 35.157644 0.96577 0.89990
026 4587 37.587954 34.121872 0.96046 0.89291
027 4930 38.025347 35.029661 0.96061 0.89934
028 4998 37.785958 34.891346 0.95920 0.89707
029 4922 38.020955 34.919590 0.95901 0.89691
030 4965 37.310110 34.988287 0.95541 0.89845
031 4950 37.645877 34.911439 0.95754 0.89784
032 4947 37.076917 35.125714 0.95446 0.90088
033 4985 37.303571 34.916664 0.95532 0.89692
034 4935 36.962589 34.988167 0.95397 0.89872
035 4636 38.723108 34.319958 0.96103 0.89503
036 4954 38.386211 34.900117 0.95984 0.89651
037 4888 38.381783 35.037737 0.95984 0.89851
038 4909 37.860550 34.922886 0.95792 0.89761
039 4972 38.120814 35.226991 0.95873 0.90264
040 4896 37.758012 35.086279 0.95732 0.90092
041 4910 37.668924 35.512839 0.95599 0.90765
042 4903 37.768842 35.313368 0.95684 0.90490
043 4837 37.736912 35.423427 0.95625 0.90488
044 4892 37.704648 35.148349 0.95652 0.90132
045 4892 37.620949 35.156094 0.95614 0.90054
046 4917 37.285699 35.014859 0.95413 0.89735
047 4916 37.401849 35.033108 0.95501 0.89938
048 4897 36.945257 34.913350 0.95271 0.89681
049 4915 36.982306 34.891560 0.95285 0.89812
050 4881 36.726746 34.944189 0.95110 0.89727
051 4922 36.902634 34.958968 0.95228 0.89878
