002 10994 25.883563 31.140498 0.95859 0.84716
003 10983 41.885977 31.206589 0.97777 0.84691
004 10948 44.076020 31.130227 0.98256 0.84642
005 10978 43.743743 31.191419 0.98211 0.84755
006 10997 43.219108 31.191266 0.97963 0.84813
007 10997 44.216022 31.183196 0.98277 0.84881
008 10963 44.255527 31.185917 0.98315 0.84689
009 10906 44.245866 31.114901 0.98378 0.84566
010 10929 44.098346 31.218061 0.98159 0.84793
011 10981 41.815372 31.225093 0.97766 0.84851
012 10999 40.178005 31.230192 0.97717 0.84840
013 10972 44.277314 31.242509 0.98238 0.84808
014 11000 42.921929 31.208998 0.97924 0.84746
015 10997 43.861242 31.198103 0.98243 0.84709
016 10986 43.594123 31.196266 0.98225 0.84754
017 10931 43.723995 31.133158 0.98204 0.84644
018 10984 43.630956 31.200418 0.98130 0.84580
019 10970 41.823659 31.140108 0.97642 0.84642
020 10970 43.080773 31.223218 0.98070 0.84687
021 10984 39.647593 31.179605 0.97607 0.84648
022 10996 40.223591 31.197898 0.97898 0.84720
023 10998 40.335020 31.266521 0.97655 0.84679
024 11000 40.787831 31.227897 0.97928 0.84703
025 10895 42.552854 31.154291 0.98063 0.84813
026 10999 39.366705 31.102487 0.97124 0.84437
027 10938 42.193567 31.046765 0.97961 0.84312
028 10976 41.254880 31.062005 0.97578 0.84226
029 10976 41.315013 30.981983 0.97717 0.84224
030 10955 41.132391 31.110606 0.97597 0.84739
031 10936 41.912874 30.978196 0.97961 0.84157
032 10982 41.351982 31.188378 0.97757 0.84833
033 10931 42.487810 31.007455 0.97736 0.84327
034 10979 42.439813 31.044914 0.97810 0.84416
035 10979 41.613400 30.987033 0.97538 0.84222
036 10929 42.893183 30.941195 0.97775 0.84215
037 10985 42.803373 31.136418 0.97808 0.84448
038 10989 42.683631 31.007318 0.97706 0.84156
039 10975 41.925743 31.249538 0.97616 0.84782
040 10936 43.037683 31.032065 0.97861 0.84319
041 10984 42.257610 31.637613 0.97730 0.85738
042 10984 42.209167 31.528878 0.97641 0.85421
043 10969 42.612089 31.494047 0.97770 0.85391
044 10990 43.236008 31.275214 0.97760 0.84740
045 10916 43.195303 31.222618 0.97833 0.84664
046 10636 42.907055 30.816089 0.97736 0.83760
047 10936 43.161488 31.119054 0.97826 0.84395
048 10963 42.796735 31.020548 0.97677 0.84164
049 10994 42.329686 31.039913 0.97579 0.84311
050 10938 42.425654 31.105396 0.97678 0.84488
