002 11917 44.462956 32.556349 0.98428 0.86279
003 11933 44.560106 32.545158 0.98407 0.86264
004 11995 44.573576 32.607394 0.98447 0.86531
005 11938 44.750392 32.587137 0.98396 0.86384
006 11680 44.505459 32.234273 0.98375 0.86100
007 11695 44.447705 32.253418 0.98461 0.86233
008 11637 44.104607 32.178069 0.98301 0.86118
009 11890 44.431407 32.485665 0.98359 0.86410
010 11855 44.253471 32.495612 0.98304 0.86403
011 11991 44.265572 32.655372 0.98199 0.86480
012 11699 44.241866 32.244083 0.98236 0.86128
013 11966 44.363952 32.657294 0.98304 0.86397
014 11877 44.287978 32.491284 0.98342 0.86260
015 11289 43.948315 31.686701 0.98237 0.85593
016 11912 43.779498 32.587233 0.98188 0.86353
017 11304 43.939435 31.714230 0.98237 0.85618
018 11921 43.333671 32.563321 0.98136 0.86304
019 11839 43.448163 32.447846 0.98125 0.86164
020 11905 42.732712 32.621682 0.98008 0.86372
021 11996 43.469688 32.653550 0.98072 0.86480
022 11965 42.720067 32.599529 0.98011 0.86241
023 11862 43.262617 32.513955 0.98039 0.86165
024 11889 41.210775 32.517561 0.98065 0.86216
025 11973 41.704195 32.692186 0.98059 0.86684
026 11990 40.081440 32.501585 0.97778 0.86061
027 11969 40.794117 32.518566 0.97862 0.86011
028 11487 41.362783 31.776202 0.97891 0.85423
029 11793 41.565700 32.162712 0.98032 0.85763
030 11358 40.773235 31.682048 0.97643 0.85703
031 11423 41.350061 31.718850 0.97991 0.85453
032 11778 40.906383 32.379504 0.97804 0.86310
033 11693 42.738926 32.119020 0.97883 0.85805
034 11508 43.306171 31.763414 0.97977 0.85669
035 11730 41.933327 32.095272 0.97779 0.85653
036 11559 42.778932 31.817524 0.97959 0.85522
037 11654 43.252055 32.128670 0.97982 0.85770
038 11787 43.597120 32.194531 0.98033 0.85705
039 11150 42.619136 31.538818 0.97879 0.85253
040 11924 43.662834 32.549614 0.98055 0.86206
041 11986 41.075762 33.113439 0.97456 0.87610
042 11447 43.247208 32.240127 0.97920 0.86495
043 11766 43.246405 32.757332 0.97968 0.86778
044 11991 37.885359 32.660544 0.97122 0.86536
045 11949 43.553273 32.684402 0.98068 0.86442
046 11951 43.264242 32.487395 0.98031 0.86068
047 11529 43.718938 31.894004 0.98115 0.85629
048 11964 42.525733 32.412446 0.97641 0.85822
049 11869 43.506708 32.236484 0.98006 0.85801
050 11897 43.333659 32.449267 0.97975 0.86059
