002 6994 44.559982 24.892670 0.98291 0.68839
003 6704 44.045012 23.976861 0.98215 0.65948
004 6659 44.067374 23.763826 0.98208 0.65463
005 6881 44.275117 24.505550 0.98209 0.68076
006 6917 43.986361 24.914146 0.98168 0.68925
007 6912 43.991249 24.781225 0.98152 0.68622
008 6903 43.803869 24.785682 0.98143 0.68451
009 6889 43.702208 24.714818 0.98135 0.68326
010 6586 43.537401 23.788893 0.98074 0.64839
011 6407 43.419190 23.759974 0.98103 0.64828
012 6791 43.146635 24.333277 0.98008 0.66916
013 6830 43.184824 24.491168 0.98038 0.67622
014 6846 43.099804 24.471876 0.98046 0.67689
015 6794 42.806546 24.138755 0.98015 0.66289
016 6975 42.451103 25.030381 0.97988 0.69283
017 6999 42.213362 25.056045 0.97964 0.69218
018 6771 41.766009 24.179516 0.97909 0.66255
019 6886 41.763178 24.634320 0.97860 0.67910
020 6912 40.743686 24.590254 0.97773 0.67895
021 7000 39.680444 25.064264 0.97665 0.69189
022 6286 39.824130 23.585256 0.97714 0.64054
023 6989 39.872401 25.060824 0.97691 0.69102
024 6876 39.665650 24.491139 0.97578 0.67500
025 6853 40.368162 24.527129 0.97736 0.67380
026 6861 40.276222 24.393331 0.97558 0.66807
027 6914 40.117679 24.584887 0.97549 0.67602
028 6941 41.026892 24.802129 0.97560 0.67978
029 6949 40.422304 24.873568 0.97394 0.68204
030 6675 40.121433 23.746405 0.97323 0.64837
031 6984 40.639052 24.986266 0.97530 0.68604
032 6674 39.934931 23.771253 0.97304 0.64732
033 6752 40.365264 24.120639 0.97317 0.65535
034 6692 40.692042 23.771838 0.97321 0.64651
035 6917 41.107563 24.698000 0.97517 0.67584
036 6719 41.630897 23.814247 0.97517 0.64686
037 6658 41.086225 23.802713 0.97469 0.64611
038 6541 41.511445 23.724691 0.97531 0.63920
039 6780 41.736702 24.126325 0.97502 0.65702
040 6415 42.543678 23.541394 0.97665 0.63753
041 6865 41.560816 24.618230 0.97506 0.67691
042 6506 42.434641 23.581947 0.97652 0.64097
043 6921 41.743728 24.873869 0.97568 0.68593
044 6602 42.594789 23.669123 0.97712 0.64268
045 6855 42.526132 24.416088 0.97743 0.66790
046 6964 41.381881 24.935576 0.97481 0.68606
047 6484 42.678351 23.661518 0.97719 0.64195
048 6737 41.915222 24.129200 0.97600 0.65699
049 6682 42.025793 23.951361 0.97597 0.65118
050 6956 41.452945 25.058153 0.97528 0.68544
