002 2966 41.686329 12.244946 0.97849 0.46166
003 2982 41.053269 12.523940 0.97747 0.46300
004 2984 39.265779 12.320032 0.97611 0.46096
005 2966 37.279356 12.497081 0.97194 0.47036
006 3000 24.751801 12.375246 0.94990 0.46103
007 2984 37.138891 12.319071 0.96994 0.47054
008 2989 26.897586 12.427444 0.95253 0.46560
009 2986 36.574124 12.398238 0.96903 0.46525
010 2997 26.831857 12.419454 0.95474 0.46174
011 2992 39.817168 12.394990 0.97016 0.47377
012 2996 26.038407 12.374723 0.95368 0.47305
013 2976 37.486760 12.378518 0.97035 0.47349
014 2998 28.655970 12.414474 0.95613 0.47498
015 2983 37.356534 12.336405 0.97003 0.46774
016 3000 25.500068 12.407420 0.94562 0.45840
017 2971 35.463917 12.434574 0.95906 0.47511
018 2986 27.003212 12.354381 0.94530 0.47197
019 2968 37.101221 12.360561 0.96356 0.47262
020 2997 36.068562 12.365171 0.96412 0.47255
021 2994 28.755721 12.493483 0.95026 0.47054
022 2973 36.519865 12.240693 0.96688 0.46374
023 2967 25.305082 12.547590 0.93755 0.47503
024 2999 25.796391 12.465439 0.94382 0.46871
025 2968 34.830712 12.401764 0.95949 0.47505
026 2996 21.891382 12.694636 0.92766 0.46783
027 2941 33.741681 12.398333 0.95120 0.47200
028 2998 33.296269 12.550534 0.94328 0.47280
029 2972 34.343684 12.403483 0.95450 0.47118
030 2995 25.816999 12.414742 0.92512 0.47384
031 2934 34.100629 12.414249 0.94776 0.47229
032 2999 25.770465 12.682280 0.93075 0.47819
033 2981 33.408248 12.484927 0.94347 0.47565
034 2975 34.660519 12.488524 0.94384 0.47641
035 2997 25.787336 12.562807 0.93313 0.47092
036 2976 33.881097 12.491848 0.94604 0.47493
037 2971 35.526002 12.425973 0.95182 0.47282
038 2998 34.722475 12.494016 0.94598 0.47608
039 2983 35.805647 12.477596 0.96007 0.47842
040 2994 25.547256 12.509397 0.92842 0.46876
041 2983 35.458573 12.455187 0.94409 0.48008
042 2969 35.615049 12.526679 0.94890 0.47185
043 2969 36.066606 12.536296 0.95233 0.47366
044 2997 35.704531 12.637201 0.95580 0.47483
045 2872 36.332446 12.421729 0.95348 0.47490
046 2992 36.485182 12.632749 0.95317 0.47285
047 2995 33.757823 12.650187 0.93425 0.47289
048 2962 35.734664 12.817477 0.94570 0.47698
049 2920 35.974232 12.496316 0.95219 0.46394
050 2994 33.194161 12.662325 0.93435 0.47331
