006 973 28.759130 10.879462 0.97358 0.32332
007 947 26.606751 10.879698 0.94718 0.32324
008 955 24.533095 10.880963 0.91057 0.32287
009 493 22.965007 10.696998 0.87152 0.31634
010 949 22.356528 10.879055 0.83538 0.32230
011 959 21.819748 10.885483 0.79965 0.32265
012 798 21.363503 10.790683 0.76920 0.31918
013 918 21.075790 10.887619 0.74318 0.32300
014 872 20.814857 10.799639 0.71758 0.31918
015 944 20.694704 10.885842 0.69917 0.32159
016 881 20.412477 10.800762 0.69274 0.31838
017 910 20.329787 10.890981 0.68093 0.32211
018 858 20.097965 10.805574 0.67348 0.31836
019 541 19.948429 10.720887 0.66498 0.31524
020 949 19.909001 10.899914 0.65510 0.32175
021 727 19.746434 10.813110 0.64672 0.31846
022 799 19.921186 10.813978 0.63131 0.31802
023 495 19.802474 10.727409 0.61842 0.31476
024 965 19.724554 10.909780 0.60965 0.32128
025 528 19.589388 10.735681 0.60812 0.31490
026 991 19.538688 10.919302 0.60582 0.32109
027 900 19.596319 10.922684 0.60032 0.32121
028 863 19.489576 10.841510 0.60544 0.31810
029 968 19.567214 10.938011 0.60029 0.32184
030 539 19.518284 10.759362 0.60361 0.31476
031 963 19.413779 10.939305 0.60978 0.32052
032 922 19.431047 10.948874 0.59842 0.32102
033 515 19.223036 10.764798 0.59592 0.31430
034 980 19.280261 10.954389 0.59428 0.32085
035 890 19.136461 10.864153 0.59417 0.31700
036 1000 19.126461 10.963323 0.60730 0.32068
037 918 19.186917 10.963639 0.59838 0.32065
038 693 19.031570 10.874332 0.59142 0.31650
039 997 19.077394 10.963033 0.58768 0.31984
040 844 19.255105 10.877525 0.57654 0.31655
041 956 19.182236 10.972560 0.57836 0.32025
042 543 19.137870 10.795666 0.57301 0.31383
043 546 19.067451 10.799051 0.57385 0.31332
044 989 19.174908 10.981581 0.57274 0.32001
045 960 19.083547 10.981628 0.58217 0.31908
046 960 19.204089 10.987036 0.57805 0.31886
047 991 19.156256 10.992364 0.58287 0.31889
048 814 19.102728 10.904208 0.58420 0.31560
049 982 19.116101 11.001125 0.58315 0.31930
050 900 18.987541 11.002931 0.58357 0.31838
051 935 19.147959 11.009772 0.58357 0.31815
052 944 19.285993 11.012177 0.57943 0.31796
053 691 19.161664 10.935222 0.57642 0.31514
054 994 19.251062 11.031264 0.57322 0.31872
055 510 19.088487 10.854206 0.56951 0.31218
056 872 18.971349 10.951824 0.57462 0.31492
057 802 18.868035 10.956694 0.58012 0.31531
058 945 19.029671 11.054103 0.57198 0.31849
059 988 19.028341 11.058343 0.56833 0.31883
060 982 18.920656 11.068811 0.57384 0.31889
061 544 18.762414 10.889385 0.57154 0.31272
062 985 18.714028 11.081714 0.56095 0.31957
063 541 18.701262 10.904013 0.55957 0.31324
064 971 18.611953 11.095178 0.56361 0.31978
065 932 18.669856 11.091880 0.55303 0.31930
066 983 18.625316 11.094908 0.54415 0.31913
067 985 18.504748 11.092412 0.53785 0.31885
068 978 18.647997 11.100948 0.52549 0.31882
069 985 18.611606 11.094395 0.51643 0.31822
070 550 18.556821 10.914085 0.51127 0.31200
071 504 18.404513 10.915854 0.50652 0.31194
072 983 18.290749 11.109595 0.50838 0.31840
073 966 18.289280 11.110209 0.50130 0.31855
074 941 18.395377 11.112756 0.50667 0.31845
075 994 18.618594 11.119238 0.50742 0.31825
076 663 18.520542 10.939914 0.50748 0.31241
077 965 18.413669 11.134810 0.49816 0.31887
078 903 18.331605 11.133264 0.49739 0.31814
079 818 18.376434 11.044837 0.50330 0.31561
080 532 18.336040 10.955035 0.50317 0.31219
081 980 18.262392 11.137294 0.49683 0.31813
082 961 18.388925 11.143602 0.49154 0.31860
083 985 18.296979 11.146378 0.49402 0.31882
084 548 18.194101 10.959111 0.49234 0.31264
085 966 18.151898 11.148708 0.48772 0.31944
086 916 18.358638 11.148292 0.47850 0.31957
087 884 18.282137 11.140251 0.48555 0.31886
088 509 18.253681 10.963575 0.48455 0.31326
089 557 18.200725 10.963219 0.48370 0.31365
090 950 18.145925 11.142786 0.48017 0.31904
091 978 18.188913 11.141656 0.49216 0.31855
092 979 18.198075 11.149791 0.49685 0.31853
093 880 18.091751 11.145950 0.49488 0.31799
094 933 18.214092 11.149411 0.48714 0.31818
095 936 18.204020 11.156730 0.48016 0.31811
096 545 18.123179 10.974183 0.47469 0.31149
