006 30374 29.587365 27.272941 0.97524 0.93409
007 30241 27.290688 27.153106 0.95082 0.93212
008 30994 25.405017 27.286946 0.92026 0.93486
009 29831 24.200923 27.106042 0.89993 0.93225
010 30930 23.426245 27.251296 0.87449 0.93445
011 30223 23.005645 27.127643 0.84390 0.93278
012 29783 22.387179 27.027118 0.81584 0.92996
013 30835 22.129756 27.207213 0.79358 0.93371
014 30041 21.965890 27.141894 0.76671 0.93135
015 30907 21.743670 27.166686 0.77361 0.93298
016 30343 21.768565 27.092277 0.75537 0.93178
017 28684 21.347738 26.717150 0.73529 0.92695
018 30511 21.277474 27.178316 0.71612 0.93278
019 30882 21.183046 27.244573 0.73687 0.93429
020 30236 20.965928 27.085608 0.70984 0.93183
021 30618 20.839614 27.113848 0.70925 0.93360
022 30682 20.821413 27.086360 0.68529 0.93410
023 28775 20.543107 26.738619 0.67248 0.92692
024 30672 20.401790 27.033526 0.67605 0.93244
025 30813 20.331882 27.177733 0.69200 0.93482
026 30778 20.402404 27.014540 0.66823 0.93295
027 30011 20.483329 26.914440 0.63778 0.93107
028 30299 20.658027 27.071384 0.64821 0.93226
029 28611 20.281535 26.707721 0.62568 0.92633
030 30047 20.419893 26.961626 0.62389 0.93032
031 30326 20.280825 27.010800 0.60576 0.93215
032 30796 20.175210 26.913895 0.62951 0.93218
033 30720 20.170245 26.986612 0.64534 0.93351
034 30758 20.081943 27.081993 0.64666 0.93377
035 30255 19.935552 26.943443 0.62064 0.93191
036 30599 20.025790 26.982392 0.60766 0.93292
037 30785 19.869936 27.004130 0.62955 0.93496
038 28885 19.321168 26.548865 0.59608 0.92721
039 30503 19.512369 26.824828 0.62220 0.93001
040 30634 19.630763 26.887320 0.61470 0.93297
041 30787 19.436551 27.029055 0.62766 0.93542
042 30237 19.338395 26.814960 0.58869 0.93213
043 30431 19.585058 26.862071 0.59326 0.93206
044 30164 19.595758 26.723457 0.57594 0.93078
045 30007 19.680560 26.722722 0.56946 0.93030
046 28773 19.446774 26.516219 0.55830 0.92698
047 30197 19.728862 26.758608 0.60153 0.93196
048 30979 19.928046 27.038728 0.59930 0.93547
049 30217 20.090832 26.754974 0.62931 0.93237
050 30925 19.573648 26.957346 0.60535 0.93553
051 29901 19.404278 26.721370 0.59693 0.93092
052 30980 19.569929 26.977443 0.58676 0.93675
053 30272 19.536381 26.836744 0.57077 0.93240
054 30497 19.451731 26.840965 0.59056 0.93276
055 30107 19.137644 26.711290 0.54723 0.93014
056 30666 19.416931 26.972016 0.57082 0.93677
057 28599 19.133824 26.537492 0.55729 0.92758
058 30612 19.208060 26.961842 0.55789 0.93553
059 30958 19.343532 26.966529 0.55064 0.93630
060 29383 19.186264 26.665305 0.55162 0.92912
061 30534 19.023768 27.012449 0.54657 0.93711
062 29693 19.202051 26.780958 0.54773 0.93217
063 30182 19.472505 26.805565 0.59134 0.93260
064 30730 19.519575 27.025750 0.60917 0.93727
065 28774 19.269910 26.623049 0.59205 0.92889
066 30521 19.323650 26.887055 0.57891 0.93592
067 29910 19.828043 26.740340 0.62682 0.93207
068 30471 19.178218 26.905036 0.55525 0.93620
069 30798 19.495985 26.882253 0.56554 0.93700
070 30306 19.929347 26.831066 0.60991 0.93341
071 30990 20.025399 27.026811 0.63868 0.93740
072 30220 19.930111 26.741533 0.62463 0.93307
073 30470 19.874655 26.922372 0.59932 0.93540
074 29427 19.593720 26.698234 0.58566 0.93126
075 28759 19.258874 26.577738 0.56351 0.92829
076 30731 19.225377 27.011000 0.54584 0.93611
077 29541 19.419141 26.754664 0.55142 0.93072
078 30628 19.637315 26.940422 0.58155 0.93603
079 30497 19.880693 26.982754 0.60946 0.93486
080 30360 19.815939 26.959877 0.59409 0.93470
081 29430 19.629136 26.626210 0.58148 0.92999
082 30339 19.703723 26.908281 0.56836 0.93427
083 28869 19.577577 26.615547 0.56180 0.92777
084 29932 20.165622 26.670933 0.61077 0.93029
085 30021 20.121684 26.816517 0.62710 0.93148
086 29878 19.791958 26.837795 0.60485 0.93320
087 30815 19.809508 26.823407 0.60937 0.93417
088 30895 20.060391 27.003996 0.62839 0.93570
089 30748 19.836325 26.972188 0.61342 0.93444
090 30869 19.800031 26.881882 0.59945 0.93493
091 30878 19.875995 26.950842 0.61634 0.93511
092 29215 19.653488 26.573272 0.60913 0.92620
093 30252 19.822585 26.669109 0.62674 0.93139
094 29023 19.364132 26.520502 0.58786 0.92637
095 30162 19.277866 26.776952 0.55969 0.93205
096 30514 19.664968 26.674868 0.60412 0.93146
