006 50939 29.608778 32.110851 0.97535 0.97096
007 50970 27.532153 32.072903 0.95213 0.97070
008 48446 25.547855 31.442246 0.92153 0.96979
009 49570 24.291954 31.617816 0.90051 0.97032
010 50922 23.686069 31.980809 0.87434 0.97047
011 48621 23.034024 31.439360 0.84693 0.96941
012 50915 22.966587 31.961814 0.85060 0.97008
013 50672 22.742730 31.920847 0.82182 0.97055
014 48392 22.460931 31.404634 0.78849 0.96965
015 50908 22.815306 31.910747 0.79700 0.97094
016 49379 22.390362 31.501528 0.80018 0.96986
017 50074 21.832988 31.655733 0.76633 0.97012
018 48525 21.593047 31.427176 0.73454 0.96967
019 50020 21.507841 31.698338 0.75244 0.97048
020 50993 21.632446 31.933797 0.76870 0.97068
021 49713 20.827523 31.611372 0.73016 0.97023
022 48888 20.670395 31.416414 0.69721 0.96979
023 50354 20.655674 31.681803 0.67172 0.97021
024 50943 20.835335 31.868528 0.68526 0.97029
025 50039 20.468459 31.607706 0.67650 0.97056
026 48521 20.250253 31.298282 0.64828 0.96978
027 49651 20.285363 31.557416 0.64979 0.97070
028 50647 20.726068 31.804666 0.69185 0.97076
029 50953 21.264386 31.979191 0.70095 0.97101
030 48894 21.143586 31.452971 0.66324 0.97006
031 50546 20.788492 31.804716 0.65376 0.97095
032 50510 20.637063 31.670274 0.65381 0.97081
033 50475 20.497693 31.671164 0.65755 0.97008
034 49235 20.490494 31.381163 0.64627 0.96996
035 50923 20.510795 31.841176 0.63232 0.97011
036 50879 20.358382 31.868933 0.64615 0.97062
037 49579 20.082590 31.459054 0.61491 0.97014
038 49405 20.066852 31.367161 0.62835 0.97012
039 48396 19.754010 31.199244 0.60628 0.96969
040 49136 19.954778 31.335600 0.59699 0.96980
041 50013 19.852903 31.545757 0.61781 0.97056
042 49545 19.881722 31.416993 0.63987 0.96992
043 48898 19.905294 31.263019 0.62808 0.96985
044 49211 19.563354 31.282744 0.62802 0.96975
045 50069 19.671587 31.456621 0.61692 0.97015
046 50752 19.725578 31.673938 0.58963 0.97040
047 49015 19.770907 31.318752 0.57481 0.97021
048 49718 19.806928 31.509567 0.59910 0.97017
049 50864 20.004338 31.695739 0.64122 0.97053
050 49128 19.773481 31.302037 0.61183 0.96988
051 50670 19.976889 31.600973 0.64662 0.97108
052 50232 19.654141 31.578104 0.62522 0.97081
053 50871 19.572191 31.807836 0.59869 0.97093
054 50945 19.831862 31.841254 0.62672 0.97071
055 50600 20.035041 31.638444 0.61882 0.97093
056 50616 19.802172 31.628441 0.61496 0.97101
057 49166 19.869244 31.376473 0.60413 0.97055
058 50911 20.235129 31.805812 0.64808 0.97127
059 50990 19.994208 31.844472 0.65445 0.97160
060 49208 19.678065 31.423613 0.61869 0.97077
061 49962 19.582283 31.599429 0.58278 0.97136
062 50612 19.974016 31.862570 0.63459 0.97181
063 48876 19.723099 31.401250 0.60773 0.97120
064 50993 19.985266 31.936020 0.62703 0.97152
065 50916 19.237251 31.864778 0.57207 0.97128
066 50126 19.468543 31.634737 0.59998 0.97121
067 48981 19.164426 31.358994 0.56367 0.97052
068 50819 19.497882 31.810324 0.59557 0.97145
069 50784 19.268392 31.800258 0.59278 0.97094
070 49018 19.191399 31.362458 0.57156 0.97083
071 49286 19.075428 31.446351 0.55165 0.97090
072 49072 18.998499 31.401703 0.56463 0.97061
073 50726 19.099981 31.830070 0.57913 0.97127
074 50768 19.713089 31.879887 0.61244 0.97147
075 48630 19.386383 31.343921 0.56952 0.97077
076 49807 19.177651 31.620185 0.55889 0.97178
077 49531 19.205570 31.591032 0.57775 0.97160
078 50733 19.035188 31.917987 0.57418 0.97200
079 48563 19.110567 31.389732 0.56416 0.97116
080 50056 19.020867 31.711145 0.56977 0.97197
081 50588 18.991163 31.789749 0.56099 0.97173
082 49493 19.047022 31.543435 0.55063 0.97162
083 50962 19.398782 31.974269 0.58314 0.97228
084 50485 19.473773 31.712151 0.60651 0.97164
085 50393 19.617202 31.822881 0.63327 0.97180
086 50518 19.853359 31.895928 0.66957 0.97212
087 49449 19.626930 31.370151 0.66731 0.97056
088 50701 19.794324 31.918452 0.67377 0.97242
089 50507 19.592400 31.918060 0.66252 0.97217
090 48818 19.327414 31.308627 0.62994 0.97067
091 49137 19.207693 31.396136 0.59422 0.97103
092 50378 18.994861 31.693863 0.58523 0.97168
093 50821 19.316244 31.777405 0.59027 0.97152
094 50505 19.346974 31.689918 0.61184 0.97155
095 48727 19.281185 31.276267 0.59570 0.97127
096 50641 19.423517 31.696804 0.62718 0.97175
