006 10766 29.466461 12.901037 0.97452 0.57714
007 10763 27.276589 12.903993 0.95024 0.57614
008 10845 25.357901 12.905457 0.91939 0.57640
009 10552 24.155930 12.753933 0.89766 0.56234
010 10618 23.368881 12.757318 0.87193 0.56065
011 10874 23.002786 12.916431 0.84231 0.57685
012 10941 22.544546 12.911676 0.81460 0.57503
013 10717 22.340327 12.771827 0.79251 0.56231
014 10609 22.003738 12.776808 0.79545 0.56227
015 10978 21.604827 12.921079 0.75253 0.57450
016 10877 21.653467 12.930293 0.73952 0.57544
017 10799 21.244228 12.929718 0.71933 0.57502
018 10930 21.069478 12.937901 0.73479 0.57628
019 10854 20.889622 12.943001 0.70844 0.57579
020 10599 20.761371 12.790078 0.68637 0.56059
021 10888 20.555405 12.951362 0.68373 0.57644
022 10597 20.521197 12.795331 0.66510 0.56030
023 10967 20.640020 12.961446 0.66624 0.57646
024 10934 20.580312 12.966165 0.68117 0.57567
025 10743 20.233214 12.812357 0.66524 0.56055
026 10469 20.289666 12.823564 0.64911 0.56120
027 10513 20.374354 12.825812 0.65478 0.55976
028 10781 20.305788 12.842281 0.62308 0.56289
029 10835 20.596772 13.012248 0.63974 0.57659
030 10667 20.858170 12.853221 0.63982 0.56146
031 10914 20.974667 13.019855 0.66703 0.57666
032 10572 20.448363 12.866742 0.64279 0.56008
033 10911 20.340979 13.030187 0.61302 0.57772
034 10698 20.238928 12.877561 0.63024 0.56087
035 10971 20.028117 13.046298 0.59688 0.57615
036 10977 19.857250 13.057228 0.61339 0.57715
037 10897 19.824263 13.053159 0.59629 0.57496
038 10976 19.720303 13.058947 0.59453 0.57688
039 10933 19.920043 13.054990 0.63264 0.57406
040 10996 19.694140 13.064196 0.63195 0.57576
041 10985 19.579808 13.069042 0.63556 0.57571
042 10784 19.714111 12.910338 0.61123 0.56116
043 10690 19.393231 12.917109 0.57516 0.56170
044 10549 19.062652 12.918543 0.55406 0.56023
045 10921 19.234784 13.081944 0.58665 0.57434
046 10595 19.175000 12.926636 0.56401 0.55985
047 10965 19.279004 13.098167 0.54105 0.57549
048 10908 19.414443 13.105497 0.53901 0.57611
049 10648 19.467144 12.947058 0.57616 0.56110
050 10940 19.342335 13.112024 0.57770 0.57437
051 10581 19.305861 12.962499 0.56430 0.56086
052 10813 19.246399 13.123045 0.58160 0.57475
053 10489 18.879465 12.985183 0.56278 0.56150
054 10856 19.292963 13.143620 0.57189 0.57548
055 10805 19.447408 13.150608 0.60453 0.57424
056 10926 19.326977 13.160321 0.56673 0.57605
057 10979 19.444156 13.165726 0.58526 0.57625
058 10905 19.342179 13.171948 0.56743 0.57516
059 10923 19.341694 13.179401 0.58335 0.57611
060 10908 19.264420 13.192046 0.59807 0.57493
061 10683 19.393287 13.045829 0.61336 0.56237
062 10828 19.352573 13.210041 0.58472 0.57796
063 10860 18.920792 13.218319 0.54933 0.57697
064 10762 18.710406 13.076678 0.53941 0.56237
065 10917 18.804046 13.221650 0.51471 0.57732
066 10862 19.165742 13.225753 0.53144 0.57741
067 10959 19.452991 13.220276 0.57025 0.57646
068 10819 19.483131 13.230883 0.55941 0.57706
069 10816 19.673439 13.082512 0.59153 0.56170
070 10789 19.368862 13.223743 0.58490 0.57549
071 10590 18.935912 13.094182 0.55215 0.56291
072 10921 18.992782 13.240155 0.52779 0.57766
073 10875 19.262962 13.234831 0.55074 0.57526
074 10903 19.210474 13.240060 0.55247 0.57756
075 10999 19.171277 13.247595 0.53932 0.57788
076 10851 19.323656 13.252931 0.54308 0.57686
077 10997 19.702157 13.265072 0.58540 0.57767
078 10809 19.324120 13.143447 0.55977 0.56335
079 10846 19.388234 13.269470 0.57284 0.57729
080 10991 19.677708 13.270478 0.60145 0.57787
081 10856 19.617851 13.265463 0.58506 0.57722
082 10657 19.571267 13.156136 0.57067 0.56249
083 10908 19.412177 13.273646 0.55983 0.57878
084 10858 19.637979 13.155454 0.60194 0.56327
085 10872 19.657842 13.268170 0.61299 0.57786
086 10994 19.544318 13.268685 0.60569 0.57960
087 10846 19.947653 13.152407 0.64275 0.56400
088 10893 20.074033 13.263038 0.65359 0.57724
089 10906 19.702067 13.263392 0.62520 0.57924
090 10851 19.419154 13.155683 0.58635 0.56443
091 10639 19.198499 13.153665 0.55977 0.56277
092 10886 19.011820 13.260974 0.54375 0.57759
093 10243 18.928314 12.996778 0.53659 0.54791
094 10954 19.148889 13.263109 0.56285 0.57750
095 10847 19.512710 13.179358 0.59327 0.56339
096 10625 19.457367 13.177212 0.58100 0.56175
