006 39722 29.601237 29.506579 0.97532 0.96656
007 40803 27.514685 30.241293 0.95199 0.96783
008 39358 25.544158 29.306860 0.92142 0.96497
009 39843 24.288425 29.415193 0.90035 0.96636
010 40979 23.674725 30.175210 0.87404 0.96763
011 39736 23.028497 29.497274 0.84672 0.96707
012 40973 22.930099 30.169382 0.84882 0.96715
013 40918 22.749843 30.194060 0.82134 0.96781
014 39447 22.470624 29.382288 0.78805 0.96575
015 40929 22.568112 30.112346 0.78882 0.96808
016 40851 22.294097 30.126476 0.79665 0.96745
017 40298 21.929711 29.445217 0.76878 0.96701
018 39650 21.731188 29.378742 0.73809 0.96606
019 39914 21.590536 29.411307 0.75637 0.96689
020 40095 21.216950 29.593130 0.74289 0.96757
021 40754 21.013098 30.117027 0.70860 0.96775
022 40294 21.065802 29.859872 0.69146 0.96753
023 40879 21.088770 30.089820 0.69737 0.96762
024 40695 21.368268 30.030571 0.73244 0.96745
025 39945 21.252084 29.396553 0.70543 0.96765
026 40877 21.419379 30.046464 0.68961 0.96785
027 40186 21.086312 29.888348 0.69616 0.96809
028 40703 20.814265 30.105346 0.69020 0.96802
029 39974 20.878653 29.428655 0.66559 0.96732
030 40522 20.884790 30.111097 0.66036 0.96795
031 40213 21.114252 29.865890 0.68661 0.96815
032 40825 21.015168 30.046932 0.69431 0.96823
033 40526 21.114184 30.005817 0.70898 0.96730
034 40213 21.023450 29.963392 0.68975 0.96768
035 40804 20.842541 30.051624 0.66944 0.96735
036 40190 20.531872 29.957866 0.65958 0.96764
037 40949 20.286606 30.022629 0.66260 0.96787
038 40518 20.321057 29.869775 0.65236 0.96787
039 40938 20.634638 29.997323 0.68611 0.96795
040 40733 20.591679 29.985037 0.67880 0.96771
041 40888 20.811635 30.036816 0.66365 0.96805
042 39930 20.719676 29.306680 0.64097 0.96699
043 40773 20.481766 29.966540 0.65228 0.96780
044 39926 20.423373 29.773623 0.66160 0.96726
045 40453 20.196029 29.868264 0.63387 0.96738
046 40910 20.154015 29.983676 0.65427 0.96764
047 40936 20.391271 30.031202 0.65118 0.96825
048 40714 20.402742 30.028915 0.66446 0.96777
049 40685 20.227662 29.932285 0.66885 0.96787
050 40831 20.264814 29.926553 0.68584 0.96778
051 40887 20.472883 29.966928 0.66684 0.96831
052 40895 20.481698 30.030068 0.65331 0.96832
053 40311 20.422340 29.980916 0.65408 0.96801
054 40461 19.834284 29.969691 0.59786 0.96783
055 40892 20.510752 30.025085 0.63911 0.96847
056 40576 20.342214 30.001307 0.64366 0.96837
057 40767 20.327216 30.058210 0.61823 0.96854
058 40502 20.182245 29.997568 0.61763 0.96843
059 40578 20.172601 30.025674 0.63562 0.96870
060 40890 19.943783 30.089712 0.61326 0.96867
061 39777 19.787189 29.549784 0.57987 0.96845
062 40763 20.141608 30.131109 0.60071 0.96908
063 40957 20.393808 30.138778 0.62813 0.96929
064 40975 20.094184 30.123055 0.62303 0.96882
065 39997 19.940214 29.891830 0.60307 0.96830
066 40573 20.280342 30.046809 0.64616 0.96854
067 40529 20.261502 30.016786 0.66835 0.96849
068 39794 19.990129 29.359829 0.64266 0.96845
069 40906 19.984183 30.045201 0.65681 0.96829
070 40903 20.069266 30.061377 0.65320 0.96890
071 39882 19.925233 29.681314 0.62965 0.96861
072 39959 20.109169 29.754078 0.64520 0.96836
073 40594 20.256758 30.042233 0.66795 0.96847
074 38952 19.905978 29.234224 0.63512 0.96650
075 40135 19.762311 29.829845 0.60035 0.96877
076 40851 20.062932 30.127942 0.62425 0.96940
077 39571 20.095923 29.397909 0.64273 0.96794
078 40216 20.112586 30.020656 0.65451 0.96906
079 39464 20.104483 29.380533 0.63631 0.96789
080 40050 20.521901 29.887538 0.67241 0.96916
081 40329 20.329079 30.007489 0.65113 0.96894
082 40488 20.488060 30.083038 0.65720 0.96911
083 40305 20.349961 29.866236 0.65163 0.96913
084 39998 20.080875 29.843930 0.64421 0.96866
085 40895 20.095843 30.154401 0.63502 0.96912
086 40772 20.578585 30.114992 0.67819 0.96916
087 40815 20.734214 30.003244 0.68279 0.96841
088 40356 20.379085 30.042586 0.64769 0.96937
089 40839 20.123268 30.171035 0.62700 0.96937
090 40764 19.990542 30.045617 0.61890 0.96882
091 40628 19.838613 30.024242 0.61327 0.96886
092 40419 19.709158 30.016337 0.60569 0.96886
093 40889 19.956696 29.942226 0.62672 0.96858
094 39825 19.915135 29.635467 0.62137 0.96855
095 40030 20.157079 29.684586 0.64803 0.96917
096 40730 20.107689 29.905496 0.65373 0.96882
