006 20488 29.552469 16.736979 0.97507 0.80799
007 20806 27.291613 17.303449 0.95068 0.81920
008 20514 25.388457 17.299876 0.91998 0.81810
009 20105 24.195424 16.148495 0.89956 0.79665
010 20564 23.419263 17.294063 0.87416 0.81704
011 19649 22.997881 15.918506 0.84299 0.78641
012 20060 22.367630 16.153236 0.81390 0.79408
013 20503 21.894629 16.742528 0.78242 0.80664
014 19394 21.643186 15.929168 0.75507 0.78587
015 20426 21.414362 16.738694 0.75387 0.80482
016 20735 21.616753 17.312991 0.75149 0.81855
017 20094 21.520214 16.157098 0.76867 0.79410
018 19455 21.131976 15.922892 0.74731 0.78473
019 20546 21.092178 16.751055 0.72481 0.80601
020 20295 21.219869 16.753298 0.70576 0.80591
021 20845 21.505204 17.312778 0.72175 0.81891
022 20827 21.557825 17.299657 0.71522 0.81800
023 20705 21.347022 17.310170 0.73643 0.81846
024 19621 20.823089 15.921926 0.71428 0.78364
025 20332 20.730453 16.745130 0.68464 0.80536
026 19987 20.725231 16.173159 0.66413 0.79531
027 20611 20.580920 17.291506 0.64083 0.81703
028 20899 20.688562 17.320906 0.65604 0.82058
029 19698 20.260859 15.949968 0.63598 0.78437
030 20684 20.344685 17.309230 0.62926 0.81783
031 20272 20.356875 16.775681 0.64887 0.80734
032 20888 20.482062 17.292850 0.65146 0.81582
033 20924 20.702656 17.805135 0.67525 0.83033
034 19878 20.674829 16.204726 0.65412 0.79349
035 20373 20.548184 16.773212 0.64580 0.80519
036 20792 20.217291 17.314762 0.65068 0.81886
037 20528 19.964213 16.767156 0.64419 0.80367
038 20079 19.948091 16.222044 0.62254 0.79612
039 20216 19.542808 16.215184 0.59642 0.79192
040 20870 19.559008 17.307678 0.62092 0.81812
041 20403 19.526563 16.790675 0.58812 0.80591
042 20632 19.714506 17.310873 0.61262 0.81767
043 20185 19.771286 16.253801 0.59655 0.79560
044 20761 19.877693 17.302468 0.62515 0.81519
045 19847 19.614040 16.010008 0.62175 0.78306
046 20098 19.435836 16.257014 0.57429 0.79406
047 20144 19.533660 16.268196 0.55886 0.79540
048 20946 19.471411 17.341127 0.57751 0.81781
049 19532 19.108721 16.035097 0.54958 0.78373
050 20869 19.446072 17.841156 0.55662 0.82722
051 20849 19.758192 17.343328 0.59975 0.81876
052 20713 19.707899 17.337420 0.61583 0.81785
053 20988 19.688822 17.359477 0.62672 0.81796
054 20329 19.696587 16.878941 0.58175 0.80596
055 20967 19.524283 17.352856 0.55766 0.81702
056 20764 19.497482 17.366408 0.57776 0.82037
057 20697 19.357902 17.368859 0.57366 0.81920
058 20831 19.624384 17.371010 0.60925 0.81834
059 20953 19.381053 17.374333 0.57608 0.81960
060 20137 18.993346 16.365825 0.55411 0.79561
061 20675 18.973658 16.931322 0.56069 0.80855
062 19999 18.804069 16.387197 0.54208 0.79879
063 20058 18.550815 16.388272 0.53817 0.79712
064 20236 18.649390 16.396399 0.51399 0.79855
065 20743 18.970333 17.406267 0.54812 0.81986
066 20924 19.185606 17.399593 0.57736 0.81933
067 20882 19.275684 17.946542 0.57908 0.83049
068 19569 19.136306 16.158415 0.58613 0.78607
069 19656 18.903300 16.146917 0.56996 0.78553
070 20458 19.054029 16.955260 0.59671 0.80682
071 20104 19.126214 16.416702 0.58373 0.79839
072 20986 19.128478 17.409736 0.59955 0.81944
073 20654 19.139447 17.409013 0.55492 0.81745
074 20953 19.200760 17.422818 0.56094 0.82022
075 20251 19.011210 16.438422 0.55450 0.79905
076 20826 18.983147 17.438837 0.52715 0.81897
077 20258 18.928126 16.456317 0.51606 0.79873
078 20767 19.339578 17.448224 0.56083 0.82142
079 19678 18.876568 16.223165 0.51570 0.78675
080 19481 18.885098 16.221555 0.52972 0.78681
081 20920 19.239541 17.450810 0.56018 0.81999
082 20850 19.005859 17.465433 0.55074 0.81996
083 20766 18.978159 17.469848 0.55074 0.82019
084 20972 19.406688 17.455602 0.58244 0.81897
085 20578 19.238245 17.021294 0.57286 0.80834
086 20141 19.337165 16.501752 0.56249 0.80013
087 20797 19.589056 17.463092 0.58153 0.81901
088 20682 19.074097 17.481918 0.54999 0.81748
089 20701 19.087728 17.499043 0.54341 0.81946
090 20872 19.689363 17.486772 0.59341 0.81957
091 20593 19.154148 17.029192 0.54811 0.80665
092 19089 18.841563 16.025114 0.52485 0.77328
093 19909 18.890423 16.523712 0.50742 0.79630
094 20811 19.298745 17.498857 0.54962 0.81761
095 20812 19.357680 17.512640 0.57060 0.81801
096 20234 19.217190 16.541460 0.57044 0.79507
