002 2971 41.844551 27.941672 0.97976 0.81527
003 2846 41.179103 27.563003 0.97851 0.80921
004 2995 39.528397 28.166216 0.97696 0.81823
005 2962 38.069704 27.969172 0.97533 0.81766
006 2888 37.934888 27.763522 0.97416 0.81341
007 2993 37.769187 28.318395 0.97318 0.82090
008 2994 38.497729 28.003083 0.97312 0.81807
009 2979 40.458591 28.317199 0.97561 0.82044
010 2987 40.539871 28.017286 0.97574 0.81835
011 3000 40.450415 28.002179 0.97575 0.81799
012 2999 40.288750 28.205072 0.97529 0.81981
013 2985 41.429105 27.981281 0.97608 0.81787
014 2979 41.752970 27.960568 0.97693 0.81768
015 2976 40.867447 27.969339 0.97447 0.81817
016 2993 40.458990 28.166749 0.97421 0.81955
017 2966 40.626736 27.773934 0.97416 0.81408
018 2999 40.102884 28.298860 0.97320 0.82057
019 2981 39.598270 27.953306 0.97286 0.81633
020 2995 39.264283 27.964200 0.97266 0.81731
021 2971 38.780714 27.934150 0.97142 0.81720
022 2989 38.112044 27.944885 0.97038 0.81707
023 2993 38.582532 27.952683 0.97251 0.81665
024 2941 38.697014 27.926186 0.97234 0.81501
025 2949 38.323328 27.786658 0.97125 0.81607
026 2984 39.131625 27.806524 0.96924 0.81206
027 2979 39.197583 27.825730 0.96983 0.81186
028 2987 38.563255 27.811813 0.96793 0.81095
029 2957 38.831875 27.785376 0.96846 0.81032
030 2976 38.093863 27.902995 0.96631 0.81496
031 2998 38.602190 27.833156 0.96813 0.81301
032 2988 36.989549 28.013676 0.96186 0.81825
033 2850 37.811982 27.421140 0.96570 0.80506
034 2965 37.716793 27.637456 0.96361 0.81076
035 2803 38.333214 27.419374 0.96833 0.80352
036 2830 37.863094 27.361181 0.96654 0.80181
037 2981 38.328670 27.878284 0.96798 0.81272
038 2991 38.450021 28.013582 0.96877 0.81319
039 2952 39.572203 27.830005 0.97297 0.81622
040 2976 38.798667 27.906964 0.97058 0.81507
041 2980 38.387024 27.941826 0.97055 0.82332
042 2894 39.358442 27.800580 0.97379 0.81783
043 2960 39.530904 28.261327 0.97114 0.82472
044 2984 39.781311 27.993538 0.97093 0.81670
045 2965 41.177805 27.827667 0.97407 0.81482
046 2994 40.071357 28.093596 0.97116 0.81611
047 2975 41.346977 28.051683 0.97276 0.81499
048 2959 40.247447 27.795396 0.97147 0.80971
049 2980 39.966062 27.995193 0.96914 0.81267
050 2830 39.418528 27.476242 0.96760 0.80624
051 2999 39.791146 28.046669 0.96769 0.81551
