002 954 37.869555 10.449303 0.97329 0.46715
003 979 35.423587 10.461974 0.97077 0.46853
004 999 36.831314 10.599596 0.96874 0.48077
005 991 36.142643 10.609223 0.97129 0.48124
006 930 36.042773 10.487532 0.96762 0.47049
007 977 35.235759 10.494554 0.96759 0.47108
008 944 35.966275 10.498393 0.96673 0.47137
009 950 34.886871 10.504178 0.96352 0.47181
010 905 34.429441 10.507994 0.96420 0.47198
011 921 36.637917 10.510539 0.96826 0.47228
012 947 35.961261 10.513377 0.96521 0.47288
013 896 38.834281 10.515951 0.96818 0.47296
014 904 38.135924 10.517561 0.96670 0.47316
015 880 37.430594 10.385452 0.96445 0.46254
016 916 35.942068 10.521909 0.96837 0.47358
017 861 36.899751 10.389891 0.96496 0.46201
018 939 35.510799 10.525644 0.96144 0.47393
019 958 35.816470 10.527773 0.96851 0.47386
020 995 36.609023 10.661264 0.96470 0.48551
021 925 35.750456 10.531627 0.96746 0.47402
022 900 35.315499 10.397936 0.96312 0.46272
023 974 35.296630 10.535270 0.96752 0.47424
024 949 35.499436 10.535589 0.96143 0.47431
025 983 35.455940 10.537280 0.96615 0.47571
026 1000 35.602851 10.681297 0.96013 0.48468
027 938 35.757376 10.537148 0.96550 0.47254
028 980 35.576918 10.539218 0.95876 0.47198
029 873 35.096111 10.403084 0.96221 0.46050
030 922 34.371316 10.545931 0.95349 0.47416
031 992 34.760625 10.544607 0.96190 0.47245
032 940 34.905922 10.551079 0.95522 0.47607
033 981 34.965415 10.546577 0.96000 0.47257
034 971 35.216102 10.548874 0.95666 0.47321
035 950 35.352624 10.548235 0.96287 0.47265
036 956 35.390035 10.550417 0.95661 0.47211
037 942 35.437240 10.553443 0.96236 0.47420
038 975 35.046940 10.553332 0.95718 0.47263
039 952 35.261530 10.560415 0.96338 0.47759
040 961 35.338210 10.559150 0.95875 0.47480
041 960 35.262776 10.570278 0.96231 0.48292
042 940 35.813549 10.546409 0.96201 0.47838
043 958 35.650758 10.545398 0.96488 0.48016
044 960 35.405994 10.541954 0.95983 0.47502
045 964 35.368335 10.543050 0.96370 0.47574
046 961 35.417072 10.543254 0.95725 0.47307
047 983 35.698765 10.545597 0.96349 0.47371
048 952 35.589650 10.546635 0.95912 0.47268
049 996 35.722446 10.547958 0.96386 0.47278
050 994 35.543329 10.551977 0.95590 0.47404
051 911 35.824128 10.551717 0.96291 0.47386
