002 3510 41.895056 29.277510 0.98032 0.84047
003 3561 41.249855 29.433651 0.97942 0.84337
004 3632 39.640948 29.492942 0.97782 0.84529
005 3948 38.171092 30.380477 0.97639 0.86158
006 3983 38.090150 30.553451 0.97552 0.86304
007 3603 37.825993 29.486465 0.97425 0.84516
008 3996 38.852010 30.430179 0.97502 0.86246
009 3599 40.932327 29.476877 0.97769 0.84492
010 3767 41.097615 29.895080 0.97765 0.85336
011 3612 42.334763 29.418861 0.97883 0.84505
012 3810 42.703152 30.126461 0.97912 0.85588
013 4000 41.913398 30.414847 0.97782 0.86203
014 3762 42.530548 29.743196 0.97926 0.85049
015 3852 41.646908 29.898956 0.97787 0.85525
016 3974 41.280385 30.434043 0.97760 0.86218
017 3849 41.363981 29.900575 0.97743 0.85364
018 3750 40.651802 29.689404 0.97657 0.84878
019 3892 40.559874 30.184016 0.97691 0.85708
020 3885 39.948379 30.125694 0.97519 0.85711
021 3810 38.455425 29.839438 0.97514 0.85330
022 3978 39.056177 30.351887 0.97460 0.86041
023 3671 39.131443 29.494796 0.97480 0.84555
024 3905 38.785264 30.270774 0.97366 0.85744
025 3645 38.140203 29.537925 0.97362 0.84855
026 3959 39.020413 30.184863 0.97281 0.85512
027 3966 38.727387 30.252283 0.97206 0.85694
028 3973 38.584003 30.234717 0.97121 0.85651
029 3912 38.724052 30.123839 0.97185 0.85304
030 3967 37.751375 30.342783 0.96724 0.86016
031 3961 39.375126 30.191735 0.97186 0.85540
032 3816 38.365135 29.914193 0.96930 0.85507
033 3899 39.177948 30.083206 0.97142 0.85377
034 3999 38.956974 30.285041 0.96938 0.85897
035 3841 39.098685 30.021859 0.97081 0.85147
036 3888 39.747819 30.114264 0.97231 0.85199
037 3738 38.878992 29.627313 0.97097 0.84597
038 3928 39.117143 30.181792 0.97063 0.85447
039 3553 39.473402 29.412796 0.97308 0.84457
040 3847 39.477375 30.051846 0.97127 0.85465
041 3617 39.332471 29.729438 0.97079 0.85405
042 3975 39.539928 30.701945 0.97093 0.86857
043 3643 40.540197 29.829952 0.97340 0.85391
044 3866 40.660727 30.150510 0.97293 0.85572
045 3897 40.989909 30.293759 0.97415 0.85883
046 3945 40.330256 30.297416 0.97174 0.85719
047 3978 40.710718 30.334064 0.97203 0.85779
048 3725 39.538061 29.558532 0.97201 0.84415
049 3968 40.219119 30.210055 0.97139 0.85488
050 3906 40.722755 30.138301 0.97208 0.85616
051 3938 40.926080 30.275133 0.97321 0.85745
