002 4865 44.204859 33.103815 0.98258 0.87820
003 4260 43.257068 33.468474 0.98132 0.88029
004 5000 43.469314 33.469317 0.98098 0.88053
005 4992 42.558992 33.456069 0.98031 0.88260
006 4996 42.230322 33.508877 0.97951 0.88076
007 4981 42.216720 33.461836 0.97950 0.88061
008 5000 42.123378 33.536655 0.97934 0.88252
009 4998 43.167017 33.466319 0.97942 0.88096
010 5000 42.519176 33.507445 0.97793 0.88194
011 4687 42.870685 33.459054 0.97913 0.88243
012 4784 42.060904 33.481363 0.97961 0.88059
013 4686 42.810603 33.576834 0.97996 0.88202
014 5000 41.751083 33.502676 0.97825 0.88196
015 4977 42.062818 33.464501 0.97838 0.88339
016 4286 41.509329 33.485051 0.97825 0.88169
017 4996 41.555012 33.489002 0.97785 0.88171
018 4286 41.142602 33.458210 0.97797 0.88030
019 4984 40.617686 33.404543 0.97677 0.88061
020 4291 39.831871 33.443056 0.97675 0.88150
021 4941 38.516829 33.348937 0.97480 0.88087
022 4975 39.309315 33.382016 0.97593 0.88103
023 4980 39.003776 33.453657 0.97478 0.88064
024 5000 39.809916 33.553186 0.97556 0.88094
025 4478 40.291248 33.575398 0.97563 0.88407
026 4932 38.361414 33.129223 0.97030 0.87705
027 4538 38.328322 33.304914 0.97268 0.87775
028 4961 39.779224 33.184363 0.97275 0.87676
029 4967 39.599806 33.137928 0.97219 0.87619
030 4903 38.510075 33.165721 0.96811 0.87987
031 4981 40.249248 33.158547 0.97099 0.87813
032 4995 38.861901 33.477784 0.96667 0.88314
033 4861 39.596838 32.993101 0.96819 0.87637
034 4326 39.044490 33.231858 0.96772 0.88008
035 4985 38.646199 33.263835 0.96437 0.87659
036 4981 39.509400 33.142330 0.96811 0.87496
037 4982 39.898629 33.325755 0.97085 0.87806
038 4836 39.583234 32.945471 0.97145 0.87437
039 4951 40.638278 33.534544 0.97160 0.88299
040 4959 40.871212 33.322949 0.97414 0.88048
041 4915 40.806990 33.944293 0.97312 0.89091
042 4964 41.546818 33.860413 0.97465 0.88788
043 5000 40.772066 33.955299 0.97292 0.88870
044 4489 41.891198 33.596568 0.97491 0.88150
045 5000 41.431870 33.623737 0.97709 0.88349
046 4990 41.533089 33.295239 0.97677 0.87812
047 5000 42.306821 33.403168 0.97925 0.87852
048 4939 42.124734 33.133379 0.97858 0.87591
049 5000 42.310974 33.217652 0.97913 0.87582
050 4536 42.375366 33.320175 0.97965 0.87995
051 5000 41.838821 33.312840 0.97863 0.87873

