002 9100 47.918957 40.801656  
003 9168 47.677865 40.819523  
004 9134 47.638994 40.881232  
005 6699 44.134846 39.177178  
006 6650 44.455222 39.206491  
007 6727 44.471455 39.298770  
008 6711 44.374444 39.256027  
009 6721 43.671062 39.279757  
010 6760 43.380764 39.295518  
011 6653 42.516040 39.193793  
012 1227 40.890698 27.070026  
013 6648 42.015144 39.183921  
014 1227 40.906895 27.072111  
015 1217 40.514453 27.065949  
016 1230 40.658339 27.070958  
017 1237 40.560313 27.067490  
018 6797 41.885183 39.366649  
019 1235 39.598897 27.149923  
020 1229 39.379397 27.051509  
021 1228 39.168675 27.037342  
022 6772 41.141813 39.332480  
023 1221 39.238392 27.054356  
024 1226 38.951926 26.917493  
025 6812 40.897090 39.438519  
026 1250 39.107437 27.069967  
027 1236 39.184854 27.088745  
028 1222 38.730230 26.987020  
029 1233 38.682152 27.067548  
030 6894 39.774989 39.357775  
031 1222 39.395225 26.995000  
032 1211 38.860158 27.067091  
033 1235 38.862798 27.087175  
034 6869 40.063870 39.240759  
035 1229 39.633272 27.071549  
036 1229 39.318732 26.962409  
037 1230 39.357780 27.010181  
038 1230 38.895187 26.951913  
039 1242 38.937053 27.067243  
040 1224 38.876514 27.012578  
041 3436 40.821584 33.923464  
042 1227 40.729004 27.162979  
043 1242 40.229604 27.217102  
044 6752 42.196372 39.312436  
045 1227 41.431904 27.207036  
046 1228 40.602993 27.042173  
047 1223 40.571527 27.039028  
048 1215 39.926524 27.009536  
049 1222 39.856395 26.867404  
050 1212 39.415785 27.035578  
