002 1989 45.035260 29.409075  
003 1993 41.218304 29.183399  
004 1948 41.428661 29.194435  
005 1973 42.138037 29.426291  
006 1990 42.061807 29.205395  
007 1998 42.059625 29.436041  
008 1997 42.037413 29.434179  
009 1935 41.625997 29.178051  
010 1950 41.451675 29.197967  
011 1918 40.880761 29.201558  
012 1937 40.620697 29.186886  
013 1224 39.850729 27.066589  
014 1904 40.358971 29.128358  
015 1217 39.856930 27.065949  
016 1230 39.816403 27.070958  
017 1237 39.685931 27.067490  
018 1961 39.899124 29.172093  
019 1235 38.473720 27.149923  
020 1229 38.315033 27.051509  
021 1956 39.549729 29.147599  
022 1242 38.181362 27.031929  
023 1998 39.503424 29.394860  
024 1226 38.258466 26.917493  
025 1232 38.204224 27.066676  
026 2000 38.901722 29.308661  
027 1236 38.384277 27.088745  
028 1222 37.975614 26.987020  
029 1233 37.827288 27.067548  
030 1975 38.498352 29.103502  
031 1222 38.241269 26.995000  
032 1211 37.853583 27.067091  
033 1970 38.693951 29.307459  
034 1233 38.283868 27.088707  
035 1229 38.240953 27.071549  
036 1229 38.036077 26.962409  
037 1230 38.134657 27.010181  
038 1230 37.842438 26.951913  
039 1242 38.014526 27.067243  
040 1224 37.917460 27.012578  
041 1235 37.855384 27.195024  
042 1980 38.799698 29.317491  
043 1908 39.953334 29.332452  
044 1237 39.533762 27.089021  
045 1227 39.311242 27.207036  
046 1228 38.725811 27.042173  
047 1223 38.721437 27.039028  
048 1215 38.222487 27.009536  
049 1222 38.166798 26.867404  
050 1972 38.889446 29.099628  
