002 4903 46.374515 37.805749  
003 4786 41.780808 37.475940  
004 4827 42.105315 37.686615  
005 4933 42.910530 37.843891  
006 4983 42.845753 37.938575  
007 3943 42.735665 35.787811  
008 4994 42.807061 37.910488  
009 4908 42.334983 37.840103  
010 5000 42.110282 37.958966  
011 4800 41.440536 37.546452  
012 1227 40.183875 27.070026  
013 4863 41.092212 37.712361  
014 1227 40.190684 27.072111  
015 1217 39.902431 27.065949  
016 1230 40.021100 27.070958  
017 1237 39.947631 27.067490  
018 4659 40.944455 37.217550  
019 1235 39.045896 27.149923  
020 1229 38.890794 27.051509  
021 1228 38.700612 27.037342  
022 1242 38.462033 27.031929  
023 4652 40.373201 37.156415  
024 1226 38.807905 26.917493  
025 1232 38.715139 27.066676  
026 4673 39.751593 36.985288  
027 1236 39.009780 27.088745  
028 1222 38.568775 26.987020  
029 1233 38.443292 27.067548  
030 1222 37.914584 27.023205  
031 4690 39.689440 37.051336  
032 1211 38.755950 27.067091  
033 1235 38.743744 27.087175  
034 1233 38.496000 27.088707  
035 4762 39.755244 37.267688  
036 1229 39.085839 26.962409  
037 1230 39.124220 27.010181  
038 1230 38.761545 26.951913  
039 1242 38.812254 27.067243  
040 1224 38.572334 27.012578  
041 1235 38.399190 27.195024  
042 1227 38.383162 27.162979  
043 3419 41.095174 33.549317  
044 4626 43.232936 37.123253  
045 1227 42.134191 27.207036  
046 1228 40.964431 27.042173  
047 1223 40.832501 27.039028  
048 1215 40.085614 27.009536  
049 1222 39.974990 26.867404  
050 1212 39.493856 27.035578  
