002 2862 45.276843 31.980770  
003 2878 41.506527 31.988520  
004 2975 41.816480 32.362417  
005 2923 42.552493 32.224225  
006 2708 42.455599 31.818344  
007 2708 42.463000 31.859522  
008 2650 42.424041 31.710689  
009 2942 42.044933 32.262000  
010 2977 41.826470 32.374756  
011 2892 41.202136 32.032546  
012 2884 40.931113 32.025315  
013 1224 40.061097 27.066589  
014 2832 40.635058 31.987283  
015 1217 40.072745 27.065949  
016 1230 40.017504 27.070958  
017 1237 39.878270 27.067490  
018 2916 40.605230 32.214856  
019 1235 38.912829 27.149923  
020 1229 38.758954 27.051509  
021 1228 38.581209 27.037342  
022 2924 40.162294 32.188076  
023 1221 38.628946 27.054356  
024 1226 38.392118 26.917493  
025 2856 39.978013 32.023943  
026 1250 38.499347 27.069967  
027 1236 38.548876 27.088745  
028 1222 38.148067 26.987020  
029 1233 38.063873 27.067548  
030 2934 39.029476 32.171679  
031 1222 38.718614 26.995000  
032 1211 38.269795 27.067091  
033 1235 38.243193 27.087175  
034 2960 39.228735 32.192813  
035 1229 38.894201 27.071549  
036 1229 38.610170 26.962409  
037 1230 38.680155 27.010181  
038 1230 38.265301 26.951913  
039 1242 38.348673 27.067243  
040 1224 38.274690 27.012578  
041 1235 38.063877 27.195024  
042 1227 38.105189 27.162979  
043 2792 39.189320 32.205136  
044 2850 42.611397 32.014863  
045 1227 41.814746 27.207036  
046 1228 40.549995 27.042173  
047 1223 40.390743 27.039028  
048 1215 39.546678 27.009536  
049 1222 39.478893 26.867404  
050 1212 39.095030 27.035578  
