002 5466 46.800463 38.134669  
003 5258 41.803648 38.013544  
004 5304 42.132584 38.089355  
005 5453 42.947320 38.153274  
006 5482 42.880873 38.224462  
007 5571 42.875466 38.283393  
008 5547 42.851015 38.252043  
009 5390 42.362386 38.150985  
010 5507 42.142370 38.249388  
011 5271 41.458759 38.100868  
012 1227 40.194615 27.070026  
013 5361 41.112687 38.108095  
014 1227 40.215857 27.072111  
015 1217 39.925682 27.065949  
016 1230 40.043597 27.070958  
017 1237 39.963076 27.067490  
018 5687 41.033441 38.328086  
019 1235 39.099102 27.149923  
020 1229 38.940904 27.051509  
021 1228 38.742897 27.037342  
022 5763 40.506839 38.394545  
023 1221 38.832513 27.054356  
024 1226 38.579497 26.917493  
025 5726 40.311851 38.425732  
026 1250 38.723831 27.069967  
027 1236 38.772773 27.088745  
028 1222 38.358677 26.987020  
029 1233 38.301205 27.067548  
030 5769 39.347361 38.303456  
031 1222 38.988995 26.995000  
032 1211 38.503952 27.067091  
033 5778 39.646098 38.212560  
034 1233 39.037427 27.088707  
035 1229 38.947677 27.071549  
036 1229 38.786945 26.962409  
037 1230 38.790243 27.010181  
038 1230 38.475804 26.951913  
039 1242 38.569019 27.067243  
040 1224 38.555226 27.012578  
041 1235 38.323036 27.195024  
042 1227 38.416157 27.162979  
043 3419 41.217121 33.549317  
044 1237 41.178227 27.089021  
045 1227 40.707419 27.207036  
046 5729 41.812325 38.173528  
047 1223 41.467144 27.039028  
048 1215 40.585530 27.009536  
049 1222 40.458928 26.867404  
050 1212 39.930037 27.035578  
