002 7881 47.699696 40.064325  
003 7957 47.378345 40.128873  
004 7987 47.379418 40.204957  
005 6699 44.060710 39.177178  
006 6650 44.367578 39.206491  
007 6727 44.395246 39.298770  
008 6711 44.301557 39.256027  
009 6721 43.611681 39.279757  
010 6760 43.328503 39.295518  
011 6653 42.478006 39.193793  
012 1227 40.864565 27.070026  
013 6648 41.983143 39.183921  
014 1227 40.873911 27.072111  
015 1217 40.476855 27.065949  
016 1230 40.633996 27.070958  
017 1237 40.544002 27.067490  
018 6797 41.868186 39.366649  
019 1235 39.596013 27.149923  
020 1229 39.383336 27.051509  
021 1228 39.168246 27.037342  
022 6772 41.140444 39.332480  
023 1221 39.232333 27.054356  
024 1226 38.951056 26.917493  
025 6812 40.926702 39.438519  
026 1250 39.124333 27.069967  
027 1236 39.185578 27.088745  
028 1222 38.721140 26.987020  
029 1233 38.668792 27.067548  
030 6894 39.763536 39.357775  
031 1222 39.404973 26.995000  
032 1211 38.889160 27.067091  
033 1235 38.890468 27.087175  
034 6869 40.107205 39.240759  
035 1229 39.662405 27.071549  
036 1229 39.333848 26.962409  
037 1230 39.372567 27.010181  
038 1230 38.902427 26.951913  
039 1242 38.938322 27.067243  
040 1224 38.869753 27.012578  
041 1235 38.571032 27.195024  
042 1227 38.659702 27.162979  
043 7767 43.968755 40.483007  
044 1237 42.653508 27.089021  
045 1227 41.754311 27.207036  
046 1228 40.592980 27.042173  
047 1223 40.559180 27.039028  
048 1215 39.772278 27.009536  
049 1222 39.707403 26.867404  
050 1212 39.257628 27.035578  
