002 7881 47.699696 40.064325  
003 8659 47.595062 40.506495  
004 8576 47.548425 40.547055  
005 6699 44.122684 39.177178  
006 6650 44.462299 39.206491  
007 6727 44.467128 39.298770  
008 6711 44.363861 39.256027  
009 6721 43.673916 39.279757  
010 6760 43.379294 39.295518  
011 6653 42.513794 39.193793  
012 1227 40.893107 27.070026  
013 6648 42.020264 39.183921  
014 1227 40.912861 27.072111  
015 1217 40.514516 27.065949  
016 1230 40.667584 27.070958  
017 1237 40.575158 27.067490  
018 6797 41.901577 39.366649  
019 1235 39.619527 27.149923  
020 1229 39.404735 27.051509  
021 1228 39.197248 27.037342  
022 6772 41.200402 39.332480  
023 1221 39.273205 27.054356  
024 1226 38.986211 26.917493  
025 6812 40.973797 39.438519  
026 1250 39.164869 27.069967  
027 1236 39.231712 27.088745  
028 1222 38.774366 26.987020  
029 1233 38.721880 27.067548  
030 6894 39.852620 39.357775  
031 1222 39.454229 26.995000  
032 1211 38.917809 27.067091  
033 1235 38.911604 27.087175  
034 6869 40.141709 39.240759  
035 1229 39.688128 27.071549  
036 1229 39.365306 26.962409  
037 1230 39.391675 27.010181  
038 1230 38.923625 26.951913  
039 1242 38.955117 27.067243  
040 1224 38.886235 27.012578  
041 1235 38.569860 27.195024  
042 3411 41.076035 33.459227  
043 1242 40.610578 27.217102  
044 6752 42.770076 39.312436  
045 1227 41.801260 27.207036  
046 1228 40.810581 27.042173  
047 1223 40.736076 27.039028  
048 1215 40.063053 27.009536  
049 1222 39.956859 26.867404  
050 1212 39.492587 27.035578  
