002 3966 44.438907 35.673350  
003 3845 41.699801 34.490658  
004 3865 42.013049 34.919293  
005 3918 42.809848 35.145139  
006 3875 42.740613 34.736605  
007 3943 42.741882 35.787811  
008 3935 42.709404 35.765315  
009 3901 42.253849 35.495492  
010 3864 42.015294 34.943898  
011 3875 41.378601 34.626685  
012 1227 40.170256 27.070026  
013 3783 41.022356 34.407143  
014 1227 40.194250 27.072111  
015 1217 39.891733 27.065949  
016 1230 40.014492 27.070958  
017 1237 39.933897 27.067490  
018 3564 40.782752 33.829693  
019 1235 38.969709 27.149923  
020 1229 38.823954 27.051509  
021 1228 38.616792 27.037342  
022 3592 40.283076 33.895139  
023 1221 38.692765 27.054356  
024 1226 38.460941 26.917493  
025 3542 40.105004 33.884079  
026 1250 38.589069 27.069967  
027 1236 38.644147 27.088745  
028 1222 38.233390 26.987020  
029 1233 38.172503 27.067548  
030 3516 39.162114 33.674532  
031 1222 38.829928 26.995000  
032 1211 38.360238 27.067091  
033 3512 39.452466 33.690433  
034 1233 38.898740 27.088707  
035 1229 38.820015 27.071549  
036 1229 38.647155 26.962409  
037 1230 38.670024 27.010181  
038 3508 39.488919 33.551232  
039 1242 39.396901 27.067243  
040 1224 38.988681 27.012578  
041 1235 38.734932 27.195024  
042 1227 38.612016 27.162979  
043 1242 38.397255 27.217102  
044 3422 41.248914 33.250263  
045 1227 40.754411 27.207036  
046 1228 40.015688 27.042173  
047 3509 41.830212 33.675293  
048 1215 40.694662 27.009536  
049 1222 40.510671 26.867404  
050 1212 39.910632 27.035578  
