002 6451 47.313771 38.936317  
003 6985 45.715741 39.550078  
004 6956 45.872617 39.583903  
005 6699 43.613372 39.177178  
006 6650 43.924248 39.206491  
007 6727 43.926670 39.298770  
008 6711 43.832706 39.256027  
009 6721 43.170767 39.279757  
010 6760 42.916853 39.295518  
011 6653 42.147062 39.193793  
012 1227 40.632160 27.070026  
013 6648 41.719507 39.183921  
014 1227 40.703218 27.072111  
015 1217 40.321253 27.065949  
016 1230 40.458062 27.070958  
017 1237 40.365465 27.067490  
018 6797 41.631227 39.366649  
019 1235 39.456322 27.149923  
020 1229 39.263800 27.051509  
021 1228 39.042251 27.037342  
022 6772 40.943490 39.332480  
023 1221 39.091912 27.054356  
024 1226 38.818015 26.917493  
025 6812 40.699717 39.438519  
026 1250 38.957896 27.069967  
027 1236 39.035484 27.088745  
028 1222 38.590560 26.987020  
029 1233 38.537309 27.067548  
030 6894 39.605473 39.357775  
031 1222 39.231701 26.995000  
032 1211 38.736072 27.067091  
033 1235 38.749307 27.087175  
034 6869 39.917301 39.240759  
035 1229 39.492104 27.071549  
036 1229 39.171030 26.962409  
037 1230 39.198301 27.010181  
038 1230 38.746590 26.951913  
039 1242 38.807872 27.067243  
040 1224 38.737613 27.012578  
041 1235 38.504342 27.195024  
042 3411 41.075813 33.459227  
043 1242 40.610273 27.217102  
044 6752 42.769604 39.312436  
045 1227 41.800913 27.207036  
046 1228 40.810333 27.042173  
047 1223 40.735874 27.039028  
048 1215 40.062927 27.009536  
049 1222 39.956733 26.867404  
050 1212 39.492347 27.035578  
