002 871 41.699028 24.590978  
003 906 40.525894 24.568754  
004 888 40.901047 24.582889  
005 914 40.986069 25.982480  
006 929 40.986053 25.990244  
007 909 40.912150 26.005054  
008 926 41.059999 25.976145  
009 917 40.787571 25.976569  
010 902 40.812412 25.993882  
011 915 40.601091 25.978836  
012 916 40.389863 25.980359  
013 949 39.817410 26.029617  
014 897 40.173615 25.979035  
015 874 39.748452 25.987780  
016 991 39.950270 26.033215  
017 949 39.879571 26.033253  
018 979 40.024270 26.016922  
019 993 39.552068 26.018882  
020 938 39.059788 25.971099  
021 971 39.662909 26.006619  
022 934 39.359754 25.955691  
023 992 38.860483 26.017691  
024 979 39.523641 26.014707  
025 996 39.358734 26.030140  
026 995 38.616731 25.964755  
027 938 38.647495 25.971967  
028 988 38.323219 25.961109  
029 998 38.369704 26.267966  
030 972 38.604006 25.991207  
031 994 38.950955 26.278224  
032 988 38.384461 26.022449  
033 946 39.024163 25.964569  
034 998 38.805389 26.282683  
035 1000 38.945434 26.270623  
036 941 38.652302 25.944623  
037 995 38.807977 26.295033  
038 991 38.460095 25.934836  
039 943 38.613938 26.018329  
040 999 38.450399 25.969352  
041 949 38.359779 26.108168  
042 990 38.413167 26.097146  
043 986 40.427782 26.130239  
044 992 40.463864 26.025686  
045 926 41.043628 26.046478  
046 990 40.408609 25.991863  
047 994 40.374800 25.991381  
048 990 39.645410 25.966639  
049 999 39.574427 25.959239  
050 1000 39.091955 25.977845  
