002 8960 44.925041 36.692257 0.98509 0.92872
003 8984 43.508719 36.747690 0.98088 0.92960
004 8384 44.381757 36.432558 0.98383 0.92178
005 8493 44.537584 36.474140 0.98360 0.92405
006 8542 44.361459 36.459560 0.98321 0.92461
007 8759 44.349591 36.604815 0.98305 0.92783
008 8977 43.489949 36.771611 0.98245 0.92991
009 8901 44.005427 36.693072 0.98267 0.92898
010 8821 43.895022 36.611082 0.98213 0.92770
011 8776 44.094173 36.625698 0.98152 0.92706
012 8306 43.963152 36.348911 0.98144 0.92137
013 8927 44.075923 36.748672 0.98221 0.92942
014 8501 44.045550 36.469191 0.98240 0.92526
015 8405 43.794693 36.377540 0.98190 0.92369
016 8955 43.354611 36.738809 0.98065 0.92883
017 8981 43.116914 36.758923 0.98044 0.92882
018 8985 43.070456 36.771634 0.97905 0.92939
019 8809 42.280308 36.657313 0.97983 0.92779
020 8953 41.969048 36.735932 0.97856 0.92932
021 8923 40.893800 36.675282 0.97892 0.92801
022 8784 41.105277 36.587276 0.97900 0.92726
023 8752 40.526034 36.549938 0.97835 0.92647
024 8801 41.748944 36.589350 0.97925 0.92766
025 8799 41.875024 36.748289 0.97925 0.92937
026 8446 41.406116 36.206511 0.97790 0.91913
027 8516 41.831507 36.290351 0.97777 0.92191
028 8887 42.263591 36.448803 0.97804 0.92465
029 8991 41.487582 36.476138 0.97815 0.92501
030 8983 41.272547 36.639401 0.97450 0.92808
031 8933 42.383638 36.464031 0.97966 0.92583
032 8523 41.929512 36.435628 0.97790 0.92456
033 8896 42.192334 36.465492 0.97871 0.92493
034 8311 42.237786 36.117571 0.97872 0.91746
035 8569 41.466841 36.287245 0.97748 0.92128
036 8999 41.596555 36.448355 0.97636 0.92494
037 8778 42.200210 36.499088 0.97888 0.92589
038 8862 43.088015 36.467326 0.97994 0.92403
039 8758 42.641772 36.742715 0.97879 0.92926
040 8282 43.429772 36.270807 0.97988 0.91879
041 8981 41.815603 37.280576 0.97638 0.93620
042 8947 42.767879 37.098487 0.97890 0.93321
043 8446 42.458276 36.841967 0.97827 0.92963
044 8276 43.354611 36.407805 0.97974 0.91999
045 8963 42.860908 36.876105 0.98011 0.93019
046 8986 42.735864 36.586216 0.97815 0.92590
047 8984 43.457961 36.674779 0.98021 0.92682
048 8988 41.538561 36.513812 0.97592 0.92515
049 8403 43.047494 36.149725 0.98057 0.91672
050 8287 42.475607 36.202386 0.97832 0.91718
051 8499 43.089531 36.229613 0.97968 0.92019
052 8512 42.069499 36.516340 0.97748 0.92602
