002 43996 47.795310 49.424103 0.99248 0.99301
003 43600 51.030121 49.264068 0.99526 0.99281
004 43697 50.516438 49.299074 0.99455 0.99284
005 43667 50.042295 49.294821 0.99597 0.99284
006 43786 50.674379 49.355583 0.99455 0.99290
007 43900 50.970797 49.347812 0.99548 0.99290
008 43700 50.844217 49.315429 0.99470 0.99283
009 43938 50.282197 49.365855 0.99420 0.99289
010 43716 50.308957 49.291727 0.99524 0.99285
011 43688 50.529250 49.217072 0.99501 0.99276
012 43964 49.966245 49.372106 0.99463 0.99283
013 43768 50.414148 49.349262 0.99467 0.99290
014 43904 50.008784 49.324956 0.99443 0.99284
015 43967 48.871249 49.385247 0.99501 0.99288
016 43707 50.618437 49.281950 0.99511 0.99279
017 43998 50.614491 49.337209 0.99502 0.99283
018 43798 50.416540 49.278911 0.99475 0.99277
019 43574 50.285214 49.203660 0.99485 0.99270
020 43961 50.368948 49.373470 0.99480 0.99293
021 43909 50.240353 49.340149 0.99473 0.99286
022 43913 50.435724 49.319098 0.99476 0.99283
023 43989 50.203633 49.365668 0.99465 0.99291
024 43583 50.178758 49.226203 0.99431 0.99275
025 43968 49.937062 49.440125 0.99405 0.99290
026 43599 48.851847 49.097916 0.99361 0.99256
027 43961 49.414071 49.155743 0.99388 0.99265
028 43926 49.553230 49.176689 0.99350 0.99271
029 43984 48.800749 49.144482 0.99223 0.99267
030 43586 49.160623 49.191326 0.99311 0.99264
031 43898 49.691121 49.165822 0.99352 0.99266
032 43954 49.769055 49.420820 0.99362 0.99289
033 43945 49.500594 49.175206 0.99339 0.99271
034 43568 49.820113 49.101804 0.99400 0.99252
035 43807 49.428817 49.069794 0.99332 0.99252
036 43705 49.652873 49.059322 0.99398 0.99255
037 43755 49.769055 49.204203 0.99410 0.99273
038 43967 49.677981 49.125778 0.99458 0.99263
039 43613 49.601799 49.369520 0.99421 0.99288
040 43956 49.463837 49.345428 0.99315 0.99293
041 43903 49.272747 49.795935 0.99298 0.99327
042 43498 49.802888 49.531075 0.99447 0.99308
043 43923 50.007205 49.795053 0.99356 0.99334
044 43713 49.985052 49.263838 0.99440 0.99277
045 43782 50.226304 49.349730 0.99488 0.99283
046 43967 47.925841 49.204429 0.99216 0.99271
047 43279 49.572445 49.062781 0.99378 0.99240
048 43986 50.011290 49.163984 0.99454 0.99268
049 43921 48.612693 49.103351 0.99401 0.99258
050 43921 50.080548 49.197421 0.99440 0.99273
051 43514 50.101415 49.121159 0.99467 0.99254
052 43383 49.849411 49.306526 0.99363 0.99290
