002 23863 46.682694 43.256965 0.98964 0.97293
003 23967 45.858707 43.296524 0.98891 0.97295
004 23996 45.377804 43.306194 0.98726 0.97297
005 23894 46.070299 43.281307 0.98899 0.97296
006 23914 46.286577 43.305519 0.98818 0.97319
007 23985 44.438166 43.326207 0.98615 0.97300
008 23981 45.417846 43.294679 0.98770 0.97299
009 23919 46.351167 43.289065 0.99022 0.97290
010 23885 45.875116 43.267412 0.98804 0.97280
011 23988 43.984510 43.254871 0.98563 0.97254
012 23978 45.897541 43.343518 0.98732 0.97314
013 23671 46.184501 43.230871 0.98859 0.97217
014 23943 45.969193 43.316224 0.98836 0.97263
015 23999 45.411153 43.350530 0.98608 0.97312
016 23957 45.398608 43.280058 0.98655 0.97254
017 23912 45.105775 43.269396 0.98681 0.97231
018 23976 45.885008 43.317437 0.98719 0.97283
019 23985 44.508512 43.306729 0.98704 0.97286
020 23971 45.962324 43.277387 0.98757 0.97271
021 23855 45.822169 43.279896 0.98759 0.97277
022 23962 45.824288 43.295526 0.98793 0.97274
023 23895 45.504996 43.243548 0.98599 0.97241
024 23987 45.817022 43.265463 0.98745 0.97279
025 23349 45.745674 43.234028 0.98630 0.97235
026 23480 45.010417 42.948112 0.98427 0.97032
027 23701 45.750411 43.020043 0.98709 0.97092
028 23891 45.461317 43.071856 0.98675 0.97127
029 23987 45.340599 43.029269 0.98730 0.97099
030 23974 45.017314 43.220762 0.98433 0.97256
031 23601 45.591686 42.984879 0.98554 0.97076
032 23952 45.117730 43.376386 0.98463 0.97330
033 23965 45.359003 43.063386 0.98498 0.97136
034 23918 45.508704 43.139351 0.98726 0.97152
035 23436 45.057094 42.866067 0.98447 0.96985
036 23626 45.360067 42.876193 0.98503 0.96994
037 23696 45.170137 43.078685 0.98509 0.97151
038 23994 45.141404 43.009913 0.98650 0.97103
039 23702 45.291527 43.367585 0.98552 0.97336
040 23995 44.826786 43.229327 0.98648 0.97256
041 23961 44.334983 43.836455 0.98413 0.97647
042 23726 45.602689 43.564632 0.98709 0.97432
043 23893 45.568548 43.770114 0.98648 0.97571
044 23973 45.492447 43.299335 0.98655 0.97279
045 23958 45.827655 43.321557 0.98709 0.97274
046 24000 44.487659 43.122309 0.98330 0.97153
047 23920 45.465466 43.125109 0.98713 0.97178
048 23990 45.337979 43.019585 0.98539 0.97081
049 23811 45.837523 42.980300 0.98764 0.97069
050 23870 45.493159 43.105011 0.98540 0.97163
051 23952 45.845993 43.108423 0.98783 0.97150
052 23982 45.424379 43.439924 0.98636 0.97365
