002 41968 47.171971 48.858486 0.99101 0.99205
003 41293 50.277271 48.475078 0.99473 0.99145
004 41980 48.810656 48.825932 0.99449 0.99202
005 41928 49.229069 48.769852 0.99498 0.99186
006 41681 49.154445 48.711940 0.99413 0.99182
007 41938 49.205334 48.785971 0.99399 0.99197
008 41548 49.060022 48.601808 0.99459 0.99160
009 41799 48.750856 48.735150 0.99382 0.99183
010 41891 48.613522 48.731983 0.99331 0.99189
011 41634 49.122224 48.519835 0.99481 0.99150
012 41366 49.545049 48.527340 0.99406 0.99142
013 41937 49.900843 48.819426 0.99406 0.99197
014 41796 49.858081 48.673410 0.99462 0.99170
015 41770 49.353615 48.685760 0.99450 0.99174
016 41816 49.591943 48.725049 0.99391 0.99179
017 41983 49.224066 48.776817 0.99437 0.99188
018 41891 49.732723 48.709597 0.99410 0.99178
019 41943 49.416826 48.745764 0.99366 0.99183
020 41974 47.198519 48.770957 0.99148 0.99188
021 41806 49.715892 48.616643 0.99427 0.99165
022 41770 49.880017 48.730604 0.99406 0.99182
023 41748 49.125200 48.663291 0.99321 0.99173
024 41964 49.597636 48.713637 0.99379 0.99181
025 41915 49.734154 48.919924 0.99424 0.99211
026 41847 48.897647 48.380892 0.99282 0.99131
027 41989 48.727805 48.442417 0.99284 0.99136
028 41886 49.004572 48.350751 0.99306 0.99127
029 41862 49.089183 48.298318 0.99274 0.99118
030 41770 48.831742 48.574207 0.99287 0.99150
031 41740 49.562901 48.338612 0.99377 0.99124
032 41667 48.706288 48.781782 0.99218 0.99190
033 41966 48.492633 48.464113 0.99231 0.99143
034 41792 49.139442 48.360911 0.99283 0.99122
035 41996 49.162729 48.409435 0.99336 0.99134
036 41760 49.120626 48.187180 0.99310 0.99102
037 41307 49.053899 48.244406 0.99362 0.99101
038 41992 49.057703 48.302360 0.99442 0.99117
039 41965 49.041068 48.983061 0.99348 0.99223
040 41991 47.816066 48.728129 0.99219 0.99188
041 41964 49.251974 49.348420 0.99305 0.99284
042 41990 49.015519 49.192093 0.99285 0.99265
043 41967 49.661662 49.323235 0.99388 0.99282
044 41961 49.467537 48.730320 0.99338 0.99179
045 41970 48.607878 48.874225 0.99303 0.99206
046 41839 49.155116 48.431231 0.99372 0.99139
047 41968 48.760691 48.557840 0.99236 0.99151
048 41799 48.928621 48.345178 0.99365 0.99118
049 41973 49.011838 48.400552 0.99336 0.99133
050 41736 49.118674 48.432595 0.99264 0.99138
051 41919 49.496333 48.482467 0.99369 0.99143
052 41739 49.264251 48.851138 0.99323 0.99206
