002 24971 44.881895 43.578931 0.98709 0.97514
003 24872 46.355133 43.559165 0.98968 0.97483
004 24999 46.223595 43.585403 0.98890 0.97491
005 24442 46.614817 43.445495 0.98999 0.97411
006 24811 46.590160 43.550466 0.98972 0.97498
007 24947 46.629673 43.594458 0.98930 0.97494
008 24992 46.450104 43.593215 0.98904 0.97512
009 24963 45.768568 43.608345 0.98900 0.97517
010 24618 46.425861 43.486236 0.98967 0.97437
011 24920 46.454522 43.522517 0.98901 0.97459
012 24694 46.320499 43.546086 0.98973 0.97461
013 24978 45.452306 43.627885 0.98727 0.97489
014 24996 44.576319 43.626444 0.98704 0.97497
015 24896 45.971557 43.599846 0.98855 0.97485
016 24738 46.057367 43.507841 0.98772 0.97414
017 24919 46.019213 43.555417 0.98811 0.97447
018 24697 45.942914 43.508999 0.98856 0.97432
019 24793 45.600675 43.530645 0.98683 0.97448
020 24930 43.774609 43.568487 0.98474 0.97484
021 24875 45.932975 43.569278 0.98688 0.97483
022 24962 45.063141 43.586955 0.98671 0.97478
023 24335 45.802030 43.372532 0.98677 0.97341
024 24926 45.967497 43.555245 0.98822 0.97475
025 24927 46.181703 43.682965 0.98708 0.97543
026 24873 44.998684 43.329937 0.98569 0.97322
027 24698 45.796246 43.281134 0.98603 0.97287
028 24418 45.548788 43.214537 0.98713 0.97238
029 24812 45.654849 43.243181 0.98728 0.97280
030 25000 43.168201 43.491515 0.98109 0.97455
031 24360 45.786945 43.188617 0.98658 0.97229
032 24957 43.896888 43.684501 0.98351 0.97545
033 24737 45.731089 43.270919 0.98641 0.97290
034 24889 45.682453 43.400981 0.98634 0.97351
035 24982 44.755376 43.284235 0.98332 0.97305
036 24948 45.645926 43.234188 0.98631 0.97270
037 24913 45.296198 43.408610 0.98511 0.97406
038 24815 45.581909 43.226287 0.98826 0.97287
039 24951 45.386887 43.728430 0.98625 0.97580
040 24955 45.643215 43.524462 0.98595 0.97465
041 24922 45.478360 44.143022 0.98595 0.97778
042 24982 45.131933 43.934806 0.98459 0.97629
043 24996 44.475778 44.106369 0.98464 0.97735
044 24963 45.011055 43.600045 0.98588 0.97477
045 24957 46.188680 43.608282 0.98704 0.97474
046 24915 45.414706 43.385122 0.98590 0.97351
047 24652 45.942081 43.341101 0.98802 0.97349
048 24968 45.140800 43.278959 0.98529 0.97284
049 24859 45.926439 43.280093 0.98826 0.97295
050 24997 45.093378 43.418140 0.98442 0.97408
051 24527 46.214289 43.263907 0.98861 0.97272
052 24526 45.608814 43.587116 0.98573 0.97469
