002 27988 47.186135 44.634430 0.99052 0.97945
003 27996 46.668463 44.625876 0.99022 0.97940
004 27728 46.786335 44.558895 0.99015 0.97894
005 27961 47.104682 44.634051 0.99060 0.97942
006 27949 46.784701 44.637085 0.98912 0.97947
007 27999 47.147274 44.663279 0.99097 0.97942
008 27620 46.981853 44.510630 0.99056 0.97886
009 27900 46.839242 44.603151 0.99089 0.97939
010 27973 46.847623 44.589980 0.99058 0.97922
011 27983 45.129046 44.558181 0.98790 0.97903
012 27998 46.551765 44.657144 0.98967 0.97946
013 27762 46.677785 44.581654 0.98956 0.97909
014 27947 46.538544 44.607702 0.99060 0.97918
015 27430 46.845257 44.434680 0.98987 0.97840
016 27577 46.435513 44.438906 0.98942 0.97834
017 27449 46.605877 44.359056 0.99033 0.97796
018 27974 45.054448 44.609006 0.98618 0.97921
019 27385 46.258955 44.390097 0.98911 0.97815
020 27728 46.414802 44.496818 0.98779 0.97849
021 27820 46.599241 44.545904 0.99030 0.97892
022 27958 45.580926 44.585057 0.98744 0.97899
023 28000 46.070123 44.618487 0.98838 0.97934
024 27962 46.186805 44.547808 0.98877 0.97900
025 27941 46.262539 44.709099 0.98730 0.97982
026 27958 45.732269 44.366075 0.98756 0.97793
027 27835 46.264907 44.328853 0.98809 0.97788
028 27989 44.613201 44.389410 0.98536 0.97821
029 27484 46.144727 44.158711 0.98914 0.97705
030 27743 45.672630 44.448871 0.98572 0.97851
031 27973 45.745654 44.369581 0.98689 0.97813
032 27935 45.676123 44.705051 0.98700 0.97978
033 27833 46.178749 44.330635 0.98758 0.97786
034 27909 46.031421 44.424959 0.98667 0.97829
035 27878 45.769040 44.271395 0.98690 0.97761
036 27981 45.678533 44.248424 0.98668 0.97762
037 27999 46.083203 44.474574 0.98664 0.97872
038 27987 45.966595 44.290371 0.98995 0.97766
039 27859 45.886124 44.714036 0.98673 0.97985
040 27963 46.400069 44.566960 0.98855 0.97907
041 27998 45.354525 45.200537 0.98678 0.98177
042 27912 46.488139 44.928319 0.98945 0.98062
043 27977 45.685833 45.121175 0.98679 0.98143
044 27961 43.808229 44.647689 0.98546 0.97924
045 27903 46.666293 44.608660 0.98896 0.97915
046 27391 45.782189 44.195896 0.98669 0.97725
047 27971 46.062324 44.417513 0.98900 0.97841
048 27962 44.966453 44.290590 0.98441 0.97771
049 27919 46.316378 44.287570 0.98819 0.97766
050 27994 46.083225 44.431030 0.98720 0.97843
051 27972 45.492793 44.413487 0.98694 0.97820
052 27999 45.713533 44.742789 0.98602 0.97980
