002 30506 47.846245 45.302347 0.99234 0.98230
003 30676 47.195897 45.314488 0.99121 0.98225
004 30872 47.533215 45.406300 0.99094 0.98253
005 30976 46.809474 45.429138 0.99114 0.98271
006 30981 47.172623 45.441657 0.99089 0.98268
007 30944 47.058030 45.421651 0.99147 0.98258
008 30657 47.004206 45.301316 0.99122 0.98217
009 30940 47.075816 45.392546 0.99137 0.98251
010 30946 44.828223 45.377448 0.98810 0.98240
011 30998 46.607868 45.341250 0.98998 0.98234
012 30344 47.072630 45.260413 0.99114 0.98195
013 30855 47.320742 45.388616 0.99105 0.98250
014 30950 47.092701 45.401415 0.99042 0.98252
015 30920 46.880224 45.402339 0.99005 0.98246
016 30939 46.972857 45.374730 0.98891 0.98227
017 30972 46.986466 45.335008 0.99080 0.98214
018 30338 47.179856 45.237191 0.98995 0.98187
019 30806 47.168260 45.300468 0.99110 0.98214
020 30804 47.152913 45.316595 0.99033 0.98197
021 30721 47.215288 45.303582 0.99059 0.98213
022 30996 46.960261 45.386192 0.99065 0.98232
023 30995 46.372047 45.392113 0.98870 0.98245
024 30972 47.049564 45.363224 0.99114 0.98229
025 30908 47.349576 45.456141 0.98966 0.98271
026 30997 46.516460 45.208228 0.98866 0.98166
027 30741 46.980171 45.117218 0.99043 0.98141
028 30973 46.356189 45.192625 0.98870 0.98181
029 30867 46.672882 45.082032 0.98994 0.98135
030 30682 46.152832 45.244857 0.98698 0.98196
031 30981 46.577959 45.167349 0.98865 0.98173
032 30436 46.396441 45.362271 0.98722 0.98237
033 30980 44.622345 45.213695 0.98543 0.98171
034 30902 46.828624 45.215988 0.98888 0.98188
035 30953 46.545751 45.124428 0.98820 0.98139
036 30934 46.640165 45.045321 0.98930 0.98125
037 30945 45.571840 45.240695 0.98676 0.98196
038 30985 44.976407 45.095907 0.98730 0.98138
039 30632 46.385503 45.444969 0.98807 0.98273
040 30992 47.226350 45.372239 0.99046 0.98234
041 30998 46.657651 45.936726 0.98948 0.98437
042 30538 47.039657 45.563751 0.99035 0.98306
043 30967 46.509107 45.861410 0.98975 0.98422
044 30980 46.618707 45.404432 0.98857 0.98251
045 30891 47.285257 45.404678 0.99073 0.98239
046 30765 46.455891 45.158624 0.98878 0.98155
047 30762 46.929923 45.193200 0.98948 0.98184
048 30999 46.382620 45.124393 0.98909 0.98148
049 30953 46.472769 45.122130 0.98881 0.98135
050 30968 46.587286 45.246385 0.98807 0.98191
051 30849 46.791602 45.196057 0.98864 0.98172
052 30931 46.034125 45.492139 0.98788 0.98277
