002 39000 49.779322 47.666809 0.99492 0.98962
003 38859 49.654027 47.584422 0.99423 0.98946
004 38971 48.260033 47.683354 0.99343 0.98963
005 38939 48.546275 47.630598 0.99434 0.98945
006 38919 48.693235 47.653238 0.99410 0.98956
007 38956 47.167015 47.637910 0.99257 0.98962
008 38973 46.858471 47.623800 0.99059 0.98940
009 38757 48.484537 47.603534 0.99340 0.98939
010 38990 48.532996 47.655803 0.99398 0.98956
011 38970 48.485419 47.520761 0.99411 0.98929
012 38867 48.126106 47.605726 0.99168 0.98941
013 38927 48.547558 47.616919 0.99318 0.98949
014 38716 48.725940 47.483276 0.99277 0.98917
015 38930 48.581101 47.571944 0.99299 0.98944
016 38956 47.817052 47.622040 0.99260 0.98939
017 38937 48.596022 47.559564 0.99301 0.98936
018 38932 48.254539 47.587601 0.99291 0.98941
019 38986 48.458583 47.598779 0.99257 0.98942
020 38983 47.825015 47.574835 0.99139 0.98928
021 38996 45.569194 47.540582 0.98954 0.98943
022 39000 48.491213 47.642771 0.99122 0.98948
023 38984 48.253957 47.623329 0.99238 0.98951
024 38866 48.585140 47.528106 0.99291 0.98932
025 38717 48.560531 47.633780 0.99216 0.98952
026 38989 47.583206 47.347953 0.99056 0.98889
027 38743 48.408455 47.211140 0.99262 0.98854
028 38984 47.098548 47.302540 0.99038 0.98894
029 38996 48.193306 47.234565 0.99158 0.98864
030 38703 48.024336 47.441435 0.99158 0.98901
031 38894 48.366056 47.297782 0.99173 0.98879
032 38968 46.334847 47.749559 0.98951 0.98979
033 38993 48.044556 47.351082 0.99133 0.98891
034 38982 48.250359 47.358264 0.99163 0.98900
035 38904 48.289475 47.283047 0.99145 0.98872
036 38987 47.901101 47.177642 0.99195 0.98860
037 38947 48.430095 47.411208 0.99241 0.98916
038 38604 48.116163 47.070276 0.99282 0.98814
039 38742 48.327985 47.733760 0.99185 0.98976
040 38900 48.674291 47.570360 0.99221 0.98939
041 38546 48.412186 48.135612 0.99216 0.99052
042 38945 48.916620 48.000814 0.99314 0.99042
043 38948 47.488363 48.195924 0.99106 0.99087
044 38958 46.188635 47.578069 0.98943 0.98939
045 38916 48.435512 47.636806 0.99240 0.98944
046 38877 47.671988 47.342468 0.99048 0.98891
047 38998 48.678859 47.439325 0.99229 0.98914
048 38974 45.095292 47.318133 0.98869 0.98886
049 38917 47.586011 47.266391 0.99189 0.98869
050 38999 45.430902 47.409053 0.98729 0.98913
051 38994 46.250925 47.408544 0.98930 0.98906
052 38971 48.793127 47.777356 0.99252 0.98989
