002 10965 45.005579 38.181327 0.98544 0.93774
003 10949 44.607294 38.193492 0.98419 0.93801
004 10855 44.622975 38.221396 0.98465 0.93802
005 10962 44.722621 38.210880 0.98451 0.93853
006 10943 44.564877 38.236589 0.98411 0.93813
007 10622 44.546987 38.090441 0.98447 0.93755
008 10813 44.266980 38.197843 0.98332 0.93797
009 10695 44.435691 38.141741 0.98299 0.93727
010 10635 44.355647 38.062556 0.98301 0.93680
011 10761 44.295365 38.214996 0.98203 0.93749
012 10626 44.229428 38.066071 0.98311 0.93707
013 10993 42.515072 38.280889 0.98167 0.93813
014 10960 44.259858 38.224945 0.98271 0.93760
015 10989 43.935398 38.247099 0.98200 0.93801
016 10974 43.584249 38.267294 0.98207 0.93777
017 10982 43.892931 38.233226 0.98300 0.93723
018 10989 43.433245 38.264998 0.98185 0.93803
019 10858 43.546209 38.174507 0.98184 0.93707
020 10943 42.770449 38.229830 0.98081 0.93779
021 10954 41.023795 38.198805 0.98103 0.93745
022 10978 42.812357 38.231555 0.98080 0.93770
023 10829 43.396452 38.167245 0.98124 0.93700
024 10732 40.946941 38.142984 0.98073 0.93648
025 10827 41.818469 38.254339 0.98086 0.93773
026 10674 41.282882 37.863702 0.97953 0.93411
027 10454 41.625552 37.642787 0.98009 0.93363
028 10915 41.119242 38.041688 0.97800 0.93526
029 10944 42.836695 37.975611 0.97956 0.93427
030 10369 41.940110 37.747391 0.97766 0.93561
031 10999 42.974496 38.050599 0.97935 0.93551
032 10722 42.258542 38.197876 0.97782 0.93761
033 10817 43.086709 38.017621 0.97841 0.93505
034 10958 43.222793 38.066531 0.97814 0.93590
035 10587 42.707712 37.796576 0.97898 0.93370
036 10802 43.263677 37.856345 0.97955 0.93402
037 10990 42.656976 38.134038 0.97721 0.93627
038 11000 43.340315 38.013010 0.97887 0.93460
039 10996 42.558179 38.409672 0.97906 0.93918
040 10342 43.601290 37.741804 0.98074 0.93540
041 10985 42.517643 38.731330 0.97740 0.94395
042 10958 43.079900 38.517857 0.97933 0.94048
043 10757 43.158484 38.591478 0.97931 0.94219
044 10891 43.591587 38.248740 0.97945 0.93751
045 10968 43.682267 38.307322 0.98124 0.93825
046 10915 42.931322 38.050359 0.97752 0.93525
047 10732 43.719475 38.008441 0.98017 0.93530
048 10995 42.934792 38.038581 0.97817 0.93516
049 10700 43.524241 37.782330 0.97960 0.93367
050 10634 43.175364 37.883006 0.98013 0.93535
051 10768 43.404181 37.969467 0.97985 0.93496
052 10904 42.965171 38.291547 0.97876 0.93881
