002 29926 47.619337 45.153974 0.99158 0.98175
003 29927 46.221455 45.155666 0.99003 0.98160
004 29586 47.382439 45.085939 0.99049 0.98129
005 29955 44.188262 45.149739 0.98721 0.98165
006 29633 47.046342 45.102377 0.99096 0.98147
007 29363 46.921596 45.053178 0.99053 0.98123
008 29571 46.836251 45.046207 0.99136 0.98123
009 29921 46.568330 45.145862 0.99091 0.98161
010 29432 46.654052 45.016123 0.99059 0.98105
011 29505 46.543813 44.991354 0.99027 0.98103
012 29943 46.686595 45.154883 0.99024 0.98160
013 29924 47.005706 45.189446 0.98954 0.98173
014 29950 46.185314 45.150788 0.98996 0.98154
015 29989 46.918975 45.185983 0.99023 0.98167
016 29934 46.851885 45.107994 0.98981 0.98125
017 29271 46.907308 44.942406 0.99123 0.98065
018 29416 46.811221 45.033702 0.99000 0.98108
019 29999 46.587905 45.106514 0.98952 0.98138
020 29968 46.862111 45.116671 0.99049 0.98121
021 29461 46.836093 45.017072 0.98888 0.98106
022 29920 46.471177 45.136985 0.98899 0.98132
023 29979 47.178692 45.149027 0.99044 0.98152
024 29947 45.949111 45.106215 0.98902 0.98129
025 29948 46.746559 45.204048 0.98798 0.98184
026 29978 45.848353 44.972563 0.98766 0.98077
027 29358 46.786931 44.824805 0.98927 0.98028
028 29990 46.165288 44.983455 0.98858 0.98095
029 29988 46.167334 44.904734 0.98859 0.98061
030 29730 46.234178 45.016623 0.98781 0.98100
031 29930 46.670710 44.920027 0.98837 0.98072
032 29728 46.132129 45.193128 0.98740 0.98174
033 29986 46.291318 44.980425 0.98829 0.98080
034 29999 46.836382 45.012847 0.98966 0.98107
035 29956 46.435083 44.892762 0.98776 0.98054
036 29993 45.321700 44.837716 0.98717 0.98037
037 29996 46.254617 45.023927 0.98771 0.98113
038 29655 46.113679 44.814682 0.98954 0.98022
039 29754 46.102610 45.212829 0.98806 0.98184
040 29946 46.672351 45.105740 0.98904 0.98132
041 29964 46.668665 45.673031 0.98874 0.98348
042 29938 46.943641 45.418773 0.99007 0.98250
043 29925 46.625123 45.580062 0.98826 0.98322
044 29418 46.508742 45.047649 0.98898 0.98108
045 29879 46.569021 45.155916 0.98907 0.98148
046 29982 45.739354 44.999836 0.98699 0.98092
047 29981 45.723977 45.009728 0.98775 0.98112
048 29817 46.413874 44.857761 0.98727 0.98036
049 29935 46.674751 44.892897 0.99043 0.98041
050 29549 46.405529 44.896285 0.98894 0.98054
051 29316 46.831453 44.858842 0.98874 0.98037
052 29999 46.013892 45.258132 0.98765 0.98190
