002 47427 52.592014 50.350410 0.99700 0.99413
003 47991 48.754567 50.499090 0.99377 0.99427
004 47997 52.357785 50.484179 0.99619 0.99422
005 47599 52.694593 50.370191 0.99668 0.99413
006 47763 52.243148 50.456140 0.99639 0.99419
007 47797 52.490355 50.437226 0.99647 0.99417
008 47968 46.809787 50.500553 0.99153 0.99422
009 47727 52.070979 50.396548 0.99666 0.99411
010 47760 51.653026 50.420670 0.99626 0.99415
011 48000 52.276892 50.403579 0.99653 0.99415
012 47889 51.784534 50.482417 0.99613 0.99415
013 47912 51.812492 50.527163 0.99674 0.99426
014 47973 52.470632 50.458132 0.99671 0.99416
015 47968 52.733681 50.520296 0.99692 0.99421
016 47962 52.345923 50.462966 0.99612 0.99417
017 47997 51.141068 50.445107 0.99530 0.99415
018 47624 51.828856 50.298466 0.99677 0.99398
019 47765 51.617941 50.351058 0.99613 0.99406
020 47982 51.401461 50.493667 0.99523 0.99423
021 47991 51.494223 50.471015 0.99583 0.99417
022 47956 51.779783 50.496530 0.99623 0.99421
023 47953 51.355775 50.456260 0.99501 0.99417
024 47998 51.809276 50.453122 0.99553 0.99417
025 47636 51.971186 50.462301 0.99579 0.99413
026 47950 50.698375 50.227163 0.99470 0.99398
027 47984 50.410443 50.253181 0.99475 0.99398
028 47973 50.657843 50.257677 0.99456 0.99402
029 47984 48.931807 50.163947 0.99401 0.99390
030 47943 50.925233 50.388814 0.99475 0.99408
031 47720 50.990482 50.176890 0.99496 0.99390
032 47954 51.243620 50.547397 0.99603 0.99422
033 47893 51.364621 50.204773 0.99581 0.99395
034 47943 50.796623 50.231517 0.99548 0.99396
035 47912 50.925905 50.127417 0.99455 0.99383
036 47999 51.534582 50.141992 0.99603 0.99392
037 47866 51.675109 50.291777 0.99629 0.99404
038 47948 48.796545 50.134081 0.99449 0.99388
039 47996 48.938739 50.618312 0.99407 0.99430
040 47979 51.629948 50.471802 0.99545 0.99423
041 47882 50.936073 51.011285 0.99465 0.99477
042 47856 50.803615 50.818616 0.99565 0.99455
043 47941 52.278912 51.002925 0.99682 0.99481
044 47620 51.303369 50.319415 0.99551 0.99402
045 47996 47.312304 50.520786 0.99378 0.99419
046 47692 51.644447 50.184255 0.99618 0.99389
047 47807 51.596696 50.251108 0.99569 0.99391
048 47963 51.298016 50.210530 0.99551 0.99395
049 47947 51.086357 50.164455 0.99559 0.99388
050 47531 50.998545 50.148060 0.99568 0.99385
051 47999 50.887068 50.304350 0.99443 0.99399
052 47502 50.617498 50.459703 0.99432 0.99422
