002 19990 45.958530 42.150731 0.98806 0.96765
003 19999 45.570742 42.146596 0.98699 0.96740
004 19997 45.339893 42.172742 0.98717 0.96739
005 19931 45.867995 42.139688 0.98855 0.96766
006 19996 45.852994 42.178491 0.98812 0.96782
007 19879 45.794718 42.145758 0.98779 0.96740
008 19883 45.571252 42.105312 0.98658 0.96733
009 19997 45.198629 42.180178 0.98694 0.96755
010 19631 45.522754 41.958362 0.98674 0.96688
011 19974 45.350444 42.123724 0.98766 0.96700
012 19996 45.362832 42.191236 0.98571 0.96768
013 19994 45.496722 42.140871 0.98614 0.96715
014 19979 45.499691 42.180627 0.98677 0.96725
015 19975 45.116159 42.193739 0.98523 0.96759
016 19977 45.005424 42.134994 0.98500 0.96699
017 19856 45.474773 42.055100 0.98678 0.96665
018 19849 45.359862 42.054733 0.98554 0.96709
019 19935 45.456504 42.118251 0.98569 0.96715
020 19766 45.383770 42.060625 0.98513 0.96711
021 19554 45.202319 41.955573 0.98569 0.96669
022 19612 45.235666 41.956742 0.98713 0.96689
023 19817 45.016813 42.053730 0.98506 0.96682
024 19720 45.234632 42.019074 0.98475 0.96681
025 19775 45.220235 42.148904 0.98473 0.96758
026 19957 44.182322 41.908057 0.98376 0.96573
027 19964 43.454997 41.910064 0.97992 0.96582
028 19954 44.832355 41.909718 0.98413 0.96584
029 19884 44.951676 41.830927 0.98556 0.96541
030 19810 44.577473 41.981775 0.98335 0.96673
031 19640 45.230752 41.809663 0.98466 0.96562
032 19984 43.739164 42.262265 0.98106 0.96780
033 19993 45.167171 41.932878 0.98437 0.96575
034 19997 44.046212 41.992200 0.98401 0.96621
035 19731 44.625403 41.733129 0.98394 0.96494
036 19468 45.112542 41.606110 0.98405 0.96442
037 19985 43.807211 41.975758 0.98164 0.96651
038 19917 44.930990 41.820088 0.98549 0.96534
039 19968 44.138721 42.307829 0.98299 0.96808
040 19791 45.290829 42.016177 0.98514 0.96667
041 19744 44.358492 42.657818 0.98303 0.97068
042 19588 44.898131 42.351579 0.98464 0.96866
043 19961 45.067380 42.682270 0.98556 0.97012
044 19980 43.851231 42.143817 0.98204 0.96741
045 19372 45.412778 41.911828 0.98539 0.96640
046 19978 44.049263 41.932844 0.98190 0.96587
047 19817 45.382475 41.899043 0.98645 0.96597
048 19714 44.862437 41.725877 0.98523 0.96474
049 19995 45.038935 41.851879 0.98525 0.96541
050 19950 44.836491 41.948401 0.98463 0.96612
051 19423 45.060509 41.693346 0.98541 0.96530
052 19900 44.383427 42.226401 0.98275 0.96764
