002 12933 44.788577 39.098830 0.98535 0.94914
003 12929 44.749727 39.074929 0.98486 0.94897
004 12766 44.838544 38.990429 0.98511 0.94794
005 12960 45.056398 39.079205 0.98599 0.94905
006 12916 44.855067 39.108305 0.98545 0.94881
007 12942 44.731999 39.110142 0.98452 0.94929
008 12884 44.613909 39.116789 0.98450 0.94897
009 12760 44.864869 39.002191 0.98535 0.94831
010 12933 44.697270 39.082099 0.98346 0.94853
011 12944 44.638302 39.093821 0.98338 0.94879
012 12767 44.616488 39.011825 0.98476 0.94799
013 12995 44.061554 39.129245 0.98383 0.94918
014 12843 44.604642 39.068781 0.98362 0.94822
015 12799 44.319954 39.034505 0.98393 0.94806
016 12982 43.914762 39.151525 0.98308 0.94890
017 12344 44.477362 38.822334 0.98343 0.94549
018 12986 43.576466 39.115441 0.98211 0.94881
019 12946 44.003500 39.119827 0.98212 0.94868
020 12973 43.957728 39.145901 0.98191 0.94917
021 12836 41.131276 38.986972 0.98112 0.94779
022 12958 43.640383 39.070671 0.98118 0.94858
023 12819 43.625768 39.005375 0.98127 0.94753
024 12791 41.236469 39.028157 0.98062 0.94727
025 12978 41.849474 39.228532 0.98093 0.94969
026 12734 42.278150 38.823258 0.97993 0.94550
027 12485 42.796321 38.743057 0.98099 0.94438
028 12273 43.063430 38.643903 0.98007 0.94313
029 12984 43.762585 38.876121 0.98142 0.94590
030 12962 42.607837 39.005112 0.97703 0.94788
031 12912 43.759807 38.877506 0.98151 0.94588
032 12962 41.811667 39.186186 0.97732 0.94998
033 12935 43.743163 38.892527 0.98143 0.94611
034 12979 42.901825 38.939786 0.97880 0.94677
035 12988 43.360545 38.909575 0.98087 0.94575
036 12985 43.882408 38.844315 0.98285 0.94588
037 12593 43.492511 38.846752 0.98164 0.94553
038 12868 43.945537 38.834887 0.98158 0.94533
039 12970 43.125165 39.299518 0.98001 0.95016
040 12943 44.037804 39.047356 0.98330 0.94805
041 12944 42.957691 39.640813 0.97885 0.95465
042 12804 43.712864 39.365113 0.98149 0.95106
043 12933 43.798210 39.548501 0.98150 0.95373
044 13000 43.210256 39.135904 0.97881 0.94896
045 12997 44.212250 39.173247 0.98281 0.94950
046 12966 43.065577 38.957521 0.97969 0.94664
047 12973 44.120381 38.983882 0.98241 0.94696
048 12922 43.765610 38.853850 0.98166 0.94525
049 12648 44.031571 38.684262 0.98276 0.94386
050 12721 43.691183 38.848702 0.98124 0.94606
051 12984 43.982715 38.947648 0.98322 0.94700
052 12585 43.036578 39.052417 0.97925 0.94808
