002 929 39.310400 10.449303 0.96245 0.46715
003 997 38.825758 10.589377 0.96003 0.47967
004 977 38.488671 10.471854 0.95842 0.46958
005 999 38.465799 10.609223 0.95836 0.48124
006 1000 38.341441 10.615837 0.95702 0.48169
007 940 38.356152 10.494554 0.95738 0.47108
008 935 38.350970 10.498393 0.95731 0.47137
009 950 38.358657 10.504178 0.95744 0.47181
010 999 38.333762 10.637359 0.95749 0.48324
011 949 38.334051 10.510539 0.95712 0.47228
012 925 38.161576 10.513377 0.95662 0.47288
013 995 38.185222 10.645939 0.95687 0.48417
014 947 38.174254 10.517561 0.95708 0.47316
015 953 37.963567 10.519359 0.95588 0.47396
016 970 37.677302 10.521909 0.95356 0.47358
017 984 37.371058 10.524184 0.95269 0.47343
018 955 37.409762 10.525644 0.95271 0.47393
019 980 37.064439 10.527773 0.95157 0.47386
020 988 36.683031 10.528985 0.95046 0.47400
021 934 36.405505 10.531627 0.95020 0.47402
022 961 36.138060 10.533011 0.94961 0.47417
023 958 36.262828 10.535270 0.95055 0.47424
024 917 36.700281 10.535589 0.94905 0.47431
025 947 37.027237 10.537280 0.95085 0.47571
026 924 36.476819 10.535191 0.94726 0.47173
027 1000 36.565700 10.683304 0.94700 0.48549
028 952 35.944343 10.539218 0.94402 0.47198
029 953 36.380820 10.538981 0.94556 0.47190
030 962 35.844039 10.545931 0.94335 0.47416
031 927 36.034565 10.544607 0.94467 0.47245
032 937 36.004077 10.551079 0.94387 0.47607
033 924 36.045944 10.546577 0.94310 0.47257
034 993 35.870468 10.548874 0.94352 0.47321
035 958 36.354180 10.548235 0.94392 0.47265
036 957 36.100094 10.550417 0.94268 0.47211
037 984 36.593279 10.553443 0.94567 0.47420
038 945 36.125668 10.553332 0.94331 0.47263
039 977 36.638784 10.560415 0.94697 0.47759
040 934 36.402105 10.559150 0.94533 0.47480
041 918 36.424878 10.433071 0.94713 0.47120
042 957 36.343758 10.546409 0.94644 0.47838
043 1000 36.307021 10.688689 0.94642 0.49275
044 992 35.963268 10.541954 0.94407 0.47502
045 991 35.825828 10.543050 0.94365 0.47574
046 906 35.503713 10.543254 0.94006 0.47307
047 997 35.985113 10.545597 0.94345 0.47371
048 975 35.733276 10.546635 0.94138 0.47268
049 898 35.599772 10.547958 0.94083 0.47278
050 984 35.663983 10.551977 0.94112 0.47404
051 883 35.696914 10.413975 0.94171 0.46265
052 1000 35.418542 10.700952 0.93740 0.48955
