004 	 22156
005 	 22215
006 	 22181
007 	 22155
008 	 22130
009 	 22173
010 	 22193
011 	 22191
012 	 22189
013 	 22163
014 	 22117
015 	 22137
016 	 22194
017 	 22185
018 	 22158
019 	 22215
020 	 22080
021 	 22114
022 	 22041
023 	 22067
024 	 22159
025 	 22073
026 	 22184
027 	 22218
028 	 22176
029 	 22249
030 	 22179
031 	 22170
032 	 22114
033 	 22223
034 	 22131
035 	 22058
036 	 22033
037 	 22066
038 	 22261
039 	 22262
040 	 22207
041 	 22165
042 	 22355
043 	 22209
044 	 22134
045 	 22306
046 	 22123
047 	 22152
048 	 22008
049 	 22085
050 	 22145
051 	 22015
052 	 22274
053 	 22026
054 	 22057
