004 	 24092
005 	 24483
006 	 24124
007 	 24356
008 	 24108
009 	 24395
010 	 24142
011 	 24505
012 	 24123
013 	 24361
014 	 24252
015 	 24258
016 	 24359
017 	 24299
018 	 24351
019 	 24402
020 	 24140
021 	 24042
022 	 24096
023 	 24227
024 	 24550
025 	 24283
026 	 24536
027 	 24185
028 	 24398
029 	 24373
030 	 24478
031 	 24399
032 	 24515
033 	 24270
034 	 24461
035 	 24235
036 	 24448
037 	 24273
038 	 24181
039 	 24092
040 	 24143
041 	 24045
042 	 24091
043 	 24125
044 	 24075
045 	 24192
046 	 24035
047 	 24396
048 	 24043
049 	 24291
050 	 24142
051 	 24072
052 	 24373
053 	 24599
054 	 24241
