002 59510 61.996673 58.918483 0.99954 0.99918
003 59533 62.822703 58.867521 0.99957 0.99917
004 59452 61.953852 58.913826 0.99954 0.99917
005 59544 62.732050 58.888928 0.99953 0.99920
006 59996 55.426084 60.511728 0.99770 0.99935
007 59504 62.073957 58.896509 0.99955 0.99918
008 59417 62.751463 58.835814 0.99956 0.99918
009 59978 55.740107 60.146599 0.99831 0.99932
010 59518 62.795721 58.909596 0.99956 0.99919
011 59633 62.155317 58.770630 0.99958 0.99916
012 59386 62.534745 58.841221 0.99954 0.99918
013 59561 62.484380 58.982932 0.99957 0.99919
014 59517 62.299627 58.735150 0.99952 0.99914
015 59472 61.488784 58.870453 0.99949 0.99917
016 59546 62.909975 58.805576 0.99954 0.99917
017 59443 61.749107 58.501515 0.99947 0.99911
018 59584 62.111794 58.797328 0.99956 0.99916
019 59505 62.562108 58.845802 0.99954 0.99918
020 59540 61.884525 58.971767 0.99953 0.99920
021 59577 62.984966 58.876742 0.99956 0.99917
022 59995 65.500462 60.188964 0.99976 0.99934
023 59627 62.141058 58.913402 0.99955 0.99919
024 59572 63.017505 58.904103 0.99958 0.99920
025 59995 55.878207 61.160761 0.99814 0.99939
026 59994 61.764581 58.629229 0.99948 0.99915
027 59987 61.052778 58.518096 0.99936 0.99914
028 59868 59.612522 58.238678 0.99924 0.99909
029 59987 60.253584 58.319488 0.99921 0.99912
030 59717 61.488018 58.925267 0.99948 0.99919
031 59968 61.071517 58.588202 0.99934 0.99914
032 59973 64.474651 60.588214 0.99976 0.99933
033 59957 61.133160 58.511919 0.99936 0.99915
034 59569 61.114153 57.859736 0.99945 0.99900
035 59657 60.495860 57.626411 0.99937 0.99894
036 59898 57.588506 57.750239 0.99882 0.99896
037 59873 62.587673 58.662252 0.99954 0.99914
038 59967 59.289327 57.966618 0.99917 0.99903
039 59980 56.604709 61.547369 0.99846 0.99942
040 59507 61.490315 58.599997 0.99946 0.99915
041 59973 1.000000 1.000000 1 1
042 59969 66.005002 64.874742 0.99979 0.99974
043 59655 66.399262 65.346998 0.99980 0.99977
044 59972 65.568489 60.192371 0.99976 0.99932
045 59969 66.331016 60.648999 0.99982 0.99934
046 59936 61.305130 58.703182 0.99937 0.99915
047 59774 59.785421 58.392061 0.99924 0.99910
048 59950 60.255890 58.261562 0.99923 0.99910
049 59924 59.115215 58.098939 0.99915 0.99907
050 59981 62.538644 58.765719 0.99952 0.99916
