002 22990 46.313935 43.022702 0.98861 0.97118
003 22833 46.023496 42.989680 0.98897 0.97066
004 22808 45.986543 42.996251 0.98915 0.97067
005 22967 46.267207 43.052112 0.98985 0.97131
006 22958 45.556458 43.055043 0.98751 0.97132
007 22707 46.383329 42.991800 0.98882 0.97060
008 22948 46.084042 43.021808 0.98820 0.97095
009 22960 45.920933 43.030055 0.98858 0.97113
010 22989 45.961402 43.029946 0.98867 0.97108
011 22974 45.875515 42.997768 0.98876 0.97065
012 22580 45.733632 42.981077 0.98767 0.97066
013 22881 45.998141 43.028286 0.98798 0.97072
014 22759 46.209359 43.008620 0.98894 0.97040
015 22886 45.797319 43.057856 0.98637 0.97103
016 22753 45.831088 42.963913 0.98692 0.97023
017 22744 46.043992 42.964730 0.98874 0.97015
018 22537 45.712015 42.916948 0.98633 0.97010
019 22984 43.515429 43.049567 0.98371 0.97093
020 22804 45.564279 42.986803 0.98597 0.97062
021 22964 45.806125 43.034567 0.98627 0.97097
022 22993 44.881727 43.039182 0.98637 0.97095
023 22987 44.551712 43.010108 0.98519 0.97075
024 22351 45.719492 42.840425 0.98721 0.96980
025 22970 45.999309 43.127621 0.98627 0.97161
026 22972 44.688479 42.828057 0.98442 0.96951
027 22911 45.602551 42.811309 0.98660 0.96949
028 22961 45.459502 42.824827 0.98744 0.96953
029 22365 45.465600 42.603311 0.98652 0.96820
030 22960 44.820582 42.975812 0.98368 0.97075
031 22980 45.420969 42.818946 0.98581 0.96956
032 22922 44.884688 43.117917 0.98490 0.97140
033 22962 45.475080 42.799064 0.98636 0.96931
034 22956 45.228052 42.875593 0.98509 0.96972
035 22953 44.423393 42.734681 0.98283 0.96893
036 22924 45.139274 42.699933 0.98462 0.96863
037 22911 44.862404 42.875329 0.98523 0.97012
038 22362 45.533876 42.618162 0.98751 0.96840
039 22912 44.880741 43.161038 0.98489 0.97178
040 22985 44.950945 42.979156 0.98317 0.97065
041 22481 44.656684 43.447310 0.98494 0.97382
042 22988 44.858460 43.361618 0.98531 0.97291
043 22968 45.528224 43.521379 0.98629 0.97400
044 22872 45.485196 43.035977 0.98603 0.97089
045 22982 43.648144 43.051157 0.98445 0.97076
046 22980 43.926624 42.846889 0.98298 0.96960
047 22828 45.429327 42.829620 0.98702 0.96971
048 22863 45.211403 42.726008 0.98522 0.96873
049 22978 43.998312 42.765649 0.98314 0.96919
050 22948 45.383901 42.870169 0.98518 0.96977
051 22939 45.041364 42.847402 0.98470 0.96964
052 22932 44.954957 43.151045 0.98379 0.97165
