002 33923 48.255157 46.120413 0.99306 0.98489
003 33642 47.820045 46.014977 0.99240 0.98457
004 33517 48.167783 46.025258 0.99200 0.98451
005 33860 47.706913 46.109084 0.99235 0.98476
006 33965 47.857944 46.155433 0.99274 0.98496
007 33477 47.734405 46.005349 0.99222 0.98456
008 33641 47.551145 46.021321 0.99284 0.98444
009 33847 47.662778 46.114456 0.99178 0.98477
010 33801 47.522082 46.056117 0.99288 0.98467
011 33854 47.418970 46.013892 0.99226 0.98450
012 33964 46.942001 46.137821 0.99129 0.98485
013 33961 48.047120 46.114278 0.99236 0.98480
014 33997 48.014107 46.096456 0.99193 0.98473
015 33357 47.497028 45.935639 0.99195 0.98429
016 33682 47.533831 46.020582 0.99020 0.98434
017 33977 46.714637 46.059033 0.99106 0.98454
018 33306 47.758632 45.946011 0.99137 0.98436
019 33723 47.731277 46.007667 0.99187 0.98439
020 33941 47.781951 46.054627 0.99140 0.98435
021 33987 47.051052 46.043424 0.98991 0.98458
022 33513 47.281971 45.972955 0.99112 0.98428
023 33960 47.188751 46.078883 0.98966 0.98465
024 33962 46.409093 46.058266 0.99094 0.98452
025 33929 47.572752 46.203574 0.99022 0.98513
026 33980 46.911203 45.873939 0.98859 0.98394
027 33977 46.085961 45.857200 0.98951 0.98391
028 33914 47.291282 45.864408 0.99007 0.98406
029 33434 47.392027 45.652532 0.99118 0.98336
030 33980 46.954705 46.043686 0.98880 0.98441
031 33971 47.252859 45.862039 0.99034 0.98401
032 33945 46.800021 46.224051 0.98903 0.98510
033 33911 47.429391 45.895344 0.99070 0.98395
034 33744 47.407467 45.840171 0.99004 0.98396
035 33966 46.246755 45.843801 0.98747 0.98386
036 33957 47.448889 45.733347 0.99120 0.98359
037 33975 45.082995 45.951592 0.98783 0.98429
038 33965 46.981337 45.755296 0.99110 0.98355
039 33489 47.287992 46.144280 0.99004 0.98493
040 33971 44.687456 46.078266 0.98711 0.98454
041 33695 47.081807 46.623350 0.99001 0.98631
042 33990 45.908819 46.417993 0.98858 0.98570
043 33912 47.032956 46.573537 0.98945 0.98624
044 33300 47.350610 45.936044 0.99062 0.98421
045 33546 47.992693 46.031400 0.99182 0.98449
046 33969 46.952522 45.899697 0.98974 0.98403
047 34000 47.065711 45.941868 0.98987 0.98423
048 33940 46.080271 45.817478 0.98776 0.98380
049 34000 47.192678 45.821650 0.99093 0.98379
050 33925 45.819968 45.912677 0.98694 0.98413
051 33990 45.554935 45.926780 0.98685 0.98410
052 33970 44.679882 46.246480 0.98618 0.98515
