002 19000 46.041545 41.698735 0.98832 0.96602
003 18328 45.371865 41.454373 0.98672 0.96438
004 18493 45.420439 41.504170 0.98716 0.96487
005 18959 45.047493 41.715644 0.98675 0.96617
006 18991 44.368586 41.740668 0.98569 0.96626
007 18526 45.703539 41.557407 0.98642 0.96514
008 18333 45.562714 41.433147 0.98766 0.96453
009 18934 45.429802 41.705048 0.98611 0.96594
010 18855 45.619940 41.621311 0.98703 0.96557
011 18932 45.504745 41.685680 0.98796 0.96549
012 18892 45.237445 41.699338 0.98645 0.96606
013 18805 45.586568 41.640243 0.98725 0.96552
014 18924 45.521843 41.725166 0.98755 0.96581
015 18860 45.267992 41.709001 0.98550 0.96597
016 18879 43.540630 41.643423 0.98287 0.96530
017 18991 45.015106 41.676060 0.98450 0.96538
018 18832 45.089674 41.628896 0.98608 0.96554
019 18947 44.434016 41.713587 0.98521 0.96573
020 18962 44.693473 41.727026 0.98482 0.96593
021 18826 45.187274 41.642757 0.98479 0.96538
022 18968 44.807936 41.680339 0.98491 0.96583
023 18976 44.993036 41.681748 0.98509 0.96545
024 18968 44.835415 41.698783 0.98442 0.96566
025 18888 44.995541 41.765879 0.98415 0.96626
026 18975 43.985585 41.489381 0.98288 0.96413
027 18948 44.119553 41.497038 0.98371 0.96426
028 18963 43.708560 41.482991 0.98241 0.96422
029 18983 43.987885 41.456850 0.98398 0.96390
030 18964 44.509033 41.625710 0.98301 0.96534
031 18992 44.543784 41.532865 0.98287 0.96437
032 18944 44.793835 41.807726 0.98377 0.96624
033 18912 44.935204 41.468304 0.98406 0.96390
034 18982 44.732564 41.550350 0.98494 0.96439
035 18988 44.117687 41.411927 0.98241 0.96351
036 18993 44.952424 41.405305 0.98370 0.96347
037 18881 44.750717 41.516667 0.98392 0.96475
038 18935 43.548805 41.401979 0.98230 0.96349
039 18963 44.558057 41.864993 0.98336 0.96671
040 18994 45.045478 41.672528 0.98516 0.96545
041 18955 44.354832 42.286450 0.98264 0.96966
042 18886 44.746257 42.027855 0.98356 0.96776
043 18576 44.574792 42.016056 0.98435 0.96817
044 18853 44.925649 41.663623 0.98481 0.96558
045 18991 44.715372 41.763463 0.98408 0.96578
046 18939 44.637417 41.508775 0.98304 0.96421
047 18998 44.754061 41.551499 0.98358 0.96462
048 18960 43.756011 41.429535 0.98252 0.96354
049 18964 43.223375 41.417196 0.98312 0.96375
050 18995 44.411536 41.540289 0.98361 0.96446
051 18927 44.943593 41.482884 0.98496 0.96433
052 18954 44.040036 41.809861 0.98250 0.96628
