002 16568 45.743716 40.846752 0.98754 0.95984
003 16974 44.348778 40.995537 0.98430 0.96097
004 16962 43.142286 40.975986 0.98291 0.96072
005 16973 45.353183 41.016316 0.98705 0.96100
006 16758 45.285686 40.952690 0.98643 0.96021
007 16931 45.183956 40.991752 0.98606 0.96070
008 16992 43.853236 41.024331 0.98223 0.96112
009 16964 44.362660 41.002466 0.98501 0.96078
010 16995 45.307472 40.973755 0.98591 0.96075
011 16934 44.507483 41.000639 0.98552 0.96047
012 16865 45.136896 40.989260 0.98464 0.96088
013 16949 45.165260 40.988557 0.98508 0.96075
014 16985 44.981007 41.043577 0.98499 0.96084
015 16468 45.040861 40.880014 0.98507 0.95936
016 16936 43.087882 40.969819 0.98146 0.96016
017 16960 44.787889 40.982018 0.98467 0.96035
018 16974 44.759179 40.971613 0.98348 0.96048
019 16979 44.294153 41.010353 0.98397 0.96096
020 16942 44.648561 41.020968 0.98319 0.96047
021 16744 44.600690 40.915788 0.98291 0.95959
022 16924 44.578206 40.980111 0.98316 0.96043
023 16780 44.598746 40.945009 0.98409 0.95980
024 16971 44.453051 40.977816 0.98339 0.96025
025 16995 44.594627 41.092266 0.98384 0.96121
026 16994 43.428049 40.816339 0.98131 0.95893
027 16852 44.171033 40.794189 0.98241 0.95854
028 16995 43.922224 40.821366 0.98166 0.95856
029 16787 44.316428 40.727501 0.98271 0.95777
030 16483 43.823735 40.793589 0.98099 0.95811
031 16864 44.431693 40.816693 0.98222 0.95815
032 16692 43.612176 41.039915 0.98098 0.96044
033 16966 43.908702 40.817323 0.98264 0.95823
034 16888 44.622534 40.821944 0.98302 0.95898
035 16764 44.244826 40.680133 0.98196 0.95713
036 16889 44.314065 40.712561 0.98267 0.95773
037 16886 44.202113 40.864714 0.98192 0.95887
038 16918 44.507345 40.760409 0.98324 0.95793
039 16478 43.943650 40.975727 0.98161 0.96011
040 16921 44.674346 40.957051 0.98290 0.96005
041 16433 43.380503 41.343710 0.98036 0.96335
042 16900 44.148316 41.271527 0.98163 0.96290
043 16902 44.036840 41.383794 0.98210 0.96409
044 16995 44.627058 40.994225 0.98376 0.96063
045 16606 44.741898 40.949551 0.98445 0.96001
046 16682 44.377109 40.772865 0.98274 0.95804
047 16981 43.598887 40.856095 0.98168 0.95913
048 16939 44.134157 40.761543 0.98158 0.95777
049 16956 43.857422 40.743247 0.98155 0.95799
050 16953 44.488194 40.853964 0.98306 0.95901
051 16999 44.008230 40.838834 0.98334 0.95895
052 16824 43.853448 41.070063 0.98178 0.96088
