002 7957 44.594079 36.136222 0.98383 0.91773
003 7943 44.268461 36.146477 0.98359 0.91773
004 7997 44.370696 36.256889 0.98340 0.91837
005 7902 44.512319 36.203093 0.98330 0.91727
006 7942 44.183617 36.204351 0.98281 0.91806
007 7906 44.220658 36.195256 0.98276 0.91840
008 7894 44.030924 36.216194 0.98264 0.91841
009 7994 43.874059 36.229237 0.98305 0.91905
010 7931 43.582464 36.184490 0.98048 0.91773
011 7962 43.918002 36.242893 0.98076 0.91804
012 7946 43.560028 36.214409 0.98064 0.91873
013 7957 43.742224 36.219798 0.98094 0.91832
014 7930 43.700691 36.240679 0.98083 0.91861
015 7915 43.549531 36.163699 0.98109 0.91800
016 7844 43.207332 36.159996 0.98087 0.91671
017 7932 42.837478 36.207759 0.97945 0.91789
018 7940 43.229727 36.206071 0.97966 0.91744
019 7968 42.037245 36.232075 0.97830 0.91822
020 7936 41.916988 36.222381 0.97812 0.91843
021 7985 40.251298 36.185739 0.97621 0.91773
022 8000 40.627439 36.194391 0.97739 0.91765
023 7971 40.288123 36.179315 0.97512 0.91699
024 7972 40.826569 36.177820 0.97681 0.91852
025 7969 41.168997 36.291732 0.97720 0.91904
026 7786 40.757115 35.964255 0.97574 0.91295
027 7946 40.861976 36.070833 0.97530 0.91540
028 7955 41.739670 35.988517 0.97509 0.91409
029 7899 41.935101 35.934645 0.97557 0.91309
030 7929 40.951140 36.119386 0.97381 0.91626
031 7913 41.194338 35.991816 0.97544 0.91445
032 7935 41.347733 36.191150 0.97494 0.91777
033 7857 41.622882 35.990619 0.97525 0.91334
034 7867 41.524712 35.952953 0.97545 0.91409
035 7992 41.514140 36.069244 0.97524 0.91515
036 7953 42.199272 35.929759 0.97733 0.91290
037 7971 41.591150 36.140142 0.97552 0.91679
038 7853 42.400645 36.001955 0.97743 0.91258
039 7990 41.685336 36.327949 0.97631 0.91993
040 7873 42.633333 36.115669 0.97810 0.91555
041 7939 41.743436 36.665204 0.97546 0.92486
042 7939 42.430967 36.528929 0.97684 0.92194
043 7710 42.417861 36.511445 0.97668 0.92131
044 7837 42.738273 36.234146 0.97639 0.91667
045 7948 42.966139 36.320219 0.97745 0.91880
046 7870 42.650768 36.046122 0.97635 0.91333
047 7949 43.084000 36.132301 0.97834 0.91438
048 7960 42.496164 35.992483 0.97707 0.91390
049 7999 42.740908 36.009495 0.97773 0.91410
050 7901 42.445984 36.051863 0.97613 0.91442
051 7897 42.760494 36.006995 0.97710 0.91449
052 7920 41.785182 36.275503 0.97484 0.91927
