002 54336 57.169308 53.224197 0.99874 0.99690
003 54779 56.377968 53.424090 0.99837 0.99704
004 54626 57.310051 53.414893 0.99877 0.99701
005 54973 47.676188 53.588444 0.99385 0.99719
006 54383 56.795082 53.269880 0.99866 0.99689
007 54581 56.482841 53.400006 0.99857 0.99694
008 54994 50.746640 53.571961 0.99654 0.99712
009 54639 57.066596 53.371209 0.99873 0.99693
010 54879 56.323085 53.506769 0.99841 0.99704
011 54769 56.738550 53.268035 0.99866 0.99688
012 54573 56.933677 53.330768 0.99870 0.99687
013 54656 55.296106 53.423014 0.99783 0.99697
014 54889 55.657747 53.480285 0.99806 0.99702
015 54948 55.852199 53.585838 0.99819 0.99713
016 54994 48.864256 53.524596 0.99481 0.99710
017 54679 56.993912 53.257091 0.99868 0.99686
018 54860 56.046135 53.390148 0.99820 0.99696
019 54913 56.102256 53.548645 0.99819 0.99708
020 54830 56.257394 53.491321 0.99826 0.99703
021 54967 56.138736 53.506403 0.99826 0.99708
022 54942 56.306801 53.602498 0.99832 0.99711
023 54589 56.391916 53.275422 0.99858 0.99687
024 54505 55.976504 53.240670 0.99828 0.99684
025 54556 55.800232 53.474475 0.99814 0.99702
026 54954 53.640911 53.109713 0.99710 0.99681
027 54967 53.716725 53.103046 0.99758 0.99676
028 54979 53.901436 53.142532 0.99706 0.99683
029 54879 52.982265 52.975143 0.99680 0.99671
030 54926 53.818560 53.382563 0.99685 0.99696
031 54948 54.273648 53.198242 0.99722 0.99686
032 54245 54.453990 53.210973 0.99729 0.99681
033 54965 54.820977 53.154426 0.99780 0.99684
034 54955 54.852093 53.151281 0.99766 0.99681
035 54847 54.030100 52.904031 0.99707 0.99663
036 54987 54.301507 52.995569 0.99760 0.99676
037 54979 54.571349 53.209721 0.99759 0.99686
038 54995 54.385873 52.952990 0.99774 0.99670
039 54995 49.925187 53.761202 0.99603 0.99730
040 54821 55.307712 53.338146 0.99787 0.99693
041 54889 55.989003 54.670569 0.99822 0.99770
042 54885 56.428535 54.260003 0.99851 0.99759
043 54853 56.575710 54.525965 0.99857 0.99770
044 54883 55.981456 53.466741 0.99825 0.99702
045 54991 51.668959 53.678779 0.99677 0.99721
046 54972 55.008867 53.183738 0.99765 0.99682
047 54969 55.177596 53.149148 0.99786 0.99677
048 54990 53.960013 53.050510 0.99728 0.99677
049 54967 56.309588 53.006306 0.99854 0.99672
050 54968 53.011087 53.205171 0.99658 0.99683
