002 44926 51.395986 49.649011 0.99607 0.99320
003 44980 50.829654 49.597190 0.99516 0.99311
004 44986 46.576624 49.612771 0.99064 0.99312
005 44999 49.657943 49.614213 0.99502 0.99312
006 44943 50.505557 49.626263 0.99499 0.99313
007 44999 50.812255 49.616650 0.99508 0.99313
008 44953 51.248399 49.607207 0.99552 0.99309
009 44940 50.962107 49.608349 0.99554 0.99309
010 44716 50.886002 49.537714 0.99542 0.99304
011 44997 47.571385 49.536200 0.99307 0.99302
012 44994 49.612274 49.638348 0.99361 0.99306
013 44973 50.719938 49.634799 0.99581 0.99314
014 44944 50.656009 49.567621 0.99560 0.99304
015 44828 50.140981 49.596051 0.99504 0.99304
016 44996 50.435063 49.605569 0.99450 0.99307
017 44996 50.054825 49.580332 0.99518 0.99303
018 44940 50.649251 49.556075 0.99504 0.99301
019 44957 50.084093 49.547742 0.99500 0.99299
020 44945 49.285775 49.606264 0.99352 0.99311
021 44979 48.302066 49.599865 0.99332 0.99308
022 44966 50.336470 49.595605 0.99467 0.99307
023 44846 50.420011 49.576042 0.99468 0.99307
024 44953 49.905627 49.555830 0.99366 0.99304
025 44897 50.344347 49.643902 0.99462 0.99309
026 44373 49.518653 49.280753 0.99388 0.99285
027 44793 50.315206 49.337675 0.99419 0.99287
028 44988 48.406158 49.419869 0.99201 0.99298
029 44810 50.400062 49.315104 0.99458 0.99288
030 44990 47.920720 49.534882 0.99213 0.99296
031 44966 47.375157 49.418014 0.99094 0.99293
032 44434 49.470086 49.539816 0.99365 0.99299
033 44704 49.969428 49.348935 0.99424 0.99290
034 44693 49.792514 49.355161 0.99429 0.99285
035 44937 49.856450 49.335530 0.99429 0.99283
036 44987 47.840523 49.344540 0.99430 0.99296
037 44973 49.397530 49.482370 0.99394 0.99300
038 44996 49.520161 49.363555 0.99376 0.99292
039 44991 50.097690 49.710398 0.99519 0.99318
040 44501 50.047402 49.471096 0.99407 0.99302
041 44956 50.132736 50.076896 0.99411 0.99367
042 44883 50.548014 49.862343 0.99537 0.99340
043 44897 50.517050 50.034345 0.99491 0.99364
044 44852 50.314446 49.545343 0.99483 0.99301
045 44977 49.814850 49.627361 0.99376 0.99307
046 44932 49.799670 49.441128 0.99423 0.99294
047 44999 46.668589 49.477404 0.99083 0.99289
048 44983 46.567615 49.403589 0.99040 0.99293
049 44933 50.272639 49.341223 0.99481 0.99281
050 44990 49.595506 49.451318 0.99358 0.99292
051 44973 48.744583 49.455823 0.99318 0.99294
052 44969 49.261591 49.702220 0.99316 0.99323
