002 42732 50.945184 49.152209 0.99560 0.99257
003 42987 50.197088 49.140021 0.99473 0.99258
004 42935 48.989214 49.132137 0.99317 0.99258
005 42960 49.009284 49.139219 0.99442 0.99256
006 42910 48.994989 49.158294 0.99404 0.99260
007 42400 49.768849 49.027449 0.99467 0.99234
008 42947 48.788314 49.151360 0.99384 0.99258
009 42986 47.664777 49.157981 0.99182 0.99259
010 42980 48.554254 49.134630 0.99341 0.99259
011 42702 50.073026 49.010799 0.99512 0.99233
012 42927 49.637398 49.157533 0.99456 0.99251
013 42990 49.778134 49.172195 0.99359 0.99261
014 42987 48.928408 49.117121 0.99402 0.99249
015 42654 49.584380 49.099860 0.99542 0.99240
016 42974 50.268243 49.121159 0.99470 0.99251
017 42994 49.893625 49.099595 0.99474 0.99248
018 42972 50.015869 49.097784 0.99427 0.99248
019 42988 49.420677 49.083458 0.99449 0.99247
020 42779 50.110214 49.098225 0.99406 0.99248
021 42948 50.089582 49.129112 0.99485 0.99252
022 42976 49.652321 49.111537 0.99359 0.99253
023 42778 49.627361 49.119694 0.99404 0.99247
024 42928 48.466364 49.097696 0.99265 0.99250
025 42953 49.835156 49.205922 0.99381 0.99264
026 42820 48.117149 48.876323 0.99193 0.99214
027 42410 49.611031 48.636052 0.99438 0.99172
028 42846 49.520209 48.873638 0.99373 0.99215
029 42356 49.744492 48.537340 0.99365 0.99157
030 42997 47.304204 49.077697 0.99093 0.99242
031 42980 47.974861 48.964738 0.99188 0.99223
032 42992 48.131298 49.201262 0.99126 0.99266
033 42484 49.384398 48.696455 0.99374 0.99184
034 42808 49.411175 48.897521 0.99345 0.99208
035 42998 47.813700 48.905412 0.99112 0.99217
036 42937 48.158918 48.730522 0.99141 0.99199
037 42959 49.431725 49.046431 0.99403 0.99239
038 42978 47.114823 48.786094 0.99142 0.99201
039 42898 49.298935 49.205108 0.99348 0.99269
040 42492 49.724911 48.987105 0.99372 0.99226
041 42739 49.573726 49.511119 0.99342 0.99303
042 42909 49.857450 49.369332 0.99425 0.99296
043 42569 49.846787 49.456542 0.99459 0.99306
044 42890 49.325561 49.104456 0.99338 0.99247
045 42939 49.540989 49.166091 0.99482 0.99259
046 42991 49.102997 48.984824 0.99370 0.99226
047 42930 47.550526 48.997231 0.99134 0.99223
048 42568 49.103616 48.705118 0.99323 0.99179
049 42695 49.143812 48.774685 0.99356 0.99198
050 42995 49.259345 49.007035 0.99231 0.99234
051 42949 48.684154 49.012400 0.99269 0.99229
052 42907 48.885185 49.216709 0.99244 0.99273
