002 50633 54.644996 51.379902 0.99811 0.99537
003 50691 53.521172 51.370727 0.99714 0.99537
004 50921 53.202216 51.483351 0.99646 0.99548
005 50745 52.595569 51.431129 0.99795 0.99543
006 50880 53.772069 51.474260 0.99754 0.99545
007 50976 53.087528 51.499670 0.99684 0.99548
008 50970 53.363539 51.481898 0.99698 0.99545
009 50897 53.337443 51.456667 0.99711 0.99542
010 50966 53.560842 51.468998 0.99748 0.99542
011 50946 53.521294 51.390369 0.99728 0.99537
012 50990 52.685405 51.467321 0.99696 0.99537
013 50965 54.087245 51.528783 0.99757 0.99548
014 50934 52.802658 51.431583 0.99698 0.99536
015 50954 52.884347 51.500898 0.99692 0.99542
016 50987 53.151281 51.422223 0.99689 0.99539
017 50892 51.916937 51.369535 0.99694 0.99530
018 50951 51.973155 51.402061 0.99566 0.99534
019 50888 52.825931 51.371323 0.99657 0.99532
020 50985 51.883687 51.522605 0.99664 0.99548
021 50986 52.143194 51.433472 0.99619 0.99536
022 50934 52.989723 51.453097 0.99639 0.99538
023 50953 52.679459 51.462067 0.99679 0.99539
024 50986 53.078354 51.454616 0.99657 0.99538
025 50949 53.021318 51.566580 0.99640 0.99546
026 50996 48.864298 51.233573 0.99393 0.99521
027 50654 52.343778 51.064775 0.99606 0.99498
028 50554 51.498826 51.068319 0.99521 0.99500
029 50793 52.680063 51.036050 0.99670 0.99497
030 50977 49.701002 51.375871 0.99419 0.99528
031 50972 52.361153 51.213476 0.99571 0.99515
032 50959 52.966634 51.529246 0.99719 0.99543
033 50935 52.171236 51.186181 0.99626 0.99514
034 50990 52.509877 51.186324 0.99658 0.99512
035 50973 50.603424 51.060957 0.99481 0.99501
036 50979 50.614554 51.057559 0.99574 0.99503
037 50780 52.766440 51.219445 0.99675 0.99520
038 50563 52.214457 50.944644 0.99648 0.99486
039 50973 52.156210 51.592067 0.99587 0.99550
040 50897 52.581464 51.401686 0.99654 0.99537
041 50477 52.929348 51.990309 0.99636 0.99588
042 50976 48.320079 51.924803 0.99349 0.99586
043 50974 53.466862 52.186225 0.99723 0.99608
044 50964 52.173118 51.436573 0.99657 0.99536
045 50891 52.846921 51.476168 0.99660 0.99538
046 50997 51.136547 51.251805 0.99547 0.99521
047 50968 51.869789 51.241667 0.99558 0.99515
048 50980 50.615932 51.149912 0.99534 0.99513
049 50954 49.261683 51.103770 0.99455 0.99505
050 50985 50.779161 51.231768 0.99568 0.99519
