002 36686 49.083414 46.879270 0.99436 0.98755
003 36963 48.804048 46.928316 0.99296 0.98764
004 36872 47.650579 46.949317 0.99188 0.98761
005 36954 46.809813 46.939180 0.99239 0.98752
006 36711 48.123706 46.888791 0.99327 0.98745
007 36967 47.929685 46.945093 0.99235 0.98764
008 36977 46.665310 46.926735 0.99092 0.98744
009 36970 45.145418 46.964987 0.98783 0.98752
010 36927 46.195328 46.925798 0.99259 0.98754
011 36911 48.056281 46.836408 0.99301 0.98722
012 36880 48.334091 46.943318 0.99270 0.98755
013 36891 48.542544 46.889003 0.99245 0.98741
014 36981 48.051004 46.897135 0.99161 0.98739
015 36950 45.442685 46.885102 0.98933 0.98740
016 36987 47.789458 46.939878 0.99214 0.98742
017 36947 48.303573 46.882477 0.99241 0.98735
018 36935 47.806741 46.912457 0.99187 0.98742
019 36915 47.966686 46.867418 0.99193 0.98730
020 36991 47.521160 46.875563 0.99123 0.98715
021 36856 47.890355 46.809265 0.99211 0.98720
022 36927 47.956863 46.922854 0.99153 0.98739
023 36828 47.861197 46.862507 0.99095 0.98730
024 36957 47.991701 46.872044 0.99256 0.98737
025 36984 45.579826 47.063334 0.98825 0.98787
026 36871 47.541909 46.634778 0.99011 0.98653
027 36972 46.265781 46.629848 0.98980 0.98672
028 36894 47.907844 46.635955 0.99186 0.98673
029 36915 48.105469 46.553707 0.99151 0.98637
030 36613 47.524263 46.758781 0.99078 0.98677
031 36888 48.165004 46.632500 0.99160 0.98672
032 36989 47.134866 47.088084 0.98879 0.98793
033 36957 47.589441 46.680872 0.99100 0.98679
034 36957 47.860832 46.703353 0.99060 0.98694
035 36992 47.524939 46.648070 0.98924 0.98661
036 36846 47.616009 46.479070 0.99112 0.98624
037 36994 46.830327 46.757544 0.99015 0.98714
038 36970 46.676748 46.537271 0.99023 0.98644
039 36804 47.201657 47.063776 0.99074 0.98782
040 36940 47.062283 46.878502 0.99064 0.98731
041 36986 46.600707 47.582988 0.98967 0.98913
042 36998 48.250250 47.289185 0.99192 0.98843
043 36926 48.250032 47.461563 0.99191 0.98892
044 37000 47.810711 46.923951 0.99106 0.98749
045 36982 47.654219 46.963798 0.99095 0.98752
046 36995 47.076675 46.700428 0.98987 0.98691
047 36862 48.180776 46.708112 0.99206 0.98683
048 36967 47.041527 46.635479 0.98973 0.98664
049 36538 47.822085 46.493953 0.99195 0.98608
050 36830 47.516403 46.690499 0.99042 0.98678
051 36868 47.972645 46.704269 0.99051 0.98682
052 36985 47.560215 47.095763 0.98990 0.98794
