002 53960 56.053576 52.959431 0.99844 0.99675
003 53985 53.452999 52.967065 0.99735 0.99674
004 53999 55.321570 53.000663 0.99791 0.99675
005 53881 55.332503 52.932977 0.99809 0.99671
006 54000 55.748675 53.061604 0.99833 0.99675
007 53999 54.761846 53.047768 0.99772 0.99674
008 53959 55.189967 52.951810 0.99820 0.99665
009 53963 54.557979 52.976545 0.99779 0.99667
010 53976 55.483909 52.924337 0.99829 0.99663
011 53976 53.754747 52.841167 0.99702 0.99661
012 53974 54.625245 52.959001 0.99767 0.99661
013 53934 54.972853 53.039335 0.99809 0.99672
014 53427 54.990480 52.606153 0.99768 0.99639
015 53939 51.394487 52.996544 0.99537 0.99669
016 53963 49.375399 52.874328 0.99463 0.99662
017 53988 54.608723 52.877068 0.99756 0.99659
018 53988 53.566151 52.865278 0.99649 0.99659
019 53994 55.459960 52.962117 0.99791 0.99667
020 53977 51.388722 52.982265 0.99631 0.99670
021 53449 54.796310 52.628393 0.99756 0.99644
022 53974 55.438424 53.003700 0.99791 0.99670
023 53979 54.617527 52.937571 0.99791 0.99664
024 53947 54.138524 52.915927 0.99726 0.99664
025 53914 54.091426 53.081557 0.99751 0.99672
026 53969 54.374846 52.599918 0.99740 0.99647
027 53819 54.292298 52.472360 0.99750 0.99632
028 53884 54.119118 52.506682 0.99706 0.99639
029 53890 54.462334 52.462576 0.99768 0.99633
030 53378 53.306497 52.514044 0.99648 0.99633
031 53984 54.099100 52.626303 0.99724 0.99647
032 53897 53.381616 53.002073 0.99681 0.99667
033 53683 54.400968 52.461235 0.99783 0.99633
034 53609 54.973365 52.411237 0.99793 0.99628
035 53805 53.475685 52.351896 0.99663 0.99624
036 53612 53.782055 52.257473 0.99753 0.99619
037 53975 53.243078 52.693381 0.99715 0.99653
038 53994 54.551619 52.455396 0.99787 0.99634
039 53988 53.310921 53.143205 0.99708 0.99680
040 53971 53.905308 52.897354 0.99723 0.99666
041 53996 54.036152 53.923780 0.99694 0.99737
042 53838 56.105136 53.474838 0.99822 0.99701
043 53596 56.117789 53.661193 0.99829 0.99715
044 53922 55.188889 52.882553 0.99783 0.99662
045 53903 53.578151 52.972988 0.99731 0.99667
046 53869 54.299166 52.575855 0.99737 0.99641
047 53777 54.670250 52.511137 0.99754 0.99631
048 53804 53.758877 52.412184 0.99733 0.99631
049 53993 54.689567 52.517342 0.99793 0.99638
050 53902 54.205417 52.612198 0.99745 0.99643
