002 60878 65.883259 64.834853 0.99977 0.99974
003 60779 63.856828 63.774401 0.99970 0.99966
004 60836 66.186353 64.873073 0.99979 0.99974
005 60785 65.343277 63.712634 0.99973 0.99966
006 60803 65.981240 65.195176 0.99978 0.99976
007 60725 65.170083 63.529983 0.99972 0.99965
008 60837 66.024540 65.207778 0.99979 0.99976
009 60745 65.485061 63.512866 0.99974 0.99964
010 60953 66.238610 65.273168 0.99979 0.99976
011 60900 65.429688 63.342955 0.99974 0.99964
012 60826 66.541509 65.298866 0.99981 0.99977
013 60657 65.143357 63.488529 0.99972 0.99964
014 60953 66.112457 64.796966 0.99979 0.99974
015 60698 65.422105 63.286991 0.99973 0.99962
016 60931 65.730133 64.851429 0.99977 0.99974
017 60813 65.523666 62.975251 0.99974 0.99960
018 60978 66.018018 64.869736 0.99978 0.99974
019 60767 65.214995 63.641665 0.99972 0.99966
020 60918 66.175075 64.962447 0.99979 0.99975
021 60777 65.513982 63.169283 0.99974 0.99961
022 60916 66.273032 64.843133 0.99980 0.99974
023 60867 65.420212 63.498247 0.99973 0.99964
024 60954 66.022365 65.209581 0.99979 0.99977
025 60653 66.363829 65.079878 0.99980 0.99975
026 60999 61.054163 61.642305 0.99933 0.99944
027 60997 57.609454 61.721553 0.99878 0.99945
028 60976 60.316842 61.350877 0.99920 0.99941
029 60920 66.380328 60.445589 0.99983 0.99936
030 60981 64.154762 63.765339 0.99967 0.99966
031 60935 59.978990 61.418906 0.99913 0.99941
032 60732 66.742142 64.715726 0.99981 0.99973
033 60991 58.559244 61.827035 0.99894 0.99946
034 60998 62.261039 62.190273 0.99947 0.99951
035 60982 55.181357 60.817566 0.99775 0.99939
036 60997 56.894689 60.415583 0.99844 0.99935
037 60957 60.671142 62.562108 0.99932 0.99955
038 60996 58.566270 60.664804 0.99890 0.99935
039 60566 66.204458 65.125631 0.99979 0.99976
040 60839 65.196974 63.595403 0.99972 0.99965
041 59973 1.000000 1.000000 1 1
042 60439 1.000000 1.000000 1 1
043 60112 1.000000 1.000000 1 1
044 60875 66.157092 64.916687 0.99979 0.99975
045 60625 65.860153 63.511646 0.99976 0.99963
046 61000 58.585847 61.831176 0.99898 0.99946
047 60972 62.444123 62.456544 0.99949 0.99953
048 60991 55.918576 61.371696 0.99814 0.99942
049 61000 59.457261 61.187824 0.99906 0.99940
050 60993 60.344994 62.384429 0.99925 0.99953
