002 52407 55.901199 52.173208 0.99845 0.99614
003 52958 54.351249 52.437355 0.99778 0.99636
004 52938 53.877216 52.440023 0.99744 0.99636
005 52479 55.766886 52.230777 0.99843 0.99618
006 52926 54.891974 52.484766 0.99798 0.99635
007 52515 54.881593 52.233593 0.99801 0.99615
008 52896 54.715243 52.434403 0.99776 0.99629
009 52830 54.676945 52.357878 0.99766 0.99625
010 52899 54.373954 52.390173 0.99786 0.99627
011 52959 54.903557 52.307478 0.99788 0.99624
012 52844 54.762985 52.353858 0.99765 0.99620
013 52929 54.839653 52.484380 0.99777 0.99634
014 52974 53.832329 52.384335 0.99706 0.99625
015 52857 54.826588 52.435640 0.99780 0.99629
016 52609 55.010934 52.225058 0.99811 0.99611
017 52960 54.600564 52.354886 0.99760 0.99620
018 52753 54.226076 52.237958 0.99725 0.99609
019 52903 54.448386 52.345643 0.99752 0.99621
020 52956 54.523655 52.450711 0.99748 0.99631
021 52911 54.191557 52.368273 0.99746 0.99624
022 52928 54.446419 52.413984 0.99780 0.99626
023 52999 54.196124 52.409438 0.99749 0.99624
024 52776 54.262613 52.310900 0.99733 0.99618
025 52837 54.163683 52.483225 0.99729 0.99628
026 52979 49.580233 52.098117 0.99272 0.99605
027 52554 52.809814 51.843288 0.99650 0.99580
028 52970 48.835066 52.076235 0.99465 0.99603
029 52943 54.161133 51.984555 0.99741 0.99592
030 52928 52.592804 52.270745 0.99583 0.99615
031 52982 49.337395 52.113562 0.99443 0.99605
032 52670 53.422058 52.386217 0.99706 0.99622
033 52922 52.511330 52.067128 0.99692 0.99601
034 52741 53.930492 51.973925 0.99769 0.99590
035 52976 52.578216 51.946018 0.99582 0.99589
036 52978 52.899684 51.930309 0.99719 0.99593
037 52953 54.322923 52.181642 0.99753 0.99612
038 52910 52.648147 51.906640 0.99589 0.99587
039 52909 54.669135 52.562599 0.99778 0.99637
040 52766 54.180300 52.259301 0.99738 0.99617
041 52996 52.689946 53.304984 0.99574 0.99685
042 52934 54.643413 52.978163 0.99790 0.99671
043 52940 54.898181 53.232540 0.99794 0.99685
044 52940 53.303123 52.359282 0.99732 0.99622
045 52994 55.205795 52.479953 0.99799 0.99631
046 52942 51.089150 52.130571 0.99584 0.99605
047 52994 52.014094 52.147380 0.99616 0.99604
048 52904 53.139284 51.979408 0.99726 0.99595
049 52987 51.008817 52.000376 0.99537 0.99595
050 52993 52.629289 52.112148 0.99700 0.99604
