002 55942 57.482210 54.387813 0.99874 0.99771
003 55964 56.661025 54.326012 0.99847 0.99769
004 55914 56.926441 54.313229 0.99865 0.99764
005 55902 56.961125 54.231400 0.99861 0.99764
006 55903 57.481297 54.372317 0.99875 0.99765
007 55816 57.291078 54.254788 0.99885 0.99757
008 55996 56.814352 54.368006 0.99843 0.99763
009 55954 56.745223 54.308390 0.99850 0.99762
010 55986 56.142088 54.257250 0.99835 0.99757
011 55974 56.437140 54.133594 0.99849 0.99752
012 55877 53.991099 54.284566 0.99730 0.99756
013 55967 55.417373 54.371128 0.99806 0.99764
014 55928 56.142759 54.210860 0.99815 0.99755
015 55851 57.874369 54.267546 0.99894 0.99757
016 55931 55.711468 54.163825 0.99806 0.99754
017 55950 57.779474 54.167087 0.99893 0.99754
018 55984 55.675179 54.186566 0.99803 0.99755
019 55991 56.598744 54.334261 0.99836 0.99760
020 55962 56.239296 54.283692 0.99835 0.99761
021 55993 53.722868 54.230249 0.99707 0.99756
022 55992 54.322923 54.355247 0.99724 0.99764
023 55914 56.269578 54.207565 0.99843 0.99756
024 55985 56.223550 54.275539 0.99825 0.99759
025 55891 57.277991 54.473128 0.99866 0.99765
026 55477 55.768527 53.456732 0.99803 0.99708
027 55619 56.210358 53.565904 0.99823 0.99712
028 55535 55.638793 53.478711 0.99799 0.99708
029 55603 55.460725 53.428037 0.99815 0.99703
030 55403 54.865568 53.660183 0.99761 0.99721
031 55611 55.281595 53.581125 0.99786 0.99714
032 55953 55.579080 54.447932 0.99796 0.99764
033 55989 54.256381 53.761978 0.99763 0.99734
034 55986 51.986873 53.838638 0.99624 0.99740
035 55614 55.786822 53.384695 0.99806 0.99703
036 55494 55.821982 53.253871 0.99814 0.99692
037 55974 53.623602 53.905976 0.99669 0.99742
038 55996 50.267376 53.574931 0.99461 0.99720
039 55914 55.510115 54.519499 0.99801 0.99770
040 55975 55.998292 54.151227 0.99812 0.99755
041 55925 56.785220 55.644171 0.99850 0.99818
042 55259 58.429754 54.536765 0.99898 0.99772
043 55971 57.395427 55.679397 0.99859 0.99820
044 55999 56.197886 54.214587 0.99836 0.99754
045 55971 56.957078 54.446570 0.99870 0.99765
046 55391 56.196980 53.455889 0.99829 0.99702
047 55659 55.630042 53.563064 0.99795 0.99714
048 55704 55.271887 53.499220 0.99782 0.99712
049 55637 56.029983 53.420624 0.99826 0.99706
050 55957 56.071134 53.819084 0.99821 0.99737
