002 15989 45.598781 40.684120 0.98707 0.95810
003 15659 45.075014 40.626572 0.98560 0.95738
004 15895 45.181536 40.679974 0.98656 0.95771
005 15626 45.283172 40.622989 0.98680 0.95718
006 15406 45.117713 40.591339 0.98621 0.95672
007 15796 45.287853 40.690493 0.98523 0.95751
008 15997 45.210862 40.740977 0.98585 0.95815
009 15927 45.163368 40.700974 0.98665 0.95764
010 15539 45.060700 40.565052 0.98540 0.95674
011 15979 44.683715 40.721132 0.98573 0.95766
012 15993 44.570695 40.723911 0.98407 0.95817
013 15860 44.670951 40.687856 0.98506 0.95757
014 15813 45.156343 40.703318 0.98527 0.95752
015 15688 44.932361 40.677833 0.98425 0.95754
016 15679 44.563229 40.613502 0.98409 0.95681
017 15952 44.196253 40.707793 0.98366 0.95758
018 15977 44.855200 40.683109 0.98450 0.95730
019 15666 44.343441 40.643493 0.98390 0.95719
020 15955 42.955050 40.741532 0.97985 0.95760
021 15487 44.683939 40.551018 0.98371 0.95638
022 15989 44.472169 40.696014 0.98398 0.95765
023 15993 44.397705 40.692596 0.98416 0.95733
024 15481 41.849882 40.568439 0.98479 0.95625
025 15998 43.802825 40.816693 0.98233 0.95854
026 15967 42.920705 40.509435 0.98101 0.95570
027 15926 43.478747 40.520008 0.98032 0.95593
028 15918 43.389211 40.543152 0.98134 0.95576
029 15968 43.052474 40.480286 0.97867 0.95536
030 15921 43.843955 40.634547 0.98205 0.95660
031 15924 43.947452 40.536389 0.98232 0.95546
032 15999 43.827289 40.811790 0.98191 0.95825
033 15463 44.320159 40.403609 0.98441 0.95426
034 15988 44.607247 40.549926 0.98285 0.95608
035 15972 43.996033 40.457178 0.98177 0.95496
036 15919 43.843047 40.444119 0.98166 0.95508
037 15995 43.019672 40.607091 0.98039 0.95633
038 15957 43.400933 40.472117 0.98174 0.95529
039 15992 43.847526 40.819974 0.98199 0.95845
040 15986 43.874696 40.677865 0.98292 0.95728
041 15905 43.623114 41.178026 0.98137 0.96186
042 15960 44.021750 40.975686 0.98135 0.96029
043 15978 43.203421 41.099428 0.98145 0.96148
044 15835 44.588823 40.669988 0.98286 0.95725
045 15962 44.488973 40.765819 0.98455 0.95809
046 15984 42.891914 40.561105 0.97989 0.95596
047 15529 44.696870 40.462791 0.98369 0.95522
048 15700 44.273823 40.405810 0.98244 0.95453
049 15972 44.277081 40.457118 0.98327 0.95511
050 15993 43.471090 40.571370 0.98174 0.95601
051 15492 44.818307 40.430158 0.98479 0.95522
052 15882 43.908435 40.806094 0.98125 0.95799
