002 25983 46.898971 43.917654 0.99005 0.97662
003 25968 45.858393 43.909865 0.98874 0.97648
004 25992 46.479312 43.930922 0.98928 0.97638
005 25976 46.348939 43.938964 0.98960 0.97656
006 25989 45.484081 43.956160 0.98897 0.97665
007 25970 46.871965 43.943394 0.98993 0.97642
008 25446 46.599440 43.739125 0.99018 0.97558
009 25964 46.512684 43.946198 0.99074 0.97659
010 25991 45.762787 43.930478 0.98839 0.97650
011 25949 46.495117 43.864760 0.98898 0.97602
012 25989 46.286023 43.970278 0.98940 0.97658
013 25925 46.206318 43.959459 0.98823 0.97635
014 25791 46.554886 43.872004 0.99027 0.97596
015 25398 46.483203 43.753547 0.98914 0.97538
016 25972 45.452782 43.916730 0.98564 0.97625
017 25340 46.216403 43.667473 0.98888 0.97481
018 25964 45.690504 43.928235 0.98760 0.97626
019 25993 44.529742 43.925269 0.98775 0.97634
020 25976 46.342824 43.907887 0.98876 0.97621
021 26000 46.021974 43.939408 0.98849 0.97635
022 25956 45.862856 43.900903 0.98860 0.97606
023 25989 46.329802 43.927806 0.98836 0.97620
024 25982 46.259070 43.907980 0.98898 0.97618
025 25981 46.418493 44.046902 0.98768 0.97682
026 25907 45.171871 43.662632 0.98703 0.97498
027 25946 45.889118 43.678627 0.98707 0.97503
028 25925 45.901770 43.661420 0.98737 0.97484
029 25962 44.432145 43.606075 0.98532 0.97477
030 25553 45.483275 43.667789 0.98518 0.97511
031 25995 45.998768 43.700092 0.98747 0.97520
032 25903 45.628790 43.995774 0.98567 0.97679
033 25974 45.841735 43.689963 0.98729 0.97511
034 25953 45.868184 43.726353 0.98832 0.97520
035 25958 45.692741 43.608656 0.98588 0.97475
036 25894 45.750615 43.510048 0.98741 0.97417
037 25879 45.718722 43.724085 0.98607 0.97550
038 25906 45.873855 43.566892 0.98902 0.97448
039 25831 45.432022 44.029000 0.98604 0.97707
040 25926 45.894647 43.851613 0.98787 0.97602
041 25501 45.657807 44.335897 0.98697 0.97844
042 25949 45.954310 44.271439 0.98775 0.97774
043 25953 45.921124 44.433126 0.98765 0.97862
044 25989 45.175197 43.960243 0.98528 0.97627
045 25985 46.263297 43.944082 0.98737 0.97617
046 25970 44.898568 43.724098 0.98435 0.97536
047 25944 44.269448 43.740205 0.98540 0.97562
048 25998 45.198323 43.616948 0.98577 0.97462
049 25995 45.965951 43.624416 0.98743 0.97459
050 25969 43.900823 43.734191 0.98367 0.97551
051 25964 45.455988 43.706748 0.98617 0.97513
052 25951 45.456465 44.030581 0.98585 0.97666
