002 17910 45.221537 41.233782 0.98681 0.96384
003 17889 45.277233 41.260107 0.98641 0.96372
004 17963 45.284182 41.271163 0.98670 0.96369
005 17629 45.531875 41.182441 0.98747 0.96292
006 17796 45.423678 41.246624 0.98732 0.96375
007 17961 45.591410 41.301029 0.98685 0.96394
008 17857 45.361636 41.244119 0.98654 0.96373
009 17969 43.895515 41.303816 0.98393 0.96399
010 17966 45.542454 41.237986 0.98607 0.96360
011 17898 45.512010 41.266337 0.98686 0.96323
012 17910 45.313786 41.283970 0.98650 0.96394
013 17771 45.345156 41.217402 0.98674 0.96321
014 17653 45.080263 41.232353 0.98656 0.96297
015 17998 44.883969 41.334714 0.98487 0.96408
016 17850 44.776987 41.230390 0.98431 0.96322
017 17996 45.199295 41.285972 0.98501 0.96340
018 17733 45.157216 41.180008 0.98440 0.96280
019 17868 44.491586 41.254235 0.98544 0.96340
020 17744 44.908569 41.222418 0.98464 0.96306
021 17980 44.864136 41.286059 0.98421 0.96352
022 17989 42.898657 41.261248 0.98218 0.96358
023 17592 44.734180 41.141005 0.98456 0.96215
024 17462 44.601364 41.118953 0.98381 0.96173
025 17449 44.800937 41.225768 0.98387 0.96263
026 17526 43.600630 40.968902 0.98289 0.96059
027 17953 43.228333 41.085785 0.98132 0.96196
028 17756 44.083013 41.021216 0.98256 0.96101
029 17377 44.492121 40.892778 0.98497 0.95963
030 17694 44.027873 41.144200 0.98229 0.96217
031 17983 44.030704 41.141443 0.98290 0.96200
032 17588 44.348763 41.278028 0.98379 0.96307
033 17988 44.712283 41.112559 0.98456 0.96164
034 17995 44.517145 41.127921 0.98195 0.96212
035 17994 43.766335 41.019099 0.98189 0.96118
036 17844 44.892176 40.974190 0.98377 0.96074
037 17985 44.194268 41.143019 0.98271 0.96241
038 17437 44.576522 40.893733 0.98409 0.95939
039 17928 44.306499 41.430238 0.98366 0.96451
040 17276 44.987343 41.063706 0.98405 0.96113
041 17997 44.075131 41.847187 0.98170 0.96763
042 17931 44.717916 41.604796 0.98379 0.96561
043 17987 44.689743 41.754541 0.98464 0.96674
044 17956 43.931459 41.265471 0.98222 0.96362
045 17973 44.960863 41.323526 0.98519 0.96377
046 17980 44.373939 41.130585 0.98238 0.96205
047 17959 44.978715 41.126167 0.98503 0.96235
048 17638 44.640137 40.959443 0.98383 0.96032
049 17488 44.802776 40.887182 0.98574 0.95953
050 17988 44.495394 41.131171 0.98390 0.96224
051 17968 44.915355 41.114238 0.98471 0.96218
052 17929 44.058150 41.383749 0.98182 0.96402
