002 40932 50.327964 48.349450 0.99517 0.99112
003 40894 49.989875 48.289952 0.99433 0.99109
004 40987 48.670928 48.374720 0.99443 0.99119
005 40972 49.029100 48.344881 0.99457 0.99107
006 40901 49.222930 48.346886 0.99461 0.99116
007 40632 49.058097 48.200374 0.99389 0.99090
008 40972 48.488526 48.311229 0.99326 0.99109
009 40593 48.692149 48.194417 0.99354 0.99082
010 40988 48.478752 48.326950 0.99389 0.99111
011 40949 48.345549 48.236035 0.99334 0.99094
012 40780 49.461484 48.251268 0.99439 0.99089
013 40857 48.875861 48.293472 0.99330 0.99100
014 40550 49.514471 48.095152 0.99394 0.99061
015 40867 48.401981 48.237230 0.99310 0.99087
016 40990 48.454089 48.345921 0.99298 0.99109
017 40923 49.371024 48.277470 0.99391 0.99090
018 40964 48.831784 48.316832 0.99292 0.99104
019 40920 49.239046 48.260761 0.99340 0.99093
020 40935 49.142563 48.281931 0.99311 0.99095
021 40973 48.993307 48.246111 0.99237 0.99097
022 40859 49.151449 48.275679 0.99281 0.99100
023 40737 49.214440 48.206915 0.99387 0.99089
024 40958 48.945214 48.259195 0.99379 0.99097
025 40930 49.387040 48.462281 0.99377 0.99131
026 40985 47.776476 48.035212 0.99079 0.99060
027 40976 49.254811 48.004108 0.99339 0.99053
028 40980 47.581992 47.961211 0.99064 0.99051
029 40889 48.453936 47.868843 0.99226 0.99040
030 40942 48.336240 48.225078 0.99182 0.99088
031 40937 47.929922 48.004726 0.99166 0.99057
032 40913 48.582983 48.450930 0.99281 0.99133
033 40789 49.028709 47.952113 0.99298 0.99045
034 40856 48.809003 47.983768 0.99278 0.99050
035 40970 48.746252 47.974895 0.99291 0.99050
036 40995 47.409861 47.839729 0.99143 0.99045
037 40965 48.634028 48.090563 0.99315 0.99073
038 40464 48.515547 47.695901 0.99380 0.99002
039 40972 48.767273 48.500938 0.99285 0.99143
040 40986 48.708750 48.274839 0.99211 0.99098
041 40938 49.007554 49.078444 0.99294 0.99236
042 40964 49.221385 48.768337 0.99378 0.99192
043 40525 49.355020 48.790082 0.99313 0.99191
044 40647 48.794939 48.111587 0.99273 0.99070
045 40976 46.708596 48.379732 0.99041 0.99125
046 40971 48.744095 48.039189 0.99267 0.99066
047 40891 48.894654 48.070373 0.99292 0.99058
048 40424 48.532454 47.818170 0.99279 0.99024
049 40922 48.258358 47.937182 0.99282 0.99048
050 40990 45.941163 48.115881 0.98926 0.99077
051 40970 48.959603 48.079478 0.99292 0.99066
052 40907 48.202493 48.436233 0.99218 0.99136
