002 45429 51.875309 49.784801 0.99653 0.99334
003 45749 51.786010 49.785577 0.99587 0.99334
004 45998 51.335624 49.865398 0.99544 0.99345
005 45774 50.403281 49.802577 0.99635 0.99333
006 45736 51.567984 49.833534 0.99578 0.99339
007 45995 51.424108 49.851721 0.99585 0.99344
008 45948 49.781440 49.850513 0.99444 0.99342
009 45690 51.382441 49.791167 0.99571 0.99331
010 45982 51.456059 49.845528 0.99608 0.99340
011 45963 51.492920 49.783611 0.99595 0.99331
012 45988 51.151683 49.879277 0.99534 0.99338
013 45942 51.161258 49.877058 0.99608 0.99346
014 45723 50.578206 49.763081 0.99516 0.99324
015 45962 51.417776 49.874575 0.99639 0.99337
016 45924 51.441872 49.821104 0.99594 0.99334
017 45453 51.352064 49.682070 0.99537 0.99314
018 45912 51.244127 49.797231 0.99562 0.99328
019 45833 51.039846 49.768076 0.99495 0.99325
020 45989 51.030879 49.883561 0.99547 0.99345
021 45734 50.663728 49.788526 0.99529 0.99328
022 45818 51.121675 49.804499 0.99529 0.99333
023 45872 50.770392 49.822512 0.99520 0.99332
024 45972 50.938569 49.806369 0.99479 0.99333
025 45893 49.947412 49.908978 0.99449 0.99346
026 45994 49.999265 49.669411 0.99411 0.99319
027 45997 50.392739 49.652120 0.99484 0.99315
028 45969 50.313687 49.674954 0.99477 0.99322
029 45975 46.557985 49.593922 0.99180 0.99311
030 45959 50.021546 49.765295 0.99403 0.99323
031 45857 50.414148 49.624768 0.99417 0.99312
032 45634 50.318070 49.827314 0.99455 0.99333
033 45883 50.241445 49.634749 0.99456 0.99315
034 45630 50.504092 49.566490 0.99422 0.99305
035 45734 49.941135 49.514617 0.99377 0.99300
036 45716 50.285504 49.504908 0.99431 0.99308
037 45808 50.615806 49.672786 0.99510 0.99319
038 45977 49.266867 49.582306 0.99351 0.99311
039 45985 49.628757 49.956549 0.99318 0.99354
040 45985 48.546819 49.822251 0.99324 0.99336
041 45949 49.961448 50.392144 0.99379 0.99409
042 45995 50.718720 50.190781 0.99491 0.99391
043 45965 51.112678 50.358076 0.99585 0.99410
044 45368 50.311701 49.678183 0.99465 0.99314
045 45783 50.752518 49.828672 0.99526 0.99333
046 45941 50.698375 49.688237 0.99572 0.99318
047 45861 50.999845 49.694108 0.99529 0.99312
048 45980 50.288872 49.636698 0.99473 0.99315
049 45990 49.689502 49.601600 0.99459 0.99307
050 45742 50.508122 49.639148 0.99473 0.99312
051 45880 50.957227 49.670620 0.99494 0.99313
052 45976 50.370546 49.974234 0.99426 0.99361
