002 58927 57.372218 57.773285 0.99873 0.99894
003 58986 58.107718 57.812846 0.99878 0.99895
004 58940 58.030375 57.731825 0.99890 0.99891
005 58986 55.830713 57.713810 0.99807 0.99895
006 58946 59.426197 57.943879 0.99916 0.99900
007 58974 58.243391 57.767431 0.99881 0.99893
008 58930 57.972747 57.795800 0.99888 0.99896
009 58991 56.948725 57.928336 0.99852 0.99899
010 58904 57.911504 57.734082 0.99884 0.99892
011 58981 54.992710 57.559595 0.99751 0.99888
012 58939 57.882038 57.778822 0.99887 0.99895
013 58975 59.187178 57.900431 0.99901 0.99898
014 58984 57.779474 57.602564 0.99893 0.99888
015 58979 57.689799 57.759638 0.99871 0.99895
016 58949 61.012795 57.658940 0.99941 0.99892
017 58992 57.319422 57.572006 0.99875 0.99888
018 58972 56.749849 57.628299 0.99838 0.99891
019 58950 57.482819 57.643435 0.99878 0.99891
020 58995 58.338352 57.741830 0.99882 0.99894
021 58950 57.163648 57.502039 0.99868 0.99887
022 58996 58.340577 57.906132 0.99883 0.99899
023 58878 55.608043 57.480993 0.99828 0.99886
024 58971 56.694915 57.732792 0.99837 0.99894
025 58901 59.227022 58.092629 0.99916 0.99905
026 58859 60.196918 56.704574 0.99930 0.99862
027 58999 57.041774 56.813308 0.99876 0.99865
028 58908 60.441977 56.745223 0.99932 0.99863
029 58915 59.996332 56.541263 0.99925 0.99857
030 58946 61.222973 57.439205 0.99943 0.99885
031 58736 59.729913 56.546168 0.99920 0.99858
032 58937 58.357671 58.055309 0.99884 0.99902
033 58996 50.992736 56.783665 0.99539 0.99866
034 58749 60.234040 56.636156 0.99929 0.99860
035 58398 58.978205 55.874212 0.99912 0.99838
036 58702 59.282871 56.146562 0.99922 0.99846
037 58305 59.692792 56.179132 0.99920 0.99845
038 58937 59.954183 56.484292 0.99925 0.99855
039 58938 60.667972 58.455574 0.99931 0.99909
040 58988 56.828729 57.621065 0.99864 0.99891
041 58997 60.456441 61.759689 0.99923 0.99944
042 58610 61.928360 59.156190 0.99954 0.99922
043 58978 54.979861 61.355330 0.99770 0.99942
044 58877 57.860732 57.683418 0.99882 0.99891
045 58963 59.955796 58.074103 0.99927 0.99902
046 58981 50.714105 56.906135 0.99511 0.99867
047 58700 60.861081 56.660017 0.99937 0.99860
048 58926 60.295848 56.626148 0.99927 0.99860
049 58862 59.979531 56.455603 0.99924 0.99854
050 58717 59.786974 56.694407 0.99920 0.99861
