002 35936 47.794525 46.660017 0.99266 0.98672
003 35734 48.180026 46.563105 0.99287 0.98636
004 35838 48.792592 46.647116 0.99280 0.98653
005 35712 48.119792 46.581742 0.99339 0.98635
006 35958 47.350550 46.687305 0.99273 0.98669
007 35730 48.221685 46.589466 0.99275 0.98642
008 35806 48.100167 46.579541 0.99263 0.98626
009 35815 48.018719 46.628648 0.99297 0.98641
010 35838 48.054371 46.608814 0.99337 0.98641
011 35947 48.057150 46.555821 0.99313 0.98619
012 35967 48.115705 46.675889 0.99252 0.98662
013 35949 48.571195 46.622076 0.99289 0.98642
014 35784 48.546508 46.568478 0.99306 0.98625
015 35988 45.253612 46.605156 0.98935 0.98638
016 35912 48.219340 46.609312 0.99257 0.98626
017 35895 48.515779 46.572525 0.99288 0.98627
018 35675 48.133915 46.562243 0.99272 0.98621
019 35578 48.088288 46.498368 0.99226 0.98599
020 35547 47.863157 46.454378 0.99189 0.98572
021 35996 45.453298 46.569662 0.99032 0.98634
022 35956 47.452636 46.638035 0.99050 0.98638
023 35626 47.940157 46.515534 0.99097 0.98611
024 35974 47.594998 46.590135 0.99118 0.98635
025 35930 48.185318 46.751444 0.99194 0.98685
026 35993 45.614235 46.395445 0.98788 0.98572
027 35859 47.872437 46.333001 0.99160 0.98560
028 35736 47.419270 46.319148 0.99143 0.98562
029 35768 47.808316 46.230526 0.99059 0.98531
030 35955 46.991628 46.573364 0.98891 0.98619
031 35948 45.599373 46.366747 0.98729 0.98573
032 35449 47.164892 46.615041 0.98893 0.98642
033 35879 47.580808 46.364417 0.99041 0.98567
034 35852 47.062118 46.380258 0.99009 0.98581
035 35779 47.382141 46.303087 0.98978 0.98545
036 35630 47.800317 46.137865 0.99139 0.98498
037 35960 46.278058 46.457790 0.98876 0.98605
038 35962 47.001126 46.263665 0.99133 0.98541
039 35985 47.281942 46.821665 0.98960 0.98696
040 35972 47.509812 46.608167 0.99026 0.98633
041 35910 47.803626 47.225748 0.99120 0.98811
042 35961 47.770097 46.967825 0.99142 0.98743
043 35367 47.633370 46.976811 0.99096 0.98744
044 35874 47.969954 46.597056 0.99168 0.98636
045 35592 48.146451 46.569539 0.99180 0.98621
046 35507 47.422691 46.277135 0.98995 0.98535
047 35270 48.036768 46.261229 0.99163 0.98535
048 35919 47.372278 46.338565 0.99015 0.98560
049 35819 47.438180 46.293030 0.99148 0.98542
050 35503 47.403370 46.314191 0.98963 0.98553
051 35313 47.726284 46.253149 0.99030 0.98526
052 35978 47.072297 46.791472 0.98900 0.98688
