002 39949 49.678889 47.982948 0.99477 0.99052
003 39990 47.867412 47.963523 0.99154 0.99048
004 39989 48.378123 47.967163 0.99370 0.99048
005 39953 48.653993 47.995296 0.99427 0.99043
006 40000 47.709350 47.980558 0.99359 0.99051
007 39982 48.624475 47.956829 0.99330 0.99049
008 39680 48.827882 47.890054 0.99407 0.99022
009 39894 48.027717 47.990982 0.99249 0.99043
010 39489 48.698548 47.843829 0.99461 0.99000
011 39882 48.452033 47.897684 0.99354 0.99031
012 39574 49.148009 47.863224 0.99357 0.99009
013 39983 48.194274 47.924627 0.99243 0.99037
014 39953 48.988698 47.929989 0.99323 0.99034
015 39860 48.830248 47.904588 0.99428 0.99032
016 39985 48.994601 47.974349 0.99318 0.99036
017 39826 48.782685 47.926549 0.99382 0.99029
018 39271 49.111227 47.737793 0.99305 0.98969
019 39816 49.087200 47.904052 0.99295 0.99032
020 39778 48.816363 47.897516 0.99288 0.99022
021 39824 48.842179 47.879669 0.99309 0.99033
022 39944 48.874141 47.997900 0.99212 0.99049
023 39954 46.491869 47.979636 0.98967 0.99049
024 39718 48.875232 47.843432 0.99305 0.99015
025 39956 45.793171 48.032862 0.99178 0.99060
026 39773 48.345327 47.646089 0.99159 0.98955
027 39918 48.699797 47.673801 0.99252 0.98974
028 39657 48.680984 47.541723 0.99306 0.98937
029 39972 48.910695 47.593280 0.99276 0.98952
030 39988 46.359220 47.936574 0.98950 0.99034
031 39803 48.611627 47.650453 0.99172 0.98964
032 39978 48.230246 48.048819 0.99127 0.99061
033 39815 47.665539 47.685937 0.99129 0.98977
034 39709 48.634385 47.642424 0.99226 0.98963
035 39466 48.421547 47.490741 0.99203 0.98922
036 39696 48.726102 47.440651 0.99310 0.98929
037 39614 48.566934 47.661984 0.99297 0.98967
038 39924 47.690501 47.539903 0.99255 0.98949
039 39288 48.406007 47.922000 0.99224 0.99016
040 39378 48.642687 47.737341 0.99229 0.98974
041 39958 48.858151 48.619727 0.99244 0.99157
042 39991 49.089712 48.314214 0.99402 0.99112
043 39995 48.893517 48.525675 0.99148 0.99143
044 39960 48.846427 47.908750 0.99294 0.99029
045 39730 48.963625 47.944150 0.99353 0.99035
046 39890 48.534857 47.721489 0.99243 0.98985
047 39558 48.661054 47.657736 0.99185 0.98953
048 39933 48.268925 47.664999 0.99191 0.98970
049 39864 48.520338 47.628929 0.99330 0.98963
050 39783 48.380181 47.737276 0.99096 0.98983
051 39912 48.796751 47.756913 0.99230 0.98994
052 39619 48.430133 48.017652 0.99214 0.99059
