002 21571 46.372589 42.699346 0.98899 0.96932
003 21941 45.677026 42.761767 0.98731 0.96930
004 21980 45.326903 42.779685 0.98789 0.96945
005 21989 46.098027 42.784047 0.98922 0.96974
006 21922 46.131505 42.792092 0.98823 0.96970
007 21995 45.609585 42.810997 0.98663 0.96963
008 21890 45.981607 42.753973 0.98839 0.96939
009 21955 44.319865 42.781365 0.98643 0.96961
010 21965 45.704287 42.752436 0.98754 0.96936
011 21940 45.927035 42.741725 0.98847 0.96898
012 21766 45.834919 42.805239 0.98736 0.96968
013 21333 45.877639 42.655513 0.98827 0.96886
014 21978 45.861640 42.805716 0.98803 0.96924
015 21978 44.757066 42.811288 0.98535 0.96957
016 21994 45.401208 42.767920 0.98581 0.96901
017 21974 45.789212 42.756853 0.98738 0.96900
018 21967 45.553763 42.775657 0.98691 0.96932
019 21615 45.124216 42.717150 0.98744 0.96921
020 21667 45.709747 42.720952 0.98734 0.96923
021 21984 45.425743 42.785388 0.98567 0.96938
022 21632 45.386906 42.723983 0.98660 0.96910
023 21915 45.613799 42.738732 0.98726 0.96900
024 21801 45.738152 42.703598 0.98699 0.96902
025 21806 45.535431 42.831967 0.98546 0.96973
026 21822 44.603418 42.564344 0.98497 0.96805
027 21978 45.352419 42.597535 0.98547 0.96829
028 21946 45.377242 42.596557 0.98620 0.96818
029 21992 45.447445 42.544244 0.98780 0.96788
030 21941 44.173816 42.710227 0.98204 0.96903
031 21830 45.319683 42.569340 0.98485 0.96822
032 21828 44.866002 42.851791 0.98439 0.96970
033 21962 45.277306 42.573800 0.98506 0.96800
034 21468 45.047597 42.547389 0.98718 0.96806
035 21381 44.934764 42.405531 0.98393 0.96744
036 21901 45.350425 42.479520 0.98457 0.96751
037 21955 45.096065 42.643790 0.98507 0.96873
038 21661 45.147427 42.487077 0.98616 0.96782
039 21592 44.893601 42.840634 0.98467 0.96986
040 21952 45.465658 42.714926 0.98591 0.96910
041 21991 44.546275 43.311352 0.98302 0.97297
042 21986 42.670725 43.094493 0.98121 0.97117
043 21969 45.105194 43.240625 0.98582 0.97221
044 21994 45.273827 42.793425 0.98481 0.96956
045 21920 45.786368 42.779685 0.98693 0.96917
046 21373 45.148280 42.490056 0.98432 0.96799
047 21869 45.466021 42.602965 0.98616 0.96842
048 21967 45.053213 42.538790 0.98478 0.96772
049 21978 45.316558 42.540975 0.98719 0.96793
050 21990 45.240368 42.647937 0.98476 0.96847
051 21825 45.342793 42.586765 0.98570 0.96826
052 21787 44.895379 42.840634 0.98412 0.96962
