002 56967 53.016961 55.357622 0.99699 0.99810
003 56966 53.917748 55.295370 0.99737 0.99808
004 56928 54.767544 55.255452 0.99797 0.99804
005 56972 50.998067 55.196795 0.99692 0.99804
006 56975 51.358895 55.412834 0.99542 0.99811
007 56942 59.396300 55.264758 0.99926 0.99801
008 56997 55.716329 55.346068 0.99802 0.99805
009 56996 53.825898 55.349419 0.99712 0.99804
010 57000 53.793885 55.274999 0.99769 0.99800
011 56976 53.555910 55.092675 0.99749 0.99792
012 56998 55.681206 55.310849 0.99799 0.99802
013 56960 50.883403 55.357809 0.99489 0.99805
014 56976 48.750978 55.126338 0.99473 0.99792
015 56985 50.743931 55.284897 0.99493 0.99802
016 56780 57.616040 54.929350 0.99875 0.99786
017 56977 60.096856 55.123155 0.99929 0.99794
018 56980 59.844269 55.093905 0.99926 0.99792
019 56942 59.819696 55.203453 0.99924 0.99796
020 56998 52.913268 55.247076 0.99691 0.99801
021 56990 55.573977 55.170619 0.99795 0.99798
022 56965 53.653245 55.252719 0.99726 0.99799
023 56998 59.900206 55.158482 0.99927 0.99796
024 56986 55.148689 55.226205 0.99814 0.99798
025 57000 56.674398 55.461871 0.99840 0.99812
026 56956 57.789262 54.616268 0.99888 0.99777
027 56945 57.967299 54.554410 0.99886 0.99772
028 56957 55.925588 54.558755 0.99822 0.99774
029 56869 56.610681 54.365184 0.99857 0.99765
030 56698 57.240693 54.750149 0.99870 0.99778
031 56915 56.421377 54.615167 0.99835 0.99777
032 56971 51.322708 55.366589 0.99536 0.99807
033 56515 56.936092 54.141908 0.99883 0.99757
034 56934 58.090178 54.616583 0.99891 0.99775
035 56825 56.902405 54.266530 0.99852 0.99763
036 56812 56.499071 54.205704 0.99868 0.99760
037 56450 57.236089 54.294343 0.99873 0.99761
038 56832 56.642673 54.215448 0.99867 0.99759
039 56975 58.008675 55.596789 0.99877 0.99821
040 56988 59.073744 55.053526 0.99915 0.99792
041 56932 60.765398 56.887251 0.99946 0.99862
042 56895 58.191120 56.332885 0.99891 0.99850
043 56915 60.177626 56.848412 0.99929 0.99864
044 56985 50.646791 55.209220 0.99490 0.99799
045 56960 49.642500 55.367524 0.99515 0.99806
046 56870 56.627648 54.570104 0.99853 0.99771
047 56822 56.471732 54.558445 0.99841 0.99769
048 56649 56.271880 54.214444 0.99848 0.99760
049 56846 57.597560 54.292006 0.99875 0.99762
050 56884 56.529516 54.615167 0.99831 0.99772
