002 31942 47.919306 45.627221 0.99264 0.98343
003 31991 46.357669 45.611820 0.99079 0.98337
004 31618 47.745418 45.572369 0.99085 0.98311
005 31976 47.264770 45.657887 0.99177 0.98346
006 31667 47.421250 45.580573 0.99160 0.98328
007 31697 47.355780 45.587512 0.99155 0.98330
008 31960 45.712865 45.600261 0.98996 0.98322
009 31512 47.199517 45.521960 0.99193 0.98299
010 31998 47.088585 45.620654 0.99193 0.98332
011 31367 47.055933 45.430162 0.99119 0.98270
012 31923 47.276656 45.635608 0.99151 0.98336
013 31997 47.425604 45.630280 0.99022 0.98335
014 31933 47.750530 45.608675 0.99174 0.98326
015 31876 47.116137 45.599551 0.99103 0.98324
016 31957 46.243321 45.602116 0.99060 0.98308
017 31762 47.704029 45.522929 0.99189 0.98287
018 31852 47.276104 45.613819 0.99103 0.98335
019 31437 47.244840 45.454595 0.99142 0.98269
020 31977 44.757570 45.591292 0.98770 0.98290
021 31992 45.723023 45.559174 0.98963 0.98310
022 31982 46.939636 45.614156 0.98968 0.98319
023 31301 47.172368 45.466461 0.99041 0.98276
024 31999 45.694394 45.580435 0.98858 0.98307
025 31975 46.876569 45.715113 0.99011 0.98368
026 31959 46.504925 45.405093 0.98846 0.98252
027 31994 44.961800 45.383638 0.98655 0.98245
028 31493 46.766414 45.300616 0.98992 0.98226
029 31984 46.544598 45.302605 0.99004 0.98227
030 31885 46.103784 45.531505 0.98738 0.98302
031 31901 47.001671 45.363785 0.98991 0.98252
032 31990 46.057718 45.720202 0.98591 0.98366
033 31982 44.173618 45.424246 0.98533 0.98254
034 31324 47.033559 45.288404 0.98937 0.98219
035 31324 46.733988 45.204192 0.98958 0.98173
036 31398 47.096403 45.159409 0.98996 0.98169
037 31926 46.654455 45.458298 0.98768 0.98284
038 31931 46.539107 45.287504 0.99081 0.98212
039 31755 46.713107 45.712804 0.98896 0.98367
040 31258 47.144598 45.436448 0.98962 0.98258
041 31984 46.877972 46.178794 0.99006 0.98505
042 31884 47.229450 45.885282 0.98953 0.98408
043 31893 47.036305 46.063334 0.99112 0.98475
044 31953 47.169025 45.617344 0.98981 0.98323
045 31975 44.501764 45.653391 0.98741 0.98337
046 31998 46.346407 45.431149 0.98804 0.98264
047 31958 47.314705 45.446912 0.99082 0.98281
048 31960 46.496597 45.345174 0.98827 0.98237
049 31919 47.041994 45.338797 0.99093 0.98226
050 31467 46.839898 45.361300 0.98871 0.98236
051 31998 47.146598 45.439052 0.98944 0.98263
052 31982 46.563229 45.746634 0.98864 0.98365
