002 51885 54.532750 51.944997 0.99794 0.99594
003 51527 54.119820 51.745288 0.99774 0.99576
004 51784 53.837717 51.877318 0.99738 0.99586
005 51961 52.259850 51.963322 0.99740 0.99597
006 51989 53.609106 51.993748 0.99742 0.99595
007 51992 48.478445 51.958797 0.99401 0.99593
008 51976 53.817906 51.971015 0.99748 0.99590
009 51997 53.374400 51.944997 0.99698 0.99590
010 51406 53.374872 51.651277 0.99726 0.99561
011 51949 51.691765 51.820584 0.99671 0.99580
012 51662 54.528431 51.788470 0.99765 0.99572
013 51963 50.780657 51.988934 0.99542 0.99593
014 51889 53.639278 51.815958 0.99725 0.99576
015 51360 54.106649 51.682308 0.99735 0.99562
016 51699 54.052702 51.780684 0.99752 0.99576
017 51987 53.489985 51.827532 0.99761 0.99578
018 51551 53.915070 51.682469 0.99707 0.99561
019 51668 53.852999 51.703012 0.99730 0.99566
020 51977 52.970725 51.958627 0.99639 0.99591
021 51988 50.013089 51.901080 0.99588 0.99585
022 51452 53.826947 51.703978 0.99722 0.99564
023 51986 50.640236 51.906219 0.99570 0.99582
024 51674 53.444822 51.760178 0.99659 0.99569
025 51953 54.352877 52.062145 0.99753 0.99594
026 51792 52.506779 51.546360 0.99588 0.99552
027 51906 52.699043 51.568530 0.99633 0.99552
028 51561 52.215362 51.430223 0.99596 0.99540
029 51971 52.657758 51.521062 0.99671 0.99548
030 51610 52.642551 51.676468 0.99621 0.99559
031 51756 52.765618 51.509583 0.99638 0.99546
032 51997 51.727454 52.022917 0.99600 0.99591
033 51955 51.320497 51.608250 0.99641 0.99557
034 51649 53.415251 51.483274 0.99723 0.99541
035 51831 52.479953 51.424787 0.99606 0.99539
036 51416 52.476972 51.232418 0.99686 0.99524
037 51574 52.946451 51.543568 0.99667 0.99552
038 51811 52.281209 51.393214 0.99587 0.99538
039 51966 52.292987 52.092570 0.99634 0.99600
040 51996 49.970184 51.889477 0.99428 0.99585
041 51961 53.083215 52.750132 0.99644 0.99647
042 51929 53.811627 52.434307 0.99736 0.99630
043 51689 53.290236 52.555839 0.99712 0.99638
044 51983 47.937114 51.864359 0.99286 0.99580
045 51935 51.911870 52.003219 0.99605 0.99592
046 51851 52.990805 51.606755 0.99718 0.99556
047 51784 53.795448 51.573602 0.99721 0.99550
048 51966 53.049962 51.565567 0.99696 0.99556
049 51957 53.615598 51.533267 0.99712 0.99552
050 51766 53.026224 51.570168 0.99698 0.99553
