002 26511 47.077840 44.093141 0.99045 0.97723
003 26968 46.707017 44.247051 0.99040 0.97772
004 26995 45.793645 44.288985 0.98902 0.97774
005 26618 46.983833 44.161161 0.99030 0.97732
006 26870 47.004615 44.256714 0.99039 0.97777
007 26973 47.047306 44.288999 0.99001 0.97780
008 26974 46.768015 44.273372 0.99069 0.97780
009 26975 45.831171 44.275670 0.99018 0.97782
010 26972 46.700123 44.245303 0.98882 0.97769
011 26963 46.766234 44.203443 0.98977 0.97730
012 26980 46.498950 44.296549 0.98995 0.97777
013 26996 45.281577 44.325247 0.98693 0.97780
014 26958 46.832816 44.257583 0.99064 0.97748
015 26960 46.642222 44.273764 0.98881 0.97764
016 26869 46.409212 44.207350 0.98861 0.97730
017 26846 46.605902 44.166122 0.99018 0.97700
018 26735 46.386213 44.180713 0.98868 0.97726
019 26784 46.243939 44.189902 0.98875 0.97729
020 26903 46.242795 44.214874 0.98815 0.97720
021 26824 46.225897 44.203629 0.98887 0.97739
022 26975 46.180259 44.230004 0.98947 0.97736
023 26468 46.360936 44.077479 0.98824 0.97679
024 26876 46.289444 44.189674 0.98862 0.97730
025 26962 46.185111 44.376886 0.98701 0.97810
026 26994 44.990102 44.029275 0.98502 0.97641
027 26313 46.110615 43.807433 0.98755 0.97562
028 26977 45.932399 44.021654 0.98731 0.97637
029 26953 46.041632 43.971281 0.98815 0.97631
030 26858 45.528263 44.112571 0.98492 0.97701
031 26639 46.053072 43.911269 0.98692 0.97601
032 26512 45.684042 44.206648 0.98666 0.97748
033 26813 45.993278 43.977253 0.98652 0.97622
034 26655 45.948683 43.994220 0.98729 0.97635
035 26943 45.855232 43.950420 0.98598 0.97612
036 26918 46.071552 43.870361 0.98727 0.97580
037 26885 44.233834 44.068830 0.98368 0.97674
038 26870 45.458012 43.913049 0.98756 0.97595
039 26998 45.009763 44.419212 0.98488 0.97843
040 26974 45.896210 44.198924 0.98747 0.97741
041 26849 46.112146 44.797015 0.98749 0.98012
042 26968 46.226831 44.612164 0.98919 0.97918
043 26976 45.622855 44.762253 0.98668 0.97997
044 26838 46.168840 44.256381 0.98827 0.97740
045 26677 46.649452 44.164194 0.98828 0.97710
046 26998 45.730113 44.060599 0.98672 0.97671
047 26810 46.281981 44.017636 0.98941 0.97664
048 26865 45.859482 43.918136 0.98736 0.97589
049 26667 46.038226 43.866891 0.98760 0.97567
050 26870 46.037680 44.028643 0.98848 0.97665
051 26550 46.342379 43.908328 0.98829 0.97597
052 26571 45.520371 44.236515 0.98633 0.97754
