002 28611 47.450762 44.897863 0.99111 0.98055
003 28793 47.004588 44.934070 0.99091 0.98074
004 28873 46.840975 44.965311 0.99020 0.98082
005 28986 47.099022 44.957799 0.99070 0.98096
006 28882 47.149106 44.964203 0.99037 0.98100
007 28931 47.149444 44.993173 0.99071 0.98097
008 28982 45.969709 44.932124 0.98773 0.98082
009 28986 46.175841 44.946309 0.99084 0.98093
010 28911 45.941419 44.933393 0.98797 0.98083
011 28996 46.978220 44.919942 0.99011 0.98077
012 28856 46.761100 44.967391 0.99037 0.98085
013 28346 46.785090 44.806735 0.98934 0.98011
014 28746 47.034603 44.937525 0.99142 0.98064
015 28740 47.036937 44.937779 0.98967 0.98066
016 28973 46.892987 44.924736 0.99055 0.98064
017 28950 47.013978 44.896923 0.99131 0.98052
018 28946 46.869109 44.965566 0.98974 0.98086
019 28933 46.692047 44.933647 0.99048 0.98075
020 28778 46.658733 44.914007 0.98998 0.98040
021 28951 46.707247 44.930483 0.99004 0.98071
022 28576 46.403510 44.841575 0.98882 0.98012
023 28841 46.704701 44.939575 0.98890 0.98074
024 28887 46.636932 44.911649 0.98994 0.98059
025 28975 46.659136 44.990788 0.98850 0.98104
026 28753 45.844865 44.682581 0.98637 0.97951
027 28782 46.429419 44.679196 0.98893 0.97956
028 28960 45.440459 44.764287 0.98486 0.97984
029 28968 46.355814 44.707252 0.98999 0.97968
030 28945 45.306550 44.898030 0.98494 0.98062
031 28934 46.366559 44.736266 0.98736 0.97987
032 28704 46.225828 45.013226 0.98666 0.98106
033 28957 46.469875 44.789395 0.98811 0.97999
034 28642 46.300443 44.694418 0.98819 0.97970
035 28630 46.105358 44.540628 0.98657 0.97900
036 28968 46.293378 44.620707 0.98827 0.97937
037 28363 46.065772 44.604940 0.98670 0.97931
038 28976 45.664932 44.685026 0.98862 0.97954
039 28978 44.823996 45.028613 0.98591 0.98125
040 28747 46.555747 44.869903 0.98804 0.98029
041 28950 46.247304 45.404942 0.98752 0.98261
042 28621 46.494875 45.124570 0.98824 0.98148
043 28959 44.912508 45.334655 0.98892 0.98236
044 28985 46.541778 44.980254 0.98795 0.98088
045 28556 47.103371 44.888707 0.98992 0.98030
046 28966 45.442418 44.791737 0.98561 0.98002
047 28986 46.606723 44.826175 0.98861 0.98035
048 28591 46.136838 44.531207 0.98828 0.97891
049 28915 46.026281 44.683955 0.98743 0.97945
050 28843 45.964534 44.776693 0.98728 0.98000
051 28866 46.266632 44.783064 0.98698 0.97988
052 28979 45.696855 45.009487 0.98634 0.98099
