002 48987 53.330768 50.851550 0.99758 0.99468
003 48990 52.611405 50.807802 0.99644 0.99465
004 48998 52.246428 50.796493 0.99639 0.99462
005 48830 52.975898 50.793817 0.99691 0.99459
006 48987 52.327308 50.845999 0.99674 0.99466
007 48942 52.743483 50.810945 0.99658 0.99460
008 48959 52.087294 50.815074 0.99572 0.99463
009 48994 53.201535 50.786841 0.99724 0.99459
010 48957 52.556426 50.804988 0.99654 0.99458
011 48996 52.495082 50.745608 0.99700 0.99455
012 48962 50.735811 50.798778 0.99524 0.99453
013 48961 51.016639 50.838939 0.99605 0.99464
014 48927 52.511912 50.766824 0.99606 0.99452
015 48951 52.246702 50.817238 0.99647 0.99457
016 48907 52.348815 50.770716 0.99596 0.99454
017 48899 51.896199 50.718335 0.99695 0.99448
018 48989 50.999571 50.758856 0.99533 0.99450
019 48896 52.260216 50.717373 0.99618 0.99448
020 48922 51.004157 50.803811 0.99569 0.99457
021 48924 50.461032 50.798844 0.99444 0.99454
022 48991 51.903354 50.809832 0.99558 0.99458
023 48937 52.314232 50.788209 0.99623 0.99453
024 48920 52.054114 50.764750 0.99591 0.99453
025 48952 52.470824 50.869372 0.99654 0.99460
026 48499 51.276891 50.430680 0.99560 0.99418
027 48861 51.866279 50.529925 0.99577 0.99426
028 48723 51.071795 50.503481 0.99477 0.99427
029 48939 51.657004 50.480414 0.99582 0.99423
030 48997 49.023584 50.725715 0.99363 0.99443
031 48948 48.412639 50.580380 0.99312 0.99430
032 48953 51.355107 50.865192 0.99558 0.99461
033 48966 51.358301 50.557643 0.99616 0.99429
034 48933 51.847777 50.552887 0.99600 0.99427
035 48962 50.668543 50.460609 0.99466 0.99416
036 48974 50.763778 50.459582 0.99517 0.99424
037 48988 49.214713 50.647989 0.99470 0.99440
038 48395 51.576804 50.278024 0.99560 0.99403
039 48858 50.960548 50.854129 0.99564 0.99461
040 48996 50.719618 50.801457 0.99488 0.99458
041 48615 51.864860 51.203498 0.99550 0.99507
042 48760 52.261222 51.061929 0.99648 0.99491
043 48985 51.196907 51.330674 0.99597 0.99526
044 48869 51.272809 50.753552 0.99488 0.99449
045 48908 52.370054 50.838544 0.99670 0.99459
046 48959 51.137112 50.615118 0.99564 0.99432
047 48961 50.308957 50.611112 0.99495 0.99427
048 48956 50.274838 50.537299 0.99479 0.99427
049 48404 51.521448 50.309891 0.99593 0.99402
050 48886 50.135988 50.579262 0.99516 0.99430
