002 6799 44.751674 35.071980 0.98427 0.90925
003 6949 44.080593 35.283635 0.98267 0.91035
004 6972 43.470860 35.333731 0.98106 0.91068
005 6959 43.645954 35.343692 0.98136 0.91056
006 6950 43.583815 35.336341 0.98111 0.91075
007 6983 42.829777 35.332577 0.97952 0.91132
008 6676 43.492608 35.042882 0.98161 0.90922
009 6993 43.490944 35.386555 0.98071 0.91175
010 6951 42.849025 35.315162 0.97961 0.91093
011 6645 43.568820 34.975475 0.98131 0.90871
012 6313 43.268715 34.760342 0.98083 0.90529
013 6951 43.279711 35.278360 0.97938 0.91075
014 6512 43.871143 34.898401 0.98162 0.90777
015 6295 43.531601 34.662689 0.98117 0.90562
016 6448 43.331892 34.789806 0.98109 0.90572
017 6515 42.957905 34.921950 0.98079 0.90776
018 6884 42.823910 35.218818 0.98009 0.90941
019 6315 42.219990 34.697307 0.97999 0.90519
020 6956 41.031465 35.258530 0.97906 0.91051
021 6921 40.744266 35.231287 0.97823 0.90966
022 6880 40.571940 35.156566 0.97901 0.90912
023 6986 40.465077 35.261354 0.97799 0.90945
024 6914 40.895957 35.192675 0.97878 0.91048
025 6986 41.540599 35.363461 0.97779 0.91232
026 6817 40.232354 34.965091 0.97516 0.90623
027 6964 40.719566 35.104474 0.97383 0.90792
028 6979 40.253515 35.084772 0.97457 0.90740
029 6460 40.975305 34.581252 0.97537 0.90247
030 6997 39.238846 35.123954 0.97100 0.90904
031 6941 41.016529 35.030049 0.97332 0.90743
032 6972 39.641564 35.224558 0.96944 0.91053
033 6985 40.679352 35.106558 0.97097 0.90689
034 6668 40.720381 34.741718 0.97355 0.90637
035 6971 42.154701 35.128198 0.97688 0.90761
036 6977 40.959666 35.057587 0.97360 0.90589
037 6986 41.595448 35.211024 0.97570 0.90941
038 6287 41.452269 34.486218 0.97719 0.90055
039 6999 41.636914 35.462825 0.97764 0.91241
040 6968 42.338365 35.214966 0.97795 0.90933
041 6991 40.477628 35.910629 0.97294 0.91753
042 6899 42.122351 35.523706 0.97767 0.91422
043 6462 42.200300 35.239061 0.97711 0.91232
044 6968 41.956400 35.310995 0.97600 0.91011
045 6968 41.982796 35.388661 0.97625 0.91149
046 6969 41.858377 35.157104 0.97547 0.90702
047 6977 42.774668 35.190837 0.97748 0.90790
048 6896 41.892064 34.999705 0.97446 0.90567
049 6344 42.180098 34.510538 0.97728 0.90055
050 6998 41.991160 35.178880 0.97614 0.90834
051 6857 42.246547 35.042598 0.97801 0.90692
052 6839 41.946290 35.198347 0.97609 0.91081
