002 5918 44.519452 34.320938 0.98262 0.89819
003 5973 44.024316 34.409381 0.98196 0.89941
004 5955 44.055591 34.422352 0.98190 0.89969
005 5909 44.220400 34.398181 0.98171 0.89916
006 5943 43.926973 34.414418 0.98126 0.89850
007 5914 43.934268 34.384958 0.98110 0.89834
008 5920 43.745532 34.402979 0.98096 0.89887
009 5945 43.654556 34.444581 0.98095 0.89903
010 5959 43.532802 34.449406 0.98065 0.89904
011 5898 43.255032 34.373231 0.97944 0.89862
012 5845 42.977840 34.352314 0.97910 0.89749
013 5979 42.983853 34.441243 0.97879 0.90082
014 5787 42.877015 34.303947 0.97898 0.89700
015 5935 42.590395 34.395712 0.97875 0.90031
016 5968 42.331675 34.418630 0.97848 0.89965
017 5955 42.036767 34.427216 0.97813 0.90002
018 5963 41.634474 34.408517 0.97786 0.89920
019 5968 41.682749 34.404013 0.97739 0.89953
020 5819 40.624363 34.295607 0.97617 0.89693
021 5892 39.560611 34.358263 0.97494 0.89777
022 5908 39.803600 34.321622 0.97626 0.89797
023 5948 39.824297 34.403351 0.97557 0.89897
024 5954 39.892973 34.359499 0.97591 0.89877
025 5915 41.048507 34.411633 0.97658 0.90082
026 5878 39.891414 34.140624 0.97289 0.89362
027 5963 39.976244 34.251634 0.97387 0.89583
028 5927 40.739785 34.168791 0.97364 0.89531
029 5983 40.180293 34.192230 0.97162 0.89532
030 5727 39.823456 34.085733 0.97089 0.89441
031 5794 40.317941 34.057877 0.97308 0.89322
032 5970 39.841261 34.381343 0.97019 0.90124
033 5886 40.582002 34.151553 0.97168 0.89371
034 5902 40.861260 34.119420 0.97284 0.89561
035 5787 40.883084 34.147586 0.97322 0.89070
036 5748 41.274259 34.017159 0.97348 0.88870
037 5878 41.226258 34.274913 0.97362 0.89605
038 5939 41.833455 34.187769 0.97461 0.89423
039 5924 41.287514 34.500390 0.97433 0.90080
040 5823 42.115340 34.233553 0.97539 0.89615
041 5927 41.278699 34.802498 0.97435 0.90872
042 5879 42.329138 34.620794 0.97592 0.90412
043 5925 41.475901 34.795233 0.97466 0.90690
044 5828 42.305398 34.280231 0.97585 0.89726
045 5905 41.632171 34.488949 0.97496 0.90052
046 5543 41.225624 33.906032 0.97320 0.88791
047 5948 42.166070 34.321747 0.97579 0.89636
048 5725 41.902393 34.011935 0.97475 0.88969
049 5857 41.933565 34.115583 0.97452 0.89196
050 5761 41.403495 34.170257 0.97376 0.89422
051 5938 41.672640 34.242338 0.97457 0.89552
052 5974 40.878105 34.463125 0.97105 0.90172
