002 49991 52.949773 51.137748 0.99759 0.99510
003 49977 48.487528 51.083218 0.99237 0.99505
004 49990 53.373100 51.105733 0.99695 0.99508
005 49983 52.788176 51.117737 0.99695 0.99508
006 49525 53.134472 51.021931 0.99717 0.99492
007 49906 53.455286 51.068805 0.99713 0.99499
008 50000 52.863282 51.113030 0.99629 0.99505
009 49998 51.344873 51.108818 0.99590 0.99505
010 49620 52.685103 50.991848 0.99691 0.99485
011 49997 52.025602 51.011834 0.99657 0.99494
012 49387 52.763872 50.936950 0.99701 0.99472
013 49940 52.903819 51.138454 0.99694 0.99507
014 49394 53.010869 50.897146 0.99683 0.99467
015 49474 52.793653 50.973993 0.99680 0.99479
016 49975 46.164411 51.057282 0.99406 0.99498
017 49615 52.837092 50.927520 0.99725 0.99476
018 49969 52.983561 51.041435 0.99648 0.99492
019 49925 52.976437 50.992667 0.99648 0.99490
020 49775 52.724614 51.079244 0.99658 0.99496
021 49968 52.883608 51.069848 0.99649 0.99495
022 49703 52.847339 51.021174 0.99631 0.99488
023 49857 52.624513 51.053609 0.99624 0.99491
024 49721 52.924870 50.995195 0.99691 0.99484
025 49956 51.913474 51.163105 0.99593 0.99505
026 49887 51.713563 50.863269 0.99555 0.99468
027 49926 51.821328 50.877080 0.99578 0.99467
028 49808 51.328238 50.844943 0.99475 0.99467
029 49983 51.349542 50.805184 0.99543 0.99462
030 49782 51.376692 50.953028 0.99539 0.99477
031 49886 51.791671 50.877945 0.99539 0.99466
032 49953 50.858034 51.149487 0.99555 0.99504
033 49642 52.218713 50.785343 0.99669 0.99458
034 49573 51.733769 50.751161 0.99563 0.99452
035 49793 51.190826 50.695759 0.99516 0.99449
036 49546 51.320203 50.636145 0.99615 0.99443
037 49804 52.005633 50.903766 0.99627 0.99475
038 49973 50.718463 50.790882 0.99536 0.99463
039 49966 50.269920 51.179188 0.99529 0.99508
040 49972 47.573591 51.071934 0.99214 0.99498
041 49962 51.892837 51.757652 0.99534 0.99564
042 49902 52.424989 51.478001 0.99689 0.99540
043 49714 52.926469 51.621019 0.99734 0.99557
044 49502 52.112767 50.933512 0.99586 0.99473
045 49992 52.076849 51.141775 0.99666 0.99502
046 49754 52.187933 50.830970 0.99651 0.99462
047 49929 52.190993 50.914955 0.99608 0.99471
048 49818 51.813234 50.816910 0.99623 0.99463
049 49855 52.133679 50.786450 0.99632 0.99458
050 49585 51.445888 50.793295 0.99571 0.99459
