002 37992 46.511224 47.308121 0.99273 0.98871
003 37468 49.306804 47.092117 0.99382 0.98804
004 37773 48.111164 47.260950 0.99340 0.98852
005 37878 48.202170 47.257047 0.99348 0.98841
006 37941 47.810843 47.309993 0.99314 0.98868
007 37673 48.374346 47.168487 0.99334 0.98828
008 37891 48.073545 47.237095 0.99319 0.98839
009 37848 48.185855 47.277410 0.99275 0.98846
010 37787 48.116304 47.224830 0.99399 0.98845
011 37970 46.802155 47.187300 0.99178 0.98830
012 37394 48.770589 47.107836 0.99323 0.98794
013 37976 45.752802 47.261529 0.99089 0.98852
014 37879 48.781371 47.219412 0.99332 0.98837
015 37866 48.439077 47.208996 0.99368 0.98842
016 37848 48.359123 47.231375 0.99283 0.98830
017 37896 48.673970 47.216233 0.99322 0.98833
018 37724 48.357075 47.176110 0.99308 0.98814
019 37487 48.351680 47.064273 0.99243 0.98782
020 37873 48.180848 47.185196 0.99193 0.98818
021 37936 48.179847 47.170894 0.99240 0.98828
022 37538 48.203320 47.134781 0.99136 0.98800
023 37601 48.314029 47.127342 0.99140 0.98798
024 37998 48.200159 47.215202 0.99218 0.98841
025 37840 48.327283 47.361549 0.99261 0.98872
026 37574 47.310607 46.852781 0.99064 0.98727
027 37862 48.009122 46.927539 0.99145 0.98757
028 37767 48.095818 46.901713 0.99245 0.98749
029 37964 48.474007 46.895885 0.99235 0.98747
030 37976 47.102479 47.201172 0.98954 0.98824
031 37520 48.144572 46.833157 0.99133 0.98724
032 37895 47.769349 47.386933 0.99159 0.98882
033 37989 48.162476 47.019446 0.99120 0.98786
034 37989 47.982026 47.015153 0.99192 0.98783
035 37753 47.864786 46.898093 0.99059 0.98742
036 37823 48.381079 46.795342 0.99225 0.98729
037 37504 48.083287 46.913018 0.99207 0.98754
038 37930 47.545273 46.845178 0.99216 0.98737
039 38000 46.597552 47.474122 0.99052 0.98902
040 37993 46.566555 47.248156 0.99002 0.98843
041 37958 48.319341 47.919407 0.99187 0.99009
042 37958 48.434868 47.615287 0.99296 0.98949
043 37973 47.923246 47.821295 0.99078 0.98994
044 37755 48.291602 47.171999 0.99149 0.98819
045 37865 48.561389 47.259331 0.99247 0.98843
046 37684 47.794361 46.929200 0.99053 0.98752
047 37340 48.252903 46.860581 0.99193 0.98725
048 37995 47.808873 46.973046 0.99154 0.98766
049 37910 47.832234 46.937945 0.99164 0.98757
050 37662 48.061008 46.980605 0.99143 0.98768
051 37520 48.317717 46.898359 0.99188 0.98742
052 37981 46.375136 47.441224 0.98823 0.98901
