002 57620 60.033962 55.981025 0.99925 0.99840
003 57695 60.066950 55.983180 0.99927 0.99839
004 57686 59.260812 56.095837 0.99929 0.99841
005 57891 58.657462 56.196754 0.99900 0.99847
006 57988 60.333242 56.503199 0.99931 0.99855
007 57649 59.868455 55.991809 0.99923 0.99836
008 57829 57.953368 56.224917 0.99873 0.99846
009 57678 59.630454 56.102477 0.99921 0.99841
010 57718 59.419536 56.047884 0.99924 0.99839
011 57960 58.283834 56.102034 0.99895 0.99841
012 57854 58.578397 56.254181 0.99893 0.99846
013 57794 58.588987 56.303319 0.99900 0.99848
014 57954 58.768583 56.205138 0.99906 0.99843
015 57626 59.586751 56.007602 0.99919 0.99838
016 57710 59.254399 55.875894 0.99915 0.99835
017 57893 58.095783 56.136280 0.99884 0.99842
018 57891 59.440985 56.102034 0.99922 0.99841
019 57884 58.371469 56.239753 0.99896 0.99847
020 57935 58.210872 56.235411 0.99890 0.99847
021 57915 58.204757 56.125800 0.99892 0.99842
022 57946 58.456335 56.415421 0.99894 0.99853
023 57803 59.948808 56.103585 0.99923 0.99843
024 57733 59.421438 56.049854 0.99914 0.99840
025 57548 59.068478 56.138736 0.99911 0.99842
026 57984 54.826258 55.595804 0.99784 0.99824
027 57925 57.982299 55.506251 0.99872 0.99816
028 57982 57.252224 55.556165 0.99860 0.99819
029 57919 56.070695 55.375948 0.99838 0.99809
030 57936 56.677178 56.064322 0.99841 0.99840
031 57974 54.700140 55.637996 0.99779 0.99823
032 57802 57.690757 56.275337 0.99871 0.99843
033 57980 54.907593 55.590681 0.99786 0.99822
034 57991 54.803203 55.691068 0.99792 0.99830
035 57983 56.682492 55.401510 0.99844 0.99814
036 57917 56.276028 55.229284 0.99820 0.99802
037 57916 57.682781 55.700549 0.99884 0.99830
038 57999 56.958696 55.354264 0.99875 0.99811
039 57796 59.595160 56.596013 0.99921 0.99856
040 57957 58.348372 56.183418 0.99894 0.99846
041 58000 60.466716 58.763265 0.99931 0.99913
042 57857 55.260559 57.650073 0.99813 0.99889
043 57998 59.937544 58.538233 0.99920 0.99913
044 57625 58.891453 55.941142 0.99914 0.99836
045 57506 60.043832 55.990514 0.99928 0.99835
046 57995 55.772631 55.710456 0.99802 0.99825
047 57981 54.888456 55.722414 0.99783 0.99827
048 57955 53.084320 55.344579 0.99709 0.99811
049 57217 57.355337 54.643096 0.99860 0.99776
050 57995 55.822605 55.758897 0.99796 0.99830
