002 9991 42.869380 37.452784 0.98158 0.93476
003 9935 43.943219 37.397940 0.98303 0.93487
004 9919 44.503006 37.440272 0.98354 0.93524
005 9979 44.529387 37.485691 0.98371 0.93588
006 9995 44.285237 37.502638 0.98328 0.93508
007 9868 44.443923 37.374281 0.98359 0.93500
008 9981 44.017869 37.470803 0.98225 0.93523
009 9989 44.190629 37.439325 0.98400 0.93511
010 9947 44.136735 37.395424 0.98108 0.93463
011 9963 42.178455 37.444590 0.97921 0.93477
012 9971 44.114491 37.449490 0.98178 0.93486
013 9768 44.339453 37.306162 0.98344 0.93412
014 9881 43.768703 37.399053 0.98212 0.93446
015 9961 43.881771 37.461723 0.98165 0.93484
016 9871 43.590568 37.375751 0.98173 0.93394
017 9716 43.915311 37.213989 0.98219 0.93270
018 9964 42.919044 37.466667 0.98032 0.93475
019 9872 43.399233 37.349753 0.98046 0.93373
020 9949 42.444076 37.414752 0.97938 0.93474
021 9974 43.232529 37.406865 0.97939 0.93432
022 9996 42.631141 37.437843 0.97969 0.93461
023 9976 40.258975 37.429027 0.97989 0.93437
024 9986 40.758836 37.391559 0.97914 0.93394
025 9999 41.459176 37.569071 0.97941 0.93531
026 9949 40.122522 37.166921 0.97671 0.93129
027 9991 41.180550 37.243806 0.97935 0.93194
028 9791 40.997971 37.044726 0.97796 0.93079
029 9935 40.973149 37.104230 0.97877 0.93074
030 9996 40.682244 37.388666 0.97639 0.93423
031 9907 41.366653 37.133891 0.97793 0.93189
032 9846 40.795749 37.415060 0.97651 0.93462
033 9935 41.214633 37.131004 0.97721 0.93110
034 9876 41.259185 37.125626 0.97744 0.93182
035 9965 40.676626 37.216410 0.97575 0.93094
036 9799 41.459176 36.942794 0.97777 0.92988
037 9980 41.339291 37.307554 0.97768 0.93343
038 9942 41.296903 37.184250 0.97638 0.93085
039 9878 41.009914 37.535048 0.97671 0.93564
040 9903 43.089974 37.338443 0.98006 0.93366
041 9504 42.543580 37.608645 0.97774 0.93889
042 9987 43.191755 37.846089 0.97862 0.93762
043 9949 43.163739 37.962489 0.97972 0.94000
044 9898 43.574324 37.447470 0.97942 0.93454
045 9974 43.556625 37.573495 0.98010 0.93549
046 9916 43.292207 37.205159 0.97893 0.93186
047 9993 43.526138 37.343720 0.97968 0.93295
048 9858 43.023236 37.111546 0.97769 0.93117
049 9912 42.974227 37.094658 0.97718 0.93051
050 9977 42.360947 37.274975 0.97681 0.93257
051 9946 43.239204 37.210865 0.97790 0.93205
052 9918 42.167618 37.503369 0.97567 0.93586
