002 1554 37.892368 12.159090 0.97365 0.58004
003 1434 35.461963 11.993384 0.97143 0.57019
004 1535 36.683806 12.193625 0.97052 0.58252
005 1401 36.201588 12.020232 0.97196 0.57189
006 1880 36.006789 13.492187 0.96975 0.64153
007 1449 35.255718 12.038435 0.96869 0.57277
008 1885 36.342749 13.554503 0.96966 0.64456
009 1914 35.536086 13.563399 0.96864 0.64543
010 1935 35.374833 13.563735 0.96802 0.64515
011 1909 35.173883 13.560767 0.96760 0.64458
012 1485 34.847299 12.254587 0.96674 0.58595
013 1866 37.165203 13.338943 0.97211 0.63772
014 1914 36.910762 13.552163 0.97170 0.64410
015 1920 36.517383 13.550343 0.97027 0.64475
016 1438 36.016499 12.076565 0.96991 0.57534
017 1861 37.545622 13.001779 0.97167 0.62601
018 1467 36.456413 12.081276 0.97106 0.57591
019 1838 37.822796 13.335055 0.97252 0.63694
020 1712 37.003601 13.003594 0.97116 0.62508
021 1413 36.561175 12.092974 0.96984 0.57615
022 1840 36.874676 13.339803 0.97037 0.63654
023 1979 36.624434 13.890149 0.96903 0.66053
024 1693 36.470497 13.009666 0.96912 0.62464
025 1962 37.558929 13.894372 0.97126 0.66118
026 1995 37.306700 13.889182 0.96910 0.65526
027 1481 36.298434 12.303172 0.96862 0.58593
028 1958 36.586412 13.894268 0.96804 0.65523
029 1903 36.651143 13.560837 0.96875 0.63958
030 1996 36.352548 13.904199 0.96482 0.65795
031 1502 36.199902 12.308603 0.96695 0.58562
032 1984 35.997862 13.916648 0.96418 0.66091
033 2000 37.222639 13.909457 0.96722 0.65605
034 1940 37.088796 13.580000 0.96597 0.64196
035 1481 37.016615 12.121609 0.96735 0.57426
036 1904 36.887129 13.584996 0.96618 0.63967
037 2000 37.590736 13.929223 0.96834 0.65794
038 1994 37.370892 13.928955 0.96701 0.65575
039 1499 37.513220 12.322774 0.96794 0.59161
040 1971 37.260363 13.941902 0.96663 0.65933
041 1950 37.415938 13.416642 0.96649 0.64926
042 1723 37.175793 13.056819 0.96718 0.63218
043 1890 37.259319 13.606804 0.96653 0.65320
044 1516 37.283428 12.302331 0.96648 0.58975
045 1998 37.876418 13.940372 0.96756 0.66172
046 1996 37.607783 13.936237 0.96725 0.65756
047 1670 37.907098 12.495345 0.96783 0.59787
048 1683 37.447684 13.055695 0.96486 0.62299
049 1997 38.099943 13.940574 0.96606 0.65703
050 1887 37.446987 13.609000 0.96558 0.64336
