002 19000 46.041545 41.698735 0.98832 0.96602
003 18328 45.371865 41.454373 0.98672 0.96438
004 18493 45.420439 41.504170 0.98716 0.96487
005 18959 45.047493 41.715644 0.98675 0.96617
006 18991 44.368586 41.740668 0.98569 0.96626
007 18526 45.703539 41.557407 0.98642 0.96514
008 18333 45.562714 41.433147 0.98766 0.96453
009 18934 45.429802 41.705048 0.98611 0.96594
010 18855 45.619940 41.621311 0.98703 0.96557
011 18932 45.504745 41.685680 0.98796 0.96549
012 18892 45.259555 41.699338 0.98652 0.96606
013 18805 45.613186 41.640243 0.98733 0.96552
014 18924 45.544363 41.725166 0.98761 0.96581
015 18860 45.286843 41.709001 0.98555 0.96597
016 18879 43.554271 41.643423 0.98292 0.96530
017 18993 44.093643 41.676060 0.98320 0.96538
018 18870 45.104859 41.646654 0.98498 0.96558
019 18963 44.419407 41.713587 0.98391 0.96573
020 18846 44.977210 41.677508 0.98567 0.96571
021 18840 45.068410 41.650268 0.98450 0.96541
022 18984 45.069894 41.680339 0.98609 0.96583
023 18897 44.978664 41.653376 0.98556 0.96533
024 18910 44.851512 41.675837 0.98452 0.96556
025 18720 45.128852 41.688806 0.98420 0.96596
026 18936 43.701086 41.472818 0.98263 0.96404
027 18905 44.540860 41.477894 0.98460 0.96417
028 18705 44.313155 41.376640 0.98409 0.96353
029 18968 44.362512 41.445646 0.98376 0.96384
030 18743 44.492152 41.535836 0.98354 0.96495
031 18898 44.945239 41.494200 0.98631 0.96418
032 18974 43.910601 41.824214 0.98305 0.96627
033 18936 45.012227 41.479200 0.98472 0.96396
034 18871 45.091394 41.516444 0.98417 0.96424
035 18728 44.689151 41.320799 0.98329 0.96288
036 18980 45.016382 41.388640 0.98429 0.96340
037 18915 44.565639 41.526511 0.98330 0.96479
038 18985 44.722525 41.424983 0.98397 0.96357
039 18730 44.561737 41.759941 0.98335 0.96623
040 18830 45.118490 41.588979 0.98539 0.96511
041 18556 44.302531 42.089518 0.98378 0.96894
042 18589 44.662674 41.892408 0.98409 0.96725
043 18994 44.713248 42.219908 0.98410 0.96886
044 18925 44.920398 41.693234 0.98492 0.96569
045 18937 45.003429 41.735875 0.98519 0.96571
046 18963 44.551836 41.515188 0.98337 0.96424
047 18353 44.875393 41.282020 0.98504 0.96300
048 18927 44.440795 41.409190 0.98310 0.96344
049 18999 42.548884 41.435529 0.98121 0.96382
050 18988 44.226565 41.529756 0.98290 0.96442
