002 11649 45.186467 38.498906 0.98592 0.94148
003 11992 44.400653 38.638860 0.98357 0.94421
004 11974 43.991807 38.642842 0.98344 0.94386
005 11964 42.970133 38.611335 0.98131 0.94413
006 11871 44.637180 38.615726 0.98454 0.94335
007 11968 43.432083 38.646306 0.98211 0.94428
008 11986 44.087663 38.682027 0.98253 0.94426
009 11988 43.735232 38.625378 0.98231 0.94398
010 11978 44.338066 38.631116 0.98378 0.94360
011 11906 43.376043 38.625655 0.98107 0.94311
012 11962 43.968218 38.632096 0.98235 0.94396
013 11966 42.388797 38.674022 0.98147 0.94381
014 11912 44.264092 38.629939 0.98346 0.94332
015 11952 43.930075 38.647186 0.98218 0.94370
016 11986 43.731059 38.699563 0.98169 0.94365
017 11805 44.439163 38.538120 0.98332 0.94184
018 11380 43.556021 38.371432 0.98239 0.93957
019 11994 43.863371 38.673458 0.98129 0.94361
020 11996 43.317659 38.676783 0.98028 0.94415
021 11960 40.745118 38.604444 0.98047 0.94338
022 11658 40.869598 38.482620 0.98114 0.94088
023 11932 43.445627 38.595472 0.98082 0.94302
024 11984 43.052277 38.647850 0.98128 0.94316
025 11995 42.104094 38.752760 0.98095 0.94437
026 11977 41.900516 38.479437 0.98057 0.94100
027 11965 42.385360 38.501754 0.97966 0.94151
028 11953 42.098469 38.473766 0.97882 0.94096
029 11891 42.278177 38.371013 0.97998 0.93995
030 11985 41.527145 38.571797 0.97737 0.94278
031 11988 42.249894 38.447359 0.97956 0.94093
032 11793 41.647662 38.635663 0.97881 0.94324
033 11949 42.474166 38.445668 0.98099 0.94085
034 11556 42.579161 38.310687 0.98077 0.93882
035 11989 42.251418 38.464475 0.97971 0.94012
036 11905 42.650398 38.366418 0.98085 0.93968
037 11996 42.509596 38.572427 0.98077 0.94216
038 11984 42.355428 38.437651 0.97953 0.94030
039 11808 42.035282 38.745043 0.97934 0.94377
040 11745 43.646444 38.518765 0.98041 0.94112
041 11829 42.646978 39.097691 0.97809 0.94887
042 11990 43.325237 38.989051 0.98016 0.94682
043 11942 43.275561 39.080652 0.98110 0.94830
044 11867 43.998475 38.637783 0.98081 0.94314
045 11847 43.857462 38.677660 0.98228 0.94354
046 11946 43.593687 38.501411 0.98048 0.94097
047 11942 43.783236 38.504025 0.98136 0.94139
048 11977 43.022189 38.430118 0.97856 0.94029
049 11505 43.618810 38.175314 0.98090 0.93694
050 11645 43.439660 38.361955 0.97979 0.93969
