002 8960 44.925041 36.692257 0.98509 0.92872
003 8984 43.508719 36.747690 0.98088 0.92960
004 8384 44.381757 36.432558 0.98383 0.92178
005 8493 44.537584 36.474140 0.98360 0.92405
006 8542 44.361459 36.459560 0.98321 0.92461
007 8759 44.349591 36.604815 0.98305 0.92783
008 8977 43.489949 36.771611 0.98245 0.92991
009 8901 44.005427 36.693072 0.98267 0.92898
010 8821 43.895022 36.611082 0.98213 0.92770
011 8776 44.094173 36.625698 0.98152 0.92706
012 8306 43.981111 36.348911 0.98152 0.92137
013 8927 44.096922 36.748672 0.98230 0.92942
014 8989 44.114925 36.798201 0.98209 0.92958
015 8405 43.831607 36.377540 0.98222 0.92369
016 8955 43.399708 36.738809 0.98091 0.92883
017 8991 43.240006 36.763733 0.97956 0.92886
018 8818 42.926938 36.661577 0.98060 0.92783
019 8989 42.307441 36.770572 0.97772 0.92904
020 8596 41.507476 36.489115 0.97968 0.92569
021 8959 41.376714 36.694227 0.97960 0.92819
022 8918 40.791175 36.706460 0.97907 0.92898
023 8627 40.980131 36.459132 0.97915 0.92438
024 8924 41.219092 36.655753 0.97907 0.92862
025 8644 42.314677 36.638413 0.97981 0.92769
026 8471 41.427451 36.206511 0.97821 0.91913
027 8507 41.875803 36.276623 0.97811 0.92119
028 8887 42.276506 36.448803 0.97817 0.92465
029 8991 41.482571 36.476138 0.97821 0.92501
030 8983 41.273443 36.639401 0.97464 0.92808
031 8971 42.319309 36.513675 0.97827 0.92632
032 8523 41.925446 36.435628 0.97743 0.92456
033 8946 42.176571 36.515638 0.97811 0.92548
034 8460 42.473186 36.188470 0.97824 0.92040
035 8736 41.523716 36.397621 0.97723 0.92264
036 8880 42.135118 36.349157 0.97907 0.92326
037 8499 42.077638 36.344653 0.97777 0.92248
038 8986 42.903013 36.547601 0.97887 0.92518
039 8979 42.376747 36.889646 0.97848 0.93091
040 8995 42.321451 36.699785 0.97596 0.92821
041 8360 41.775323 36.865752 0.97749 0.92983
042 8466 42.994940 36.780258 0.97951 0.92812
043 8859 42.240070 37.149348 0.97801 0.93478
044 8811 43.290943 36.701165 0.97932 0.92759
045 8504 43.221971 36.558103 0.98001 0.92543
046 8972 42.788579 36.569045 0.97798 0.92574
047 8946 42.698122 36.631109 0.97721 0.92630
048 8913 42.658519 36.467634 0.97883 0.92431
049 8268 42.916926 36.101507 0.97916 0.91558
050 8617 42.307136 36.351556 0.97765 0.92249
