002 13647 45.387000 39.485130 0.98638 0.95233
003 13477 44.891639 39.396702 0.98515 0.95127
004 13427 44.872238 39.341045 0.98563 0.95104
005 13943 44.128388 39.677471 0.98400 0.95326
006 13964 44.070203 39.735775 0.98341 0.95325
007 13396 45.097243 39.319224 0.98475 0.95109
008 13705 44.957322 39.574065 0.98510 0.95265
009 13980 44.787578 39.749368 0.98523 0.95365
010 13430 44.798295 39.317407 0.98444 0.95052
011 13989 44.745478 39.685678 0.98514 0.95343
012 13936 44.660035 39.659807 0.98448 0.95335
013 13868 44.655017 39.656331 0.98391 0.95300
014 13519 44.727864 39.419003 0.98342 0.95130
015 13987 43.317740 39.726743 0.98113 0.95345
016 13931 43.033310 39.709752 0.98024 0.95304
017 13989 43.813470 39.755662 0.98204 0.95346
018 13457 44.385470 39.345647 0.98284 0.95069
019 13967 43.242826 39.726860 0.97945 0.95328
020 13192 43.085105 39.234223 0.98147 0.95032
021 13968 43.438280 39.649623 0.98154 0.95297
022 13958 42.954749 39.672721 0.97974 0.95316
023 13946 42.270718 39.663809 0.98059 0.95298
024 13930 40.913084 39.680772 0.98068 0.95257
025 13969 43.373797 39.857855 0.98187 0.95410
026 13996 43.042980 39.482693 0.98149 0.95130
027 13930 43.644394 39.488293 0.98267 0.95133
028 13990 42.834607 39.504428 0.97783 0.95105
029 13968 43.686786 39.423555 0.98265 0.95042
030 13951 43.023160 39.584992 0.98019 0.95208
031 13914 43.550478 39.436357 0.98114 0.95053
032 13971 43.232403 39.836171 0.98006 0.95425
033 13907 43.984755 39.449647 0.98045 0.95038
034 13969 43.977130 39.502683 0.98114 0.95159
035 13969 43.144886 39.455041 0.98083 0.95052
036 13966 43.579650 39.408215 0.98042 0.95045
037 13977 43.238860 39.588100 0.97945 0.95167
038 13992 42.773134 39.457098 0.97940 0.95084
039 13958 43.362961 39.878336 0.98068 0.95420
040 13908 44.164931 39.616158 0.98256 0.95252
041 13782 42.790996 40.203240 0.97979 0.95768
042 13972 43.494904 40.095678 0.98053 0.95620
043 13986 43.653384 40.242152 0.98104 0.95752
044 13952 44.008736 39.715230 0.98232 0.95309
045 13883 43.938075 39.732886 0.98183 0.95352
046 13992 42.990967 39.540725 0.97853 0.95103
047 13996 43.357000 39.573701 0.98054 0.95148
048 13990 44.089502 39.429013 0.98160 0.94993
049 13999 43.668434 39.411237 0.98145 0.95046
050 13922 43.806597 39.486366 0.98046 0.95151
