002 9991 42.869380 37.452784 0.98158 0.93476
003 9935 43.943219 37.397940 0.98303 0.93487
004 9919 44.503006 37.440272 0.98354 0.93524
005 9979 44.529387 37.485691 0.98371 0.93588
006 9995 44.285237 37.502638 0.98328 0.93508
007 9868 44.443923 37.374281 0.98359 0.93500
008 9981 44.017869 37.470803 0.98225 0.93523
009 9989 44.190629 37.439325 0.98400 0.93511
010 9947 44.136735 37.395424 0.98108 0.93463
011 9963 42.178455 37.444590 0.97921 0.93477
012 9972 44.187464 37.449490 0.98223 0.93486
013 9948 44.203128 37.478855 0.98302 0.93504
014 9963 44.164761 37.461045 0.98198 0.93483
015 9858 43.945133 37.361925 0.98296 0.93430
016 9979 43.005188 37.468502 0.97962 0.93446
017 9971 43.827958 37.431199 0.98149 0.93404
018 9987 44.067512 37.487665 0.98191 0.93484
019 9976 42.598603 37.439964 0.98030 0.93423
020 9694 42.566581 37.194231 0.98108 0.93340
021 9997 42.393227 37.443221 0.97834 0.93444
022 9928 43.051926 37.390963 0.97988 0.93445
023 9951 40.073081 37.417872 0.97894 0.93431
024 9981 40.637881 37.391559 0.97876 0.93394
025 9962 40.842824 37.530466 0.97816 0.93522
026 9995 40.411148 37.240765 0.97723 0.93170
027 9996 41.045941 37.243806 0.97820 0.93194
028 9892 41.198747 37.132602 0.97821 0.93126
029 9919 41.472772 37.096194 0.98012 0.93068
030 9977 40.845933 37.388666 0.97671 0.93423
031 9971 41.536858 37.197251 0.97993 0.93218
032 9978 40.391400 37.517753 0.97504 0.93511
033 9951 41.164774 37.172779 0.97799 0.93149
034 9918 41.196943 37.160068 0.97809 0.93200
035 9930 40.555011 37.191673 0.97659 0.93079
036 9921 41.309551 37.046056 0.97787 0.93050
037 9956 40.954321 37.282596 0.97841 0.93321
038 9924 41.274674 37.173890 0.97802 0.93081
039 9693 41.172299 37.366145 0.97676 0.93476
040 9894 41.398400 37.318889 0.97818 0.93356
041 9898 41.153249 37.971006 0.97778 0.94074
042 9942 41.423836 37.797698 0.97848 0.93750
043 9937 43.033113 37.933604 0.97957 0.93997
044 9930 43.569710 37.482539 0.97924 0.93483
045 9952 42.959570 37.564257 0.97896 0.93546
046 9671 43.181906 37.020574 0.97869 0.93058
047 9921 42.953118 37.276525 0.97862 0.93245
048 9957 42.921003 37.198288 0.97859 0.93174
049 9925 43.331459 37.094658 0.97903 0.93051
050 9997 42.986057 37.295665 0.97837 0.93268
