002 14985 44.787971 40.443337 0.98585 0.95643
003 14884 44.681479 40.382287 0.98521 0.95569
004 14963 44.982410 40.433237 0.98548 0.95610
005 14911 44.915069 40.394036 0.98568 0.95564
006 14910 44.991114 40.397399 0.98561 0.95537
007 14960 44.923200 40.440497 0.98574 0.95599
008 14978 44.743437 40.471596 0.98517 0.95614
009 14696 45.077148 40.274780 0.98512 0.95535
010 14971 44.841890 40.425492 0.98479 0.95575
011 14924 44.946767 40.388713 0.98547 0.95563
012 14596 44.790067 40.164805 0.98402 0.95507
013 14945 45.049231 40.447883 0.98591 0.95610
014 14821 44.475336 40.374348 0.98407 0.95544
015 14984 44.267314 40.477191 0.98304 0.95608
016 14843 44.518468 40.338332 0.98396 0.95504
017 14678 44.854170 40.268729 0.98522 0.95521
018 14998 44.821720 40.438272 0.98430 0.95575
019 14840 44.634967 40.365246 0.98377 0.95553
020 14668 44.665394 40.244106 0.98393 0.95502
021 14860 44.597775 40.322171 0.98356 0.95504
022 14901 44.437970 40.352597 0.98325 0.95551
023 14598 44.329310 40.126616 0.98332 0.95443
024 14946 44.187065 40.430140 0.98257 0.95529
025 14941 44.030553 40.568804 0.98248 0.95685
026 14645 43.121584 39.941998 0.98149 0.95299
027 14924 43.614111 40.194263 0.98119 0.95390
028 15000 43.724379 40.234929 0.98188 0.95369
029 14514 43.931916 39.778919 0.98196 0.95196
030 14334 43.474439 39.847484 0.98068 0.95312
031 14479 44.125409 39.838511 0.98288 0.95213
032 14539 43.609218 40.218273 0.98120 0.95543
033 14846 44.301785 40.131700 0.98312 0.95294
034 14649 43.999772 39.998895 0.98158 0.95328
035 14610 43.937241 39.868930 0.98121 0.95213
036 14955 44.196110 40.106915 0.98116 0.95302
037 14971 43.757483 40.271511 0.98209 0.95412
038 14871 44.011130 40.071661 0.98193 0.95317
039 14955 42.277553 40.587741 0.97829 0.95691
040 14656 44.429266 40.163806 0.98275 0.95448
041 14993 42.913683 40.918956 0.97820 0.95992
042 14438 43.868281 40.441929 0.98200 0.95730
043 14875 43.952904 40.829555 0.98229 0.95948
044 14973 44.125844 40.445348 0.98121 0.95567
045 14807 44.479785 40.419377 0.98338 0.95592
046 14651 44.123919 39.999216 0.98182 0.95293
047 14897 44.404353 40.239768 0.98286 0.95377
048 14920 43.978380 40.090364 0.98189 0.95276
049 14983 44.196181 40.121304 0.98347 0.95306
050 14860 43.797793 40.177496 0.98130 0.95393
