002 15989 45.598781 40.684120 0.98707 0.95810
003 15659 45.075014 40.626572 0.98560 0.95738
004 15895 45.181536 40.679974 0.98656 0.95771
005 15626 45.283172 40.622989 0.98680 0.95718
006 15406 45.117713 40.591339 0.98621 0.95672
007 15796 45.287853 40.690493 0.98523 0.95751
008 15997 45.210862 40.740977 0.98585 0.95815
009 15927 45.163368 40.700974 0.98665 0.95764
010 15539 45.060700 40.565052 0.98540 0.95674
011 15979 44.683715 40.721132 0.98573 0.95766
012 15993 44.589636 40.723911 0.98414 0.95817
013 15886 44.960846 40.687856 0.98616 0.95757
014 15408 45.173265 40.587648 0.98604 0.95686
015 15688 44.946105 40.677833 0.98431 0.95754
016 15903 44.606274 40.686990 0.98446 0.95732
017 15995 45.075067 40.721395 0.98564 0.95765
018 15557 44.719478 40.576288 0.98430 0.95666
019 15920 44.599498 40.705555 0.98363 0.95760
020 15992 44.356640 40.753636 0.98287 0.95771
021 15966 42.890285 40.683039 0.98021 0.95729
022 15702 44.582309 40.621302 0.98354 0.95715
023 15976 42.616246 40.692596 0.98256 0.95733
024 15327 44.557110 40.531780 0.98380 0.95602
025 15510 43.222782 40.678589 0.98321 0.95753
026 15510 42.526414 40.386645 0.98188 0.95497
027 15940 43.964533 40.526985 0.98285 0.95596
028 15993 42.631012 40.557977 0.98075 0.95587
029 15981 44.486376 40.491506 0.98341 0.95541
030 15688 43.900289 40.574886 0.98199 0.95626
031 15991 42.642761 40.549475 0.98166 0.95553
032 15330 43.936582 40.633283 0.98296 0.95723
033 15414 44.629330 40.392905 0.98380 0.95421
034 15981 43.657028 40.549926 0.98088 0.95608
035 15948 43.425130 40.448504 0.98138 0.95492
036 15984 43.252641 40.453002 0.98067 0.95514
037 15957 43.514831 40.594329 0.98174 0.95626
038 15993 44.287409 40.482490 0.98253 0.95534
039 15976 43.950272 40.819974 0.98212 0.95845
040 15912 44.643809 40.666084 0.98426 0.95719
041 15990 43.518947 41.205578 0.98125 0.96199
042 15957 43.517127 40.972952 0.98137 0.96023
043 15912 44.161883 41.085736 0.98340 0.96132
044 15894 44.416957 40.684178 0.98359 0.95734
045 15948 43.327470 40.765819 0.98109 0.95809
046 15964 44.347121 40.551018 0.98296 0.95590
047 15892 44.803186 40.562187 0.98417 0.95591
048 15990 44.184557 40.486075 0.98171 0.95501
049 15529 44.502377 40.342905 0.98453 0.95431
050 15993 42.805695 40.571370 0.98082 0.95601
