002 3510 41.895056 29.277510 0.98032 0.84047
003 3561 41.249855 29.433651 0.97942 0.84337
004 3632 39.640948 29.492942 0.97782 0.84529
005 3948 38.171092 30.380477 0.97639 0.86158
006 3983 38.090150 30.553451 0.97552 0.86304
007 3603 37.825993 29.486465 0.97425 0.84516
008 3996 38.852010 30.430179 0.97502 0.86246
009 3599 40.932327 29.476877 0.97769 0.84492
010 3767 41.097615 29.895080 0.97765 0.85336
011 3612 42.334763 29.418861 0.97883 0.84505
012 3810 42.716947 30.126461 0.97919 0.85588
013 3780 42.741838 29.881574 0.97927 0.85348
014 3762 42.544215 29.743196 0.97934 0.85049
015 3852 41.655787 29.898956 0.97793 0.85525
016 3974 41.290248 30.434043 0.97766 0.86218
017 3849 41.374969 29.900575 0.97750 0.85364
018 3750 40.660999 29.689404 0.97663 0.84878
019 3892 40.564742 30.184016 0.97698 0.85708
020 3885 39.953279 30.125694 0.97524 0.85711
021 3810 38.464052 29.839438 0.97519 0.85330
022 3978 39.066829 30.351887 0.97466 0.86041
023 3671 39.136042 29.494796 0.97485 0.84555
024 3905 38.789326 30.270774 0.97371 0.85744
025 3645 38.147377 29.537925 0.97367 0.84855
026 3959 39.025855 30.184863 0.97286 0.85512
027 3966 38.729715 30.252283 0.97211 0.85694
028 3973 38.585839 30.234717 0.97126 0.85651
029 3912 38.726289 30.123839 0.97189 0.85304
030 3967 37.752593 30.342783 0.96728 0.86016
031 3961 39.378243 30.191735 0.97191 0.85540
032 3816 38.368762 29.914193 0.96935 0.85507
033 3899 39.176869 30.083206 0.97147 0.85377
034 3999 38.961301 30.285041 0.96943 0.85897
035 3841 39.103130 30.021859 0.97086 0.85147
036 3888 39.752986 30.114264 0.97235 0.85199
037 3738 38.883676 29.627313 0.97103 0.84597
038 3928 39.120671 30.181792 0.97068 0.85447
039 3553 39.477862 29.412796 0.97313 0.84457
040 3847 39.482437 30.051846 0.97133 0.85465
041 3617 39.336150 29.729438 0.97084 0.85405
042 3975 39.542989 30.701945 0.97098 0.86857
043 3643 40.545610 29.829952 0.97345 0.85391
044 3866 40.669043 30.150510 0.97299 0.85572
045 3897 40.996173 30.293759 0.97420 0.85883
046 3945 40.335860 30.297416 0.97179 0.85719
047 3978 40.714964 30.334064 0.97206 0.85779
048 3725 39.541410 29.558532 0.97205 0.84415
049 3968 40.223596 30.210055 0.97142 0.85488
050 3906 40.727334 30.138301 0.97211 0.85616
