002 17910 45.221537 41.233782 0.98681 0.96384
003 17889 45.277233 41.260107 0.98641 0.96372
004 17963 45.284182 41.271163 0.98670 0.96369
005 17629 45.531875 41.182441 0.98747 0.96292
006 17796 45.423678 41.246624 0.98732 0.96375
007 17961 45.591410 41.301029 0.98685 0.96394
008 17857 45.361636 41.244119 0.98654 0.96373
009 17969 43.895515 41.303816 0.98393 0.96399
010 17966 45.542454 41.237986 0.98607 0.96360
011 17898 45.512010 41.266337 0.98686 0.96323
012 17910 45.336029 41.283970 0.98657 0.96394
013 17931 44.638998 41.271024 0.98525 0.96368
014 17653 45.115718 41.232353 0.98661 0.96297
015 17913 44.827133 41.312947 0.98453 0.96402
016 17735 44.835564 41.195032 0.98495 0.96285
017 17402 45.214146 41.106700 0.98566 0.96163
018 17603 45.062321 41.149784 0.98538 0.96251
019 17965 44.444967 41.303450 0.98457 0.96354
020 17842 44.870987 41.256702 0.98475 0.96341
021 17537 45.073266 41.151031 0.98424 0.96215
022 17385 44.992984 41.098014 0.98525 0.96168
023 17525 44.951251 41.119811 0.98441 0.96192
024 17491 44.929096 41.131826 0.98528 0.96185
025 17536 44.651558 41.251298 0.98374 0.96294
026 17864 43.948653 41.054406 0.98300 0.96160
027 17994 43.209311 41.110587 0.98142 0.96219
028 17947 44.230609 41.077886 0.98252 0.96176
029 17842 44.653541 41.033788 0.98474 0.96116
030 17456 44.032245 41.070647 0.98231 0.96141
031 17758 44.734374 41.082325 0.98463 0.96111
032 17992 44.307027 41.401844 0.98284 0.96419
033 17993 44.535807 41.112559 0.98394 0.96164
034 17450 44.698681 40.970498 0.98368 0.96073
035 17725 44.293919 40.956752 0.98284 0.96026
036 17961 43.648194 40.997807 0.98181 0.96115
037 17999 43.229579 41.158341 0.98090 0.96260
038 17780 44.683635 40.992257 0.98443 0.96044
039 17396 44.326380 41.246117 0.98325 0.96305
040 17466 44.980015 41.117196 0.98494 0.96167
041 17998 44.163230 41.847187 0.98231 0.96763
042 17996 42.912089 41.634086 0.98035 0.96574
043 17964 44.167612 41.754541 0.98364 0.96674
044 17945 44.712508 41.265471 0.98325 0.96362
045 17984 44.743356 41.334352 0.98404 0.96380
046 17943 44.031144 41.115629 0.98205 0.96191
047 17871 45.073284 41.091147 0.98505 0.96203
048 17694 44.678413 40.972816 0.98452 0.96050
049 17929 44.843597 41.005657 0.98621 0.96116
050 17792 44.421558 41.083511 0.98305 0.96156
