002 2971 41.844551 27.941672 0.97976 0.81527
003 2846 41.179103 27.563003 0.97851 0.80921
004 2964 39.611394 27.970159 0.97723 0.81582
005 2962 38.036875 27.969172 0.97508 0.81766
006 2888 37.898802 27.763522 0.97395 0.81341
007 2993 37.734898 28.318395 0.97295 0.82090
008 2994 38.532473 28.003083 0.97323 0.81807
009 2979 40.515465 28.317199 0.97574 0.82044
010 2987 40.597708 28.017286 0.97588 0.81835
011 3000 40.506192 28.002179 0.97588 0.81799
012 2999 40.350994 28.205072 0.97549 0.81981
013 2985 41.500760 27.981281 0.97631 0.81787
014 2979 41.828202 27.960568 0.97715 0.81768
015 2981 41.266337 27.969339 0.97633 0.81817
016 2978 40.726120 27.976146 0.97442 0.81746
017 2966 40.294678 27.773934 0.97365 0.81408
018 2980 40.036208 28.141234 0.97350 0.81824
019 2993 39.940266 27.953306 0.97347 0.81633
020 2961 39.115033 27.957584 0.97311 0.81718
021 2990 38.412677 27.934150 0.97300 0.81720
022 2966 38.237067 27.736692 0.96911 0.81401
023 2947 37.896766 27.748959 0.97081 0.81361
024 2981 38.700788 28.154604 0.97289 0.81822
025 2985 39.469605 27.991128 0.97199 0.81911
026 2977 37.783445 27.806524 0.96805 0.81206
027 2979 38.451314 27.825730 0.96941 0.81186
028 2966 37.755749 27.811813 0.96694 0.81095
029 2903 38.293058 27.580935 0.96979 0.80701
030 2966 37.142002 27.902995 0.96601 0.81496
031 2981 36.943668 27.827012 0.96449 0.81288
032 2979 36.324092 28.013676 0.96162 0.81825
033 2850 37.731267 27.421140 0.96699 0.80506
034 2965 37.713932 27.637456 0.96772 0.81076
035 2997 38.293436 28.139880 0.96784 0.81482
036 2978 38.093379 27.967215 0.96902 0.81225
037 2952 38.862077 27.872582 0.97038 0.81261
038 2989 37.686974 27.980761 0.96824 0.81256
039 2955 38.618608 27.830005 0.97311 0.81622
040 2991 38.997991 27.913522 0.97143 0.81520
041 2995 38.054996 28.109332 0.96826 0.82616
042 2991 38.980675 28.190770 0.97106 0.82404
043 2852 38.926001 27.875276 0.97053 0.81864
044 2889 39.493358 27.773343 0.96859 0.81327
045 2965 40.490289 27.827667 0.97210 0.81482
046 2964 39.730378 27.865312 0.96930 0.81281
047 2975 40.342223 28.051683 0.97063 0.81499
048 2856 39.662537 27.584612 0.96960 0.80634
049 2991 39.118891 28.117231 0.96572 0.81439
050 2943 39.401908 27.684254 0.96755 0.81070
