002 5918 44.519452 34.320938 0.98262 0.89819
003 5973 44.024316 34.409381 0.98196 0.89941
004 5955 44.055591 34.422352 0.98190 0.89969
005 5909 44.220400 34.398181 0.98171 0.89916
006 5943 43.926973 34.414418 0.98126 0.89850
007 5914 43.934268 34.384958 0.98110 0.89834
008 5920 43.745532 34.402979 0.98096 0.89887
009 5945 43.654556 34.444581 0.98095 0.89903
010 5959 43.532802 34.449406 0.98065 0.89904
011 5898 43.255032 34.373231 0.97944 0.89862
012 5845 42.992104 34.352314 0.97917 0.89749
013 5979 43.000370 34.441243 0.97887 0.90082
014 5787 42.893956 34.303947 0.97906 0.89700
015 5935 42.602797 34.395712 0.97881 0.90031
016 5968 42.344533 34.418630 0.97855 0.89965
017 5955 42.050304 34.427216 0.97821 0.90002
018 5963 41.646868 34.408517 0.97794 0.89920
019 5968 41.690097 34.404013 0.97746 0.89953
020 5819 40.631403 34.295607 0.97623 0.89693
021 5892 39.576643 34.358263 0.97500 0.89777
022 5908 39.809473 34.321622 0.97633 0.89797
023 5948 39.830047 34.403351 0.97564 0.89897
024 5954 39.901258 34.359499 0.97597 0.89877
025 5915 41.058419 34.411633 0.97665 0.90082
026 5878 39.897885 34.140624 0.97295 0.89362
027 5963 39.981506 34.251634 0.97393 0.89583
028 5927 40.744098 34.168791 0.97368 0.89531
029 5983 40.187040 34.192230 0.97168 0.89532
030 5727 39.828855 34.085733 0.97093 0.89441
031 5794 40.322265 34.057877 0.97311 0.89322
032 5970 39.842723 34.381343 0.97021 0.90124
033 5874 40.171849 34.151553 0.97109 0.89371
034 5950 40.556908 34.164701 0.97176 0.89673
035 5787 40.211512 34.147586 0.97199 0.89070
036 5772 41.077927 34.059533 0.97287 0.88931
037 5960 40.686023 34.331618 0.97296 0.89679
038 5867 41.456371 34.140534 0.97330 0.89274
039 5947 41.170406 34.528132 0.97319 0.90154
040 5942 41.968868 34.341789 0.97454 0.89854
041 5938 40.780592 34.802498 0.97370 0.90872
042 5879 41.934922 34.620794 0.97550 0.90412
043 5902 41.469928 34.795233 0.97412 0.90690
044 5931 42.026694 34.380428 0.97504 0.89964
045 5867 41.608030 34.442297 0.97420 0.89950
046 5978 41.115636 34.293303 0.97317 0.89586
047 5969 41.828666 34.330320 0.97436 0.89648
048 5951 41.232995 34.221919 0.97266 0.89549
049 5985 41.635932 34.224449 0.97362 0.89507
050 5645 41.627813 34.055028 0.97311 0.89207
