002 7957 44.594079 36.136222 0.98383 0.91773
003 7943 44.268461 36.146477 0.98359 0.91773
004 7997 44.370696 36.256889 0.98340 0.91837
005 7902 44.512319 36.203093 0.98330 0.91727
006 7942 44.183617 36.204351 0.98281 0.91806
007 7906 44.220658 36.195256 0.98276 0.91840
008 7894 44.030924 36.216194 0.98264 0.91841
009 7994 43.874059 36.229237 0.98305 0.91905
010 7931 43.582464 36.184490 0.98048 0.91773
011 7962 43.918002 36.242893 0.98076 0.91804
012 7946 43.575909 36.214409 0.98072 0.91873
013 7957 43.761732 36.219798 0.98103 0.91832
014 7930 43.720678 36.240679 0.98090 0.91861
015 7915 43.565484 36.163699 0.98115 0.91800
016 7844 43.222485 36.159996 0.98094 0.91671
017 7932 42.853416 36.207759 0.97953 0.91789
018 7940 43.246497 36.206071 0.97972 0.91744
019 7968 42.044888 36.232075 0.97837 0.91822
020 7936 41.925091 36.222381 0.97817 0.91843
021 7985 40.267642 36.185739 0.97628 0.91773
022 7993 40.638939 36.194391 0.97746 0.91765
023 7994 40.208894 36.179315 0.97675 0.91699
024 7887 41.173410 36.145958 0.97692 0.91752
025 7941 41.513701 36.290793 0.97692 0.91904
026 7786 41.047995 35.964255 0.97500 0.91295
027 7999 41.559757 36.082443 0.97659 0.91555
028 7985 41.102621 36.003954 0.97405 0.91483
029 7956 42.202574 35.952063 0.97639 0.91326
030 7929 41.313461 36.119386 0.97461 0.91626
031 7997 40.714899 36.018722 0.97255 0.91543
032 7980 41.399608 36.209468 0.97560 0.91808
033 7979 42.076270 36.024645 0.97601 0.91410
034 7905 42.118472 35.968528 0.97615 0.91429
035 7939 41.984117 36.031827 0.97720 0.91378
036 7977 42.141138 35.946047 0.97703 0.91368
037 7914 42.494609 36.123807 0.97721 0.91606
038 7988 42.772342 36.046937 0.97724 0.91361
039 7879 42.236085 36.286131 0.97819 0.91932
040 7873 43.093640 36.115669 0.97880 0.91555
041 7816 41.541288 36.603873 0.97613 0.92402
042 7894 42.305620 36.515331 0.97731 0.92178
043 7952 42.605252 36.630053 0.97779 0.92388
044 7984 42.843248 36.283313 0.97820 0.91789
045 7799 42.917958 36.258769 0.97803 0.91719
046 7900 42.784140 36.046122 0.97675 0.91333
047 7828 43.112004 36.095481 0.97860 0.91397
048 7952 42.547262 35.975421 0.97680 0.91313
049 7638 42.735334 35.864445 0.97701 0.91015
050 7944 42.026382 36.073425 0.97542 0.91467
