002 4865 44.204859 33.103815 0.98258 0.87820
003 4932 43.327727 33.336721 0.98081 0.87962
004 5000 43.469314 33.469317 0.98098 0.88053
005 4992 42.558992 33.456069 0.98031 0.88260
006 4996 42.230322 33.508877 0.97951 0.88076
007 4981 42.216720 33.461836 0.97950 0.88061
008 5000 42.123378 33.536655 0.97934 0.88252
009 4998 43.167017 33.466319 0.97942 0.88096
010 4922 42.924635 33.378449 0.98029 0.88105
011 4980 42.980041 33.459054 0.97955 0.88243
012 4982 42.749364 33.423471 0.97921 0.88032
013 4960 42.254832 33.410130 0.97754 0.88138
014 4284 41.947822 32.027884 0.97831 0.87379
015 4977 42.021679 33.464501 0.97764 0.88339
016 4286 41.470835 32.023759 0.97748 0.87376
017 4996 41.522397 33.489002 0.97711 0.88171
018 4286 41.125920 32.151117 0.97729 0.87262
019 4984 40.598151 33.404543 0.97604 0.88061
020 4291 39.815829 32.171193 0.97604 0.87429
021 4941 38.511661 33.348937 0.97401 0.88087
022 4975 39.296290 33.382016 0.97519 0.88103
023 4986 39.570682 33.453657 0.97466 0.88064
024 4349 39.330016 32.233230 0.97403 0.87385
025 4937 40.267804 33.416515 0.97452 0.88336
026 4593 38.610829 32.541244 0.97199 0.87404
027 4986 39.410900 33.253993 0.97315 0.87747
028 4968 38.754151 33.194299 0.97177 0.87682
029 4557 38.865624 32.395791 0.97245 0.87200
030 4903 37.895477 33.165721 0.96798 0.87987
031 4993 39.847269 33.192717 0.97368 0.87860
032 4343 39.296124 32.334025 0.97152 0.87642
033 4878 39.394243 33.037118 0.97127 0.87659
034 4997 39.473469 33.208619 0.96972 0.87995
035 4348 38.864402 32.116172 0.97079 0.86950
036 4989 40.761886 33.142330 0.97354 0.87496
037 4909 39.694716 33.230825 0.97346 0.87721
038 4973 40.665799 33.179792 0.97155 0.87577
039 4975 40.931606 33.594160 0.97469 0.88325
040 4990 41.672273 33.395521 0.97398 0.88087
041 4921 41.316029 33.960400 0.97373 0.89111
042 4415 41.213217 32.884355 0.97384 0.88262
043 4892 41.986701 33.778042 0.97521 0.88732
044 4453 41.669231 32.612012 0.97443 0.87634
045 4977 42.393548 33.537598 0.97585 0.88313
046 4992 40.215045 33.312546 0.96982 0.87822
047 4934 41.853578 33.266024 0.97444 0.87756
048 4998 40.906999 33.206706 0.97096 0.87669
049 4907 41.848484 33.089453 0.97405 0.87475
050 4991 41.143062 33.299503 0.97189 0.87983
