002 6799 44.751674 35.071980 0.98427 0.90925
003 6949 44.080593 35.283635 0.98267 0.91035
004 6972 43.470860 35.333731 0.98106 0.91068
005 6959 43.645954 35.343692 0.98136 0.91056
006 6950 43.583815 35.336341 0.98111 0.91075
007 6983 42.829777 35.332577 0.97952 0.91132
008 6676 43.492608 35.042882 0.98161 0.90922
009 6993 43.490944 35.386555 0.98071 0.91175
010 6951 42.849025 35.315162 0.97961 0.91093
011 6645 43.568820 34.975475 0.98131 0.90871
012 6313 43.284015 34.760342 0.98091 0.90529
013 6951 43.297221 35.278360 0.97947 0.91075
014 6512 43.891945 34.898401 0.98169 0.90777
015 6295 43.547673 34.662689 0.98123 0.90562
016 6448 43.347710 34.789806 0.98115 0.90572
017 6515 42.975079 34.921950 0.98087 0.90776
018 6884 42.838554 35.218818 0.98015 0.90941
019 6315 42.229423 34.697307 0.98006 0.90519
020 6956 41.038500 35.258530 0.97912 0.91051
021 6921 40.764264 35.231287 0.97830 0.90966
022 6880 40.582592 35.156566 0.97908 0.90912
023 6986 40.470875 35.261354 0.97806 0.90945
024 6914 40.903605 35.192675 0.97884 0.91048
025 6986 41.550730 35.363461 0.97785 0.91232
026 6817 40.239567 34.965091 0.97521 0.90623
027 6964 40.726923 35.104474 0.97389 0.90792
028 6979 40.258438 35.084772 0.97462 0.90740
029 6460 40.982891 34.581252 0.97542 0.90247
030 6997 39.242784 35.123954 0.97104 0.90904
031 6941 41.021972 35.030049 0.97335 0.90743
032 6972 39.643476 35.224558 0.96946 0.91053
033 6985 40.683471 35.106558 0.97101 0.90689
034 6668 40.723744 34.741718 0.97358 0.90637
035 6971 42.160811 35.128198 0.97691 0.90761
036 6977 40.963925 35.057587 0.97363 0.90589
037 6986 41.600701 35.211024 0.97574 0.90941
038 6287 41.457443 34.486218 0.97722 0.90055
039 6999 41.643844 35.462825 0.97769 0.91241
040 6968 42.345848 35.214966 0.97799 0.90933
041 6991 40.482484 35.910629 0.97298 0.91753
042 6899 42.129151 35.523706 0.97771 0.91422
043 6462 42.208182 35.239061 0.97715 0.91232
044 6968 41.956435 35.310995 0.97600 0.91011
045 6968 41.982899 35.388661 0.97625 0.91149
046 6969 41.858460 35.157104 0.97547 0.90702
047 6977 42.774751 35.190837 0.97748 0.90790
048 6896 41.892181 34.999705 0.97446 0.90567
049 6344 42.180178 34.510538 0.97728 0.90055
050 6998 41.991272 35.178880 0.97614 0.90834
