002 19990 45.958530 42.150731 0.98806 0.96765
003 19999 45.570742 42.146596 0.98699 0.96740
004 19997 45.339893 42.172742 0.98717 0.96739
005 19931 45.867995 42.139688 0.98855 0.96766
006 19996 45.852994 42.178491 0.98812 0.96782
007 19879 45.794718 42.145758 0.98779 0.96740
008 19883 45.571252 42.105312 0.98658 0.96733
009 19997 45.198629 42.180178 0.98694 0.96755
010 19631 45.522754 41.958362 0.98674 0.96688
011 19974 45.350444 42.123724 0.98766 0.96700
012 19996 45.385817 42.191236 0.98578 0.96768
013 19962 45.336623 42.124398 0.98677 0.96710
014 19917 45.610851 42.138576 0.98790 0.96717
015 19991 45.029772 42.196279 0.98478 0.96760
016 19782 45.025431 42.043861 0.98646 0.96670
017 19928 45.487464 42.095827 0.98617 0.96684
018 19709 45.329906 41.992424 0.98655 0.96684
019 19837 44.728962 42.088621 0.98682 0.96707
020 19636 45.342570 41.998145 0.98474 0.96690
021 19786 45.178813 42.059708 0.98524 0.96699
022 19709 45.179530 41.996682 0.98585 0.96697
023 19837 45.212540 42.056478 0.98528 0.96686
024 19933 45.249223 42.113730 0.98494 0.96709
025 19602 45.145311 42.073492 0.98445 0.96736
026 19668 44.145040 41.789430 0.98294 0.96542
027 19995 44.696196 41.922585 0.98493 0.96590
028 19989 44.321644 41.918771 0.98364 0.96585
029 19715 44.828356 41.774276 0.98502 0.96526
030 19990 44.379149 42.061883 0.98261 0.96706
031 19792 45.116371 41.874899 0.98393 0.96578
032 19998 44.458600 42.265624 0.98287 0.96781
033 19937 45.003928 41.904390 0.98498 0.96561
034 19757 45.052621 41.883066 0.98428 0.96576
035 19749 44.605929 41.733129 0.98324 0.96494
036 19534 44.917969 41.631047 0.98336 0.96448
037 19849 44.908215 41.920792 0.98316 0.96636
038 19884 44.713103 41.810109 0.98459 0.96531
039 19970 42.913927 42.307829 0.98149 0.96808
040 19351 45.184709 41.824644 0.98518 0.96618
041 19908 43.893690 42.736558 0.98209 0.97087
042 19581 44.632424 42.351579 0.98387 0.96866
043 19851 44.637022 42.633473 0.98502 0.96999
044 19998 43.365013 42.149590 0.98195 0.96742
045 19802 45.186539 42.099007 0.98505 0.96696
046 19975 43.899102 41.924126 0.98134 0.96581
047 19859 44.874091 41.908014 0.98502 0.96598
048 19841 44.736590 41.785715 0.98396 0.96492
049 19943 45.248695 41.836017 0.98668 0.96537
050 19987 44.287103 41.963791 0.98295 0.96620
