002 16568 45.743716 40.846752 0.98754 0.95984
003 16974 44.348778 40.995537 0.98430 0.96097
004 16962 43.142286 40.975986 0.98291 0.96072
005 16973 45.353183 41.016316 0.98705 0.96100
006 16758 45.285686 40.952690 0.98643 0.96021
007 16931 45.183956 40.991752 0.98606 0.96070
008 16992 43.853236 41.024331 0.98223 0.96112
009 16964 44.362660 41.002466 0.98501 0.96078
010 16995 45.307472 40.973755 0.98591 0.96075
011 16934 44.507483 41.000639 0.98552 0.96047
012 16865 45.158499 40.989260 0.98471 0.96088
013 16949 45.189643 40.988557 0.98516 0.96075
014 16985 45.000884 41.043577 0.98505 0.96084
015 16468 45.058749 40.880014 0.98513 0.95936
016 16936 43.099904 40.969819 0.98151 0.96016
017 16960 44.802299 40.982018 0.98472 0.96035
018 16987 45.021388 40.971613 0.98386 0.96048
019 16906 44.726008 40.982434 0.98369 0.96063
020 16843 44.808067 40.995756 0.98415 0.96014
021 16915 44.663406 40.966844 0.98353 0.96010
022 16949 44.813908 40.986313 0.98374 0.96048
023 16943 44.694338 40.984779 0.98436 0.96018
024 16896 44.387514 40.954782 0.98381 0.96003
025 17000 44.290473 41.092266 0.98387 0.96121
026 16945 43.425441 40.806192 0.98102 0.95880
027 16923 44.211748 40.813664 0.98398 0.95876
028 16884 44.061291 40.796813 0.98217 0.95832
029 16781 44.473524 40.722165 0.98325 0.95770
030 16997 43.718938 40.932542 0.98136 0.95971
031 16885 44.741963 40.820874 0.98468 0.95821
032 16939 44.262816 41.097832 0.98275 0.96105
033 16968 44.580124 40.823678 0.98388 0.95828
034 16741 44.598731 40.781210 0.98320 0.95855
035 16953 44.256034 40.723121 0.98244 0.95760
036 16969 44.324806 40.730625 0.98227 0.95786
037 16693 44.194782 40.813205 0.98217 0.95835
038 16923 44.304156 40.760409 0.98307 0.95793
039 16699 43.896022 41.042547 0.98309 0.96077
040 16651 44.702483 40.888768 0.98424 0.95926
041 16948 43.014023 41.486778 0.97975 0.96478
042 16982 44.245043 41.286885 0.98296 0.96310
043 16645 44.162564 41.299709 0.98412 0.96335
044 16521 44.525565 40.860790 0.98280 0.95913
045 16554 44.467743 40.926369 0.98361 0.95982
046 16979 44.324100 40.845768 0.98208 0.95875
047 16879 44.658971 40.834281 0.98281 0.95882
048 16794 44.149192 40.734369 0.98207 0.95746
049 16946 44.446177 40.743247 0.98323 0.95799
050 16956 42.970294 40.853964 0.98027 0.95901
