002 954 37.869555 10.449303 0.97329 0.46715
003 979 35.423587 10.461974 0.97077 0.46853
004 999 36.659919 10.599596 0.97005 0.48077
005 991 36.195403 10.609223 0.97146 0.48124
006 930 35.957255 10.487532 0.96878 0.47049
007 977 35.243204 10.494554 0.96774 0.47108
008 944 36.279871 10.498393 0.96863 0.47137
009 950 35.482099 10.504178 0.96764 0.47181
010 921 35.324754 10.507994 0.96694 0.47198
011 921 35.123240 10.510539 0.96652 0.47228
012 947 34.799634 10.513377 0.96596 0.47288
013 896 37.084720 10.515951 0.97085 0.47296
014 904 36.837190 10.517561 0.97050 0.47316
015 880 36.453237 10.385452 0.96908 0.46254
016 916 35.948677 10.521909 0.96871 0.47358
017 861 37.465733 10.389891 0.97040 0.46201
018 939 36.376377 10.525644 0.97003 0.47393
019 984 37.758817 10.527773 0.97130 0.47386
020 956 36.918208 10.528985 0.96975 0.47400
021 985 37.179473 10.531627 0.96885 0.47402
022 900 36.609722 10.397936 0.96869 0.46272
023 923 36.388441 10.535270 0.96756 0.47424
024 928 36.302141 10.535589 0.96727 0.47431
025 901 37.070381 10.537280 0.96894 0.47571
026 965 36.736758 10.535191 0.96606 0.47173
027 935 36.053129 10.537148 0.96632 0.47254
028 980 36.311615 10.539218 0.96559 0.47198
029 984 36.380527 10.538981 0.96656 0.47190
030 955 36.109927 10.545931 0.96279 0.47416
031 944 35.943093 10.544607 0.96468 0.47245
032 940 35.757890 10.551079 0.96202 0.47607
033 952 36.371611 10.546577 0.96476 0.47257
034 965 36.252144 10.548874 0.96338 0.47321
035 948 36.140993 10.548235 0.96474 0.47265
036 956 36.062816 10.550417 0.96355 0.47211
037 967 36.663341 10.553443 0.96755 0.47420
038 957 36.445695 10.553332 0.96566 0.47263
039 968 36.581331 10.560415 0.96699 0.47759
040 961 36.367420 10.559150 0.96548 0.47480
041 957 36.504254 10.570278 0.96506 0.48292
042 940 37.155247 10.546409 0.96874 0.47838
043 876 37.390847 10.407484 0.96867 0.46843
044 960 37.298847 10.541954 0.96766 0.47502
045 922 37.204311 10.543050 0.96744 0.47574
046 931 37.330665 10.543254 0.96813 0.47307
047 974 37.131234 10.545597 0.96721 0.47371
048 971 36.632272 10.546635 0.96423 0.47268
049 944 36.560215 10.547958 0.96437 0.47278
050 999 36.464989 10.694248 0.96250 0.48610
