002 12933 44.788577 39.098830 0.98535 0.94914
003 12929 44.749727 39.074929 0.98486 0.94897
004 12766 44.838544 38.990429 0.98511 0.94794
005 12960 45.056398 39.079205 0.98599 0.94905
006 12916 44.855067 39.108305 0.98545 0.94881
007 12942 44.731999 39.110142 0.98452 0.94929
008 12884 44.613909 39.116789 0.98450 0.94897
009 12760 44.864869 39.002191 0.98535 0.94831
010 12933 44.697270 39.082099 0.98346 0.94853
011 12944 44.638302 39.093821 0.98338 0.94879
012 12767 44.638650 39.011825 0.98485 0.94799
013 12995 44.078632 39.129245 0.98390 0.94918
014 12843 44.623259 39.068781 0.98368 0.94822
015 12799 44.335543 39.034505 0.98398 0.94806
016 12982 43.929202 39.151525 0.98314 0.94890
017 12344 44.490547 38.822334 0.98348 0.94549
018 12986 43.591649 39.115441 0.98215 0.94881
019 12862 43.640710 39.082477 0.98190 0.94812
020 12973 43.896222 39.145901 0.98151 0.94917
021 12844 43.870838 38.986972 0.98143 0.94779
022 12838 42.833031 39.033505 0.98035 0.94805
023 12819 43.697074 39.005375 0.98126 0.94753
024 12817 41.265159 39.042632 0.98088 0.94748
025 12988 42.486124 39.231340 0.97792 0.94972
026 12800 42.345718 38.853266 0.97973 0.94569
027 12591 42.732978 38.789659 0.98038 0.94492
028 12273 43.058262 38.643903 0.97966 0.94313
029 12592 43.675940 38.712190 0.98061 0.94406
030 12956 42.998299 39.005112 0.97813 0.94788
031 12689 43.723329 38.792971 0.98112 0.94509
032 12836 43.427283 39.135178 0.98042 0.94916
033 12768 43.925765 38.814832 0.98152 0.94512
034 12624 44.056310 38.785996 0.98131 0.94503
035 12938 43.677524 38.888263 0.98059 0.94547
036 12763 43.885984 38.755432 0.98230 0.94489
037 12752 43.428324 38.909304 0.98134 0.94617
038 12983 43.106289 38.883591 0.97873 0.94584
039 12552 43.176843 39.111550 0.98067 0.94808
040 12958 44.010597 39.055739 0.98292 0.94820
041 12953 43.071228 39.658370 0.97892 0.95481
042 12960 42.509112 39.446727 0.97874 0.95212
043 12984 43.617285 39.570224 0.98133 0.95396
044 12973 44.026527 39.119135 0.98249 0.94877
045 12942 44.119904 39.159257 0.98290 0.94924
046 12769 43.707233 38.868069 0.98115 0.94562
047 12959 44.046599 38.979042 0.98207 0.94693
048 12678 43.698793 38.743305 0.98092 0.94414
049 12978 44.061804 38.828098 0.98210 0.94575
050 12954 43.775555 38.952543 0.98114 0.94736
