002 10965 45.005579 38.181327 0.98544 0.93774
003 10949 44.607294 38.193492 0.98419 0.93801
004 10855 44.622975 38.221396 0.98465 0.93802
005 10962 44.722621 38.210880 0.98451 0.93853
006 10943 44.564877 38.236589 0.98411 0.93813
007 10622 44.546987 38.090441 0.98447 0.93755
008 10813 44.266980 38.197843 0.98332 0.93797
009 10695 44.435691 38.141741 0.98299 0.93727
010 10635 44.355647 38.062556 0.98301 0.93680
011 10761 44.295365 38.214996 0.98203 0.93749
012 10626 44.248192 38.066071 0.98319 0.93707
013 10993 42.527192 38.280889 0.98174 0.93813
014 10960 44.277212 38.224945 0.98277 0.93760
015 10989 43.949773 38.247099 0.98206 0.93801
016 10974 43.597779 38.267294 0.98213 0.93777
017 10982 43.904587 38.233226 0.98304 0.93723
018 10989 43.447226 38.264998 0.98189 0.93803
019 10858 43.549543 38.174507 0.98188 0.93707
020 10943 42.770573 38.229830 0.98081 0.93779
021 10954 41.023912 38.198805 0.98103 0.93745
022 10854 42.781365 38.169701 0.98063 0.93707
023 10941 40.436782 38.224219 0.98135 0.93765
024 10866 40.964339 38.157805 0.98105 0.93654
025 10827 41.611486 38.254339 0.98116 0.93773
026 10674 41.132779 37.863702 0.97995 0.93411
027 10454 41.400425 37.642787 0.98046 0.93363
028 10642 41.320232 37.824864 0.98026 0.93453
029 10966 41.286147 37.975611 0.97879 0.93427
030 10984 40.479005 38.163697 0.97536 0.93720
031 10957 40.502944 38.042886 0.97594 0.93549
032 10978 40.260457 38.297741 0.97627 0.93891
033 10423 41.299548 37.616291 0.97839 0.93377
034 10984 41.532091 38.073134 0.97755 0.93602
035 10974 41.064824 38.058926 0.97707 0.93479
036 10986 41.316249 37.955702 0.97801 0.93459
037 10541 41.627156 37.857267 0.97960 0.93529
038 10993 41.912520 38.013010 0.98022 0.93460
039 10888 41.293695 38.371533 0.97950 0.93889
040 10342 41.840357 37.741804 0.98098 0.93540
041 10945 42.405607 38.727444 0.97745 0.94391
042 10750 43.035660 38.481003 0.97904 0.94008
043 10992 43.131073 38.669399 0.97857 0.94289
044 10990 43.124920 38.307970 0.97894 0.93811
045 10635 43.494187 38.188451 0.98024 0.93730
046 10685 43.165406 37.894423 0.97960 0.93467
047 10416 43.708611 37.696045 0.98095 0.93448
048 10298 43.379982 37.512800 0.97977 0.93327
049 11000 43.549740 37.977087 0.97997 0.93442
050 10561 43.214024 37.809349 0.97964 0.93499
