002 1973 42.956155 17.819113 0.97653 0.72412
003 1996 39.213248 17.824676 0.96208 0.72730
004 1995 37.260083 17.832975 0.95062 0.72857
005 1995 35.926295 17.832266 0.94017 0.72883
006 1983 34.511906 17.830825 0.92762 0.72776
007 1995 34.119949 17.829526 0.92320 0.72708
008 1998 34.145420 17.835271 0.92311 0.72741
009 1998 34.081224 17.833692 0.92266 0.72742
010 2000 34.262636 17.839733 0.92386 0.72766
011 1996 34.113682 17.844660 0.92261 0.72978
012 2000 33.974273 17.837777 0.92064 0.72809
013 1998 34.220117 17.839335 0.92286 0.72612
014 1996 34.008964 17.841943 0.92144 0.72920
015 1999 33.735815 17.839136 0.91890 0.72757
016 1999 33.879342 17.846480 0.92028 0.72911
017 1997 33.932776 17.849261 0.91995 0.72880
018 1997 33.918529 17.842548 0.92012 0.72770
019 1995 33.855338 17.845922 0.92027 0.72884
020 1999 33.817040 17.837530 0.91937 0.72371
021 1999 33.839271 17.841236 0.91985 0.72686
022 1998 33.864575 17.844913 0.91962 0.72553
023 1997 33.869858 17.844531 0.91979 0.72682
024 1999 33.895401 17.843028 0.92039 0.72498
025 1999 33.842396 17.845482 0.92114 0.72486
026 2000 33.580463 17.834422 0.91604 0.72485
027 1999 33.797527 17.838636 0.91896 0.72516
028 2000 33.716882 17.832241 0.91732 0.72198
029 2000 33.491538 17.829309 0.91529 0.72175
030 1998 33.328420 17.841113 0.91273 0.72327
031 1999 33.428895 17.838427 0.91454 0.72448
032 1994 33.326362 17.851008 0.91298 0.72399
033 1999 33.373464 17.838524 0.91314 0.72443
034 1999 33.315264 17.839371 0.91212 0.72503
035 1992 33.448231 16.741100 0.91387 0.70637
036 1995 33.343445 17.827682 0.91320 0.72116
037 1996 33.497453 17.841674 0.91530 0.72430
038 2000 33.327423 17.836469 0.91291 0.72358
039 1999 33.632812 17.853216 0.91686 0.72601
040 1994 33.381793 17.842264 0.91499 0.72347
041 1998 33.413654 17.875220 0.91346 0.73139
042 2000 33.143595 17.850693 0.91165 0.72898
043 2000 33.023943 17.858017 0.91069 0.73088
044 1987 32.864113 17.833130 0.90866 0.72696
045 1996 32.920007 17.838699 0.90917 0.72715
046 1992 32.830132 16.727444 0.90870 0.70719
047 1998 32.947014 17.826805 0.91026 0.72572
048 1998 32.741659 16.726364 0.90733 0.70951
049 1998 32.635955 17.816387 0.90505 0.72485
050 1992 32.699432 17.825849 0.90582 0.72544
051 1994 32.573269 17.817933 0.90449 0.72317
