002 994 41.006370 11.765590 0.97096 0.53662
003 996 37.921609 11.783161 0.95946 0.54020
004 996 36.871753 11.797056 0.95468 0.54232
005 997 36.729832 11.809795 0.95343 0.54293
006 999 36.577081 11.818742 0.95160 0.54354
007 996 36.445134 11.827422 0.95056 0.54386
008 999 36.624311 11.833532 0.95095 0.54428
009 995 36.546744 11.707955 0.95042 0.53585
010 989 36.663913 11.846289 0.95137 0.54489
011 998 36.265079 11.850208 0.94754 0.54533
012 996 35.803181 11.853070 0.94502 0.54615
013 987 36.290809 11.855396 0.94817 0.54243
014 999 36.068149 11.859173 0.94618 0.54607
015 999 35.627916 11.861226 0.94303 0.54688
016 994 35.933345 11.864488 0.94465 0.54647
017 995 35.941934 11.867011 0.94428 0.54632
018 998 35.949943 11.868198 0.94425 0.54562
019 999 35.786288 11.870630 0.94360 0.54572
020 976 35.137175 11.873444 0.93556 0.54258
021 998 35.026264 11.879747 0.93241 0.54631
022 991 35.056793 11.883428 0.93233 0.54410
023 982 34.949321 11.888818 0.93071 0.54610
024 911 34.972954 11.762015 0.93071 0.53603
025 989 34.993456 11.897646 0.93150 0.54516
026 940 34.701096 11.769267 0.92826 0.53928
027 998 34.846874 11.902294 0.92959 0.54651
028 999 34.624559 11.902347 0.92739 0.54448
029 958 34.622137 11.772324 0.92762 0.53695
030 952 34.275905 11.779274 0.92446 0.53598
031 925 34.573350 11.778593 0.92666 0.53720
032 996 34.354148 11.913244 0.92500 0.54545
033 994 34.445886 11.908228 0.92504 0.54480
034 909 34.317486 11.452781 0.92452 0.52026
035 996 34.551306 11.781329 0.92610 0.53724
036 961 34.433249 11.783159 0.92543 0.53670
037 996 34.712423 11.915488 0.92784 0.54637
038 989 34.465669 11.786924 0.92597 0.53746
039 995 34.877376 11.922166 0.92961 0.54739
040 995 34.650550 11.921197 0.92799 0.54476
041 999 34.802455 12.137795 0.92895 0.56262
042 997 34.803119 11.908080 0.92905 0.54853
043 1000 34.714706 11.906646 0.92894 0.55044
044 999 34.643367 11.902962 0.92729 0.54744
045 984 34.692661 11.903786 0.92798 0.54829
046 982 34.453554 11.775744 0.92599 0.53780
047 924 34.647138 11.778520 0.92757 0.53847
048 953 34.296482 11.780217 0.92434 0.54022
049 999 34.349869 11.781871 0.92415 0.54036
050 986 34.180436 11.785759 0.92355 0.53886
051 996 34.308127 11.911023 0.92481 0.54562
