002 2989 43.879088 28.512996 0.97992 0.80029
003 2996 41.573094 28.533208 0.97124 0.80287
004 3000 38.702553 28.590497 0.95881 0.80453
005 2995 37.287721 28.592436 0.94857 0.80558
006 2997 35.508416 28.564636 0.93457 0.80444
007 2995 33.578369 28.560341 0.91200 0.80316
008 3000 32.707962 28.602474 0.90006 0.80400
009 2995 32.615025 28.561970 0.89844 0.80381
010 2995 32.721096 28.630342 0.89905 0.80435
011 2995 32.594764 28.632487 0.89792 0.80570
012 2999 32.509099 28.593263 0.89556 0.80477
013 2994 32.509711 28.592040 0.89037 0.80228
014 3000 32.445693 28.628519 0.89135 0.80626
015 3000 32.261005 28.547021 0.88829 0.80398
016 2996 32.375732 28.599576 0.88927 0.80423
017 2996 32.312363 28.599231 0.88820 0.80430
018 2999 32.080740 28.545926 0.88326 0.80337
019 2996 32.127702 28.576138 0.88659 0.80447
020 3000 32.001672 28.519260 0.88214 0.79973
021 2994 32.125373 28.518793 0.88652 0.80272
022 2994 32.140638 28.514698 0.88422 0.80032
023 2994 32.242120 28.505234 0.88816 0.80186
024 2999 32.205062 28.559047 0.88519 0.80171
025 2997 32.020307 28.595853 0.88355 0.80200
026 2997 31.960461 28.427372 0.88240 0.80087
027 2996 32.173894 28.432932 0.88662 0.80023
028 2996 32.037539 28.377624 0.88339 0.79792
029 2935 31.945913 28.231363 0.88308 0.79557
030 2999 31.908139 28.519606 0.87898 0.80008
031 2988 32.010620 28.415743 0.88389 0.79996
032 3000 31.824670 28.609505 0.87732 0.80090
033 2996 31.829429 28.476606 0.87960 0.80039
034 2995 31.847665 28.436945 0.88001 0.80023
035 2998 31.939829 28.417532 0.88120 0.79919
036 2994 31.800692 28.334196 0.87893 0.79678
037 2999 31.904609 28.474839 0.88104 0.80061
038 2994 31.855538 28.419250 0.88045 0.79957
039 2998 31.867612 28.634843 0.87927 0.80289
040 2995 31.804194 28.512713 0.87844 0.79925
041 2965 31.942285 28.779321 0.87993 0.80729
042 2994 31.917475 28.726160 0.88054 0.80550
043 3000 31.832994 28.867211 0.87917 0.80766
044 2996 31.791648 28.586503 0.87769 0.80300
045 3000 31.935547 28.601361 0.88177 0.80326
046 2996 31.804726 28.480900 0.88045 0.80076
047 2998 31.952862 28.506865 0.88235 0.80144
048 2927 31.758121 28.267961 0.87909 0.79907
049 2996 31.631560 28.417646 0.87510 0.80048
050 2995 31.754318 28.513040 0.87717 0.80160
051 2994 31.597520 28.448980 0.87208 0.79911
