002 20384 30.389682 28.431690
003 20554 28.565096 28.495226
004 20513 27.873511 28.297137
005 20051 27.739968 28.379662
006 20146 27.182548 28.312499
007 20314 27.473865 28.466814
008 20447 27.302737 28.450562
009 20453 27.218173 28.512272
010 20126 26.997247 28.315723
011 20209 27.021428 28.534996
012 20508 26.873012 28.431543
013 20194 26.860400 28.422312
014 20505 26.708231 28.341090
015 20059 26.791997 28.339906
016 20024 26.736777 28.410583
017 20209 26.589127 28.330023
018 20032 26.676383 28.300838
019 20689 26.910737 28.446042
020 20012 26.741779 28.419556
021 20269 26.806996 28.432418
022 20027 26.752084 28.312940
023 20107 26.547031 28.349619
024 20344 26.501920 28.356558
025 20000 26.496329 28.222006
026 20090 26.607340 28.400781
027 20381 26.604362 28.401351
028 20056 26.584517 28.275729
029 20134 26.622690 28.404241
030 20108 26.508359 28.360820
031 20043 26.369752 28.302917
032 20221 26.507273 28.336335
033 20239 26.380736 28.320984
034 20093 26.553989 28.458491
035 20092 26.378771 28.340025
036 20239 26.501172 28.411063
037 20169 26.401723 28.242194
038 20088 26.421535 28.272464
039 20037 26.482644 28.404908
040 20102 26.405456 28.322362
041 20105 26.426591 28.345571
042 20184 26.381954 28.329658
043 20180 26.369995 28.317322
044 20088 26.362606 28.290392
045 20112 26.298462 28.204561
046 20222 26.397884 28.368630
047 20278 26.348631 28.287612
048 20195 26.360924 28.273034
049 20278 26.400792 28.364115
050 20297 26.322161 28.338523
051 20339 26.266979 28.307539
052 20336 26.222180 28.161923
053 20307 26.245728 28.134349
054 20365 26.285529 28.327041
055 20353 26.381258 28.478234
056 20373 26.332327 28.346671
057 20058 26.240169 27.548280
058 20027 26.024891 27.455763
059 20364 26.259358 28.314675
060 20027 26.143506 27.648724
061 20369 26.243517 28.325137
062 20376 26.196748 28.218134
063 20397 26.263225 28.296066
064 20066 26.143774 27.617122
065 20065 26.037667 27.639623
066 20094 25.817983 27.447231
067 20005 25.910781 27.506942
068 20127 26.023799 27.603709
069 20103 25.915801 27.383042
070 20043 25.958788 23.363456
071 20073 26.049121 27.625678
072 20159 25.993454 27.502764
073 20157 25.962704 27.493286
074 20174 25.984633 27.530140
075 20052 25.934906 23.335848
076 20157 25.962104 27.579129
077 20164 25.851273 27.332138
078 20126 25.977611 27.512667
079 20062 25.806805 23.245667
080 20014 25.848478 23.263454
081 20135 25.872171 27.366208
082 20003 25.842045 23.245837
083 20294 25.837177 27.321993
084 20050 25.889872 23.236767
085 20031 25.995502 23.282553
086 20193 25.959175 23.259879
087 20005 25.879430 23.223116
088 20075 25.862219 23.212566
089 20323 25.818921 27.282999
090 20172 25.802606 23.163172
091 20114 25.830221 23.193780
092 20200 25.802574 27.334370
093 20111 25.851027 23.169207
094 20047 25.755669 23.125671
095 20067 25.809863 23.154560
096 20062 25.857977 23.166345
097 20165 25.755692 23.129362
098 20137 25.771398 23.145473
099 20077 25.795908 23.144927
100 20016 25.764751 21.155588
101 20058 25.743522 21.170933
102 20250 25.689714 27.254253
