002 7757 46.528581 40.360050  
003 7570 44.660555 40.257201  
004 7656 44.528256 40.358525  
005 7616 44.859732 40.262989  
006 7696 44.797697 40.335643  
007 7728 44.799235 40.356929  
008 7710 44.664737 40.326358  
009 7680 44.357825 40.335277  
010 7606 44.116888 40.282415  
011 7535 43.413197 40.237666  
012 50032 43.135650 56.098459  
013 49983 40.673426 56.168533  
014 7572 43.166148 40.299474  
015 45797 41.207189 54.405161  
016 50060 41.485516 56.102819  
017 50069 40.188023 56.029395  
018 41290 38.582496 52.951766  
019 7991 43.417739 40.529533  
020 40480 40.036688 52.846086  
021 45078 38.589579 54.096079  
022 7352 43.081576 40.137978  
023 40459 40.222344 52.798415  
024 44476 39.965921 53.894042  
025 44360 39.645042 54.015571  
026 7980 42.447002 40.298704  
027 44403 41.006187 53.609779  
028 45124 40.272891 53.858961  
029 45139 39.923154 53.795618  
030 45164 39.274677 54.068882  
031 45211 38.874950 53.921671  
032 40488 38.437128 52.885911  
033 7336 41.994101 39.957994  
034 40601 40.798718 52.645513  
035 44560 40.360526 53.564102  
036 44551 39.924238 53.551098  
037 44561 39.707189 53.761866  
038 44560 39.206340 53.593431  
039 44568 39.163288 54.087255  
040 44572 39.131369 53.928905  
041 44568 38.787953 54.589568  
042 44570 39.948042 54.329185  
043 44580 39.753248 54.552636  
044 40569 39.271212 52.768625  
045 40651 39.041920 52.895974  
046 40677 38.478172 52.674610  
047 7986 42.542302 40.410115  
048 40693 41.385773 52.638118  
049 45289 41.175181 53.878955  
050 45301 40.575469 53.985937  
