002 3971 43.895235 36.022404  
003 3700 42.269245 34.526439  
004 3690 42.134899 34.452415  
005 3758 42.415235 34.775303  
006 3728 42.283294 34.560339  
007 3711 42.311568 34.781530  
008 3715 42.200692 34.759349  
009 3691 42.049979 34.427297  
010 3693 41.915161 34.773545  
011 3712 41.546994 34.469107  
012 3983 41.719803 36.173213  
013 45926 40.549532 54.505004  
014 3977 41.623297 36.160440  
015 45248 40.297787 54.189523  
016 3977 40.861964 36.134788  
017 46236 39.694082 54.477987  
018 38333 38.237616 51.906791  
019 3960 40.748450 36.089754  
020 37539 39.582588 51.581321  
021 38360 38.252659 51.881964  
022 3914 40.620492 35.848194  
023 37542 38.969466 51.652148  
024 38436 38.788404 51.902603  
025 38454 38.609912 52.091508  
026 3923 40.100541 35.706272  
027 38547 39.421121 51.728510  
028 38504 38.871012 51.737661  
029 38518 38.596240 51.671048  
030 38520 38.879260 51.938084  
031 38579 38.509716 51.728890  
032 37654 38.128854 51.767717  
033 3937 40.002150 35.895976  
034 37695 39.299332 51.481927  
035 38667 39.006061 51.713931  
036 38660 38.606139 51.673894  
037 38691 38.524762 51.858568  
038 38682 38.124164 51.717222  
039 38694 38.226130 52.224025  
040 38705 38.112240 52.022492  
041 38718 37.989881 52.783833  
042 38719 39.565193 52.497994  
043 38730 39.409342 52.699773  
044 37767 38.897866 51.732115  
045 37847 38.707563 51.785974  
046 37834 38.163313 51.526557  
047 3908 40.268360 35.774643  
048 37874 39.607100 51.443430  
049 38706 39.469359 51.761216  
050 38723 39.160287 51.868663  
