002 2764 41.888106 31.929134  
003 2873 41.014095 32.360451  
004 2890 40.975347 32.399125  
005 2889 41.049914 32.385338  
006 2863 41.030075 32.308301  
007 2882 41.109044 32.402529  
008 2875 40.957257 32.413355  
009 2873 40.841129 32.383270  
010 2838 40.737652 32.326774  
011 2875 40.504426 32.410135  
012 2849 40.420021 32.415464  
013 2935 40.530373 32.464615  
014 2822 40.346663 32.283281  
015 45183 39.358112 54.168517  
016 2929 39.447079 32.479503  
017 2909 39.459711 32.424621  
018 37127 38.062259 51.474765  
019 2934 39.423637 32.431694  
020 2913 39.363743 32.412104  
021 37130 38.087399 51.406539  
022 2942 39.364769 32.414620  
023 37277 38.216733 51.537324  
024 37285 38.054857 51.479419  
025 37328 37.931612 51.699665  
026 2952 38.906172 32.272526  
027 37411 38.414513 51.256924  
028 37419 37.978873 51.324584  
029 37444 37.756717 51.230226  
030 2947 38.685153 32.372645  
031 37499 38.315780 51.299943  
032 37352 37.969678 51.630882  
033 2951 38.809014 32.359222  
034 37392 38.321270 51.350618  
035 37403 38.126477 51.207761  
036 37448 37.765695 51.201743  
037 37470 37.730706 51.390894  
038 37465 37.376075 51.228333  
039 37480 37.506637 51.770206  
040 37479 37.382766 51.574250  
041 37476 37.421613 52.205189  
042 2960 39.376291 32.680513  
043 37486 39.218615 52.131235  
044 37484 38.694736 51.607395  
045 37547 38.515736 51.662335  
046 37542 37.981592 51.414118  
047 2940 39.063882 32.319495  
048 37560 38.578208 51.331814  
049 37417 38.485660 51.237165  
050 37439 38.344698 51.361131  
