002 5828 45.629518 38.772677  
003 5816 44.014486 38.775167  
004 5978 43.965319 38.932659  
005 5852 44.108298 38.775778  
006 5852 44.043121 38.847905  
007 5824 44.071151 38.837409  
008 5828 43.921319 38.827167  
009 5794 43.639561 38.773377  
010 5801 43.495745 38.793858  
011 48129 42.449759 55.235898  
012 5993 42.974377 39.005668  
013 47132 40.649711 54.918988  
014 5940 42.780067 38.945626  
015 45592 40.992148 54.332293  
016 48288 41.365511 55.316774  
017 48315 40.087352 55.293783  
018 39817 38.516393 52.557724  
019 5846 42.502021 38.827130  
020 38988 39.952238 52.166838  
021 41598 38.527304 53.020627  
022 5828 42.339190 38.804443  
023 39003 39.889417 52.205189  
024 41597 39.645023 53.022569  
025 41531 39.371674 53.136253  
026 5818 41.653550 38.560283  
027 41580 40.528557 52.844222  
028 41615 39.846328 52.868714  
029 41637 39.509505 52.774605  
030 41670 39.198165 53.000093  
031 41720 38.792610 52.882397  
032 39001 38.374287 52.303875  
033 5850 41.417633 38.648747  
034 39147 40.403470 51.967280  
035 41723 40.013477 52.799143  
036 41728 39.577257 52.779579  
037 41761 39.392448 52.952973  
038 41771 38.921192 52.825871  
039 41773 38.926708 53.208340  
040 41767 38.867878 53.080333  
041 41792 38.584035 53.659727  
042 41797 39.872295 53.397566  
043 41807 39.682555 53.628127  
044 39137 39.188413 52.233602  
045 39220 38.974848 52.364181  
046 39244 38.411841 52.017057  
047 5790 41.734014 38.670420  
048 39242 40.787306 51.936015  
049 41655 40.585169 52.842751  
050 41679 40.127094 52.892402  
