002 8866 46.883633 41.052913  
003 8709 44.968773 40.926645  
004 8771 44.816655 41.028831  
005 8833 45.202378 41.001192  
006 8755 45.098667 40.988954  
007 8787 45.097496 41.011637  
008 8823 45.001490 41.008879  
009 8781 44.628665 40.986862  
010 8750 44.389656 41.008304  
011 8760 43.648464 40.940597  
012 51002 43.144096 56.757168  
013 51042 40.675964 56.827646  
014 8713 43.391648 40.976846  
015 46070 41.355503 54.504213  
016 51021 41.508311 56.717983  
017 51046 40.214272 56.655613  
018 41889 38.600633 53.103073  
019 8690 43.637271 40.961534  
020 41066 40.059589 52.956847  
021 46076 38.608167 54.466928  
022 8764 43.498509 40.960701  
023 41070 40.382186 52.918813  
024 46202 40.101646 54.516304  
025 46070 39.781668 54.601311  
026 8733 42.630100 40.720879  
027 46095 41.132028 54.199026  
028 46124 40.375064 54.228807  
029 46133 40.026840 54.117329  
030 46156 39.299770 54.416627  
031 46193 38.898851 54.241236  
032 41041 38.461391 52.983705  
033 8847 42.363904 40.841293  
034 41185 41.027327 52.757170  
035 46380 40.563189 54.209154  
036 46370 40.133305 54.177707  
037 46378 39.898783 54.403265  
038 46367 39.385813 54.235895  
039 46382 39.317719 54.730890  
040 46380 39.297036 54.548060  
041 46387 38.908517 55.280443  
042 46391 39.977534 54.998711  
043 46397 39.780137 55.266629  
044 41151 39.298905 52.875673  
045 41210 39.070158 53.001059  
046 41227 38.497822 52.792402  
047 8750 42.742984 40.851695  
048 41254 41.520555 52.741193  
049 46251 41.305297 54.194004  
050 46242 40.684554 54.306258  
