002 623 39.383909 24.087778  
003 630 39.262002 24.064822  
004 627 39.442244 24.078936  
005 624 39.474789 24.069427  
006 629 39.356352 24.074526  
007 617 39.416005 24.082937  
008 629 39.281197 24.059219  
009 626 39.532638 24.063415  
010 631 39.661118 24.078322  
011 622 39.400825 24.058265  
012 627 39.475782 24.060019  
013 629 39.520576 24.058684  
014 628 39.289584 24.045374  
015 620 39.148868 24.045634  
016 57433 39.734565 70.058191  
017 619 38.146979 24.055005  
018 620 37.879062 24.047982  
019 621 37.602327 24.040873  
020 619 37.475518 24.037576  
021 622 37.522819 24.033253  
022 621 37.559279 24.036165  
023 620 37.531225 24.041788  
024 621 37.430562 24.036626  
025 623 37.448178 24.051150  
026 623 37.080513 24.007578  
027 620 37.196378 24.015119  
028 617 37.109822 24.006189  
029 614 37.277009 24.011739  
030 617 37.087722 24.037147  
031 618 37.364991 24.022889  
032 619 37.203164 24.053493  
033 598 37.272958 24.016363  
034 616 37.120072 24.018166  
035 628 37.204247 24.006648  
036 597 37.071676 23.997883  
037 624 37.250014 24.018969  
038 620 37.075407 23.989048  
039 623 37.315488 24.049238  
040 622 37.223869 24.020760  
041 629 37.299430 24.114577  
042 620 37.319928 24.124603  
043 627 37.283661 24.151917  
044 623 37.222332 24.079350  
045 623 37.241178 24.093893  
046 593 37.083433 24.061897  
047 622 37.213955 24.063150  
048 618 37.027311 24.043691  
049 618 37.097392 24.043626  
050 618 37.034891 24.052438  
