002 4616 44.716307 37.300804  
003 4698 43.360127 37.606352  
004 4734 43.249971 37.685482  
005 4783 43.497266 37.795683  
006 4728 43.388684 37.719774  
007 4741 43.408989 37.732815  
008 4732 43.283608 37.714317  
009 4670 43.037674 37.603175  
010 4646 42.873668 37.553181  
011 4699 42.422269 37.658289  
012 4600 42.300230 37.452835  
013 46969 40.635326 54.871175  
014 4582 42.165789 37.404009  
015 45467 40.617187 54.276216  
016 46900 41.184454 54.755875  
017 46917 39.942231 54.733086  
018 39039 38.411581 52.177971  
019 4928 41.863022 38.119120  
020 38175 39.810875 51.835881  
021 40171 38.425971 52.725178  
022 4902 41.702443 38.056887  
023 38188 39.591908 51.898973  
024 40117 39.388423 52.712885  
025 40173 39.129313 52.842604  
026 4894 41.105661 37.907600  
027 40231 40.154972 52.493332  
028 40224 39.513186 52.481091  
029 40261 39.213421 52.394364  
030 40293 39.068163 52.726706  
031 40352 38.683600 52.548139  
032 38218 38.285933 51.993730  
033 4918 40.955936 37.948477  
034 38308 40.068382 51.715595  
035 40277 39.695354 52.428767  
036 40276 39.276538 52.396708  
037 40289 39.110565 52.678951  
038 40308 38.675166 52.430683  
039 40320 38.701111 52.864376  
040 40325 38.629541 52.779772  
041 40335 38.376106 53.224690  
042 40338 39.748233 53.043210  
043 40359 39.577445 53.212235  
044 38349 39.079932 51.940075  
045 38434 38.870401 52.017178  
046 38427 38.324950 51.753502  
047 4890 41.249998 37.996407  
048 38470 40.414777 51.663867  
049 40365 40.248980 52.466860  
050 40364 39.860777 52.631902  
