002 7000 46.112592 39.923159  
003 6507 44.321495 39.425458  
004 6528 44.187679 39.480800  
005 6457 44.476144 39.351493  
006 6482 44.365928 39.468146  
007 6540 44.389747 39.530721  
008 6468 44.247478 39.395462  
009 6474 43.978448 39.420713  
010 6458 43.768935 39.413618  
011 6935 43.224192 39.925870  
012 6518 43.132876 39.480542  
013 49311 40.672527 55.826805  
014 6929 42.969634 39.941650  
015 45811 41.109370 54.421279  
016 49371 41.420176 55.769104  
017 49396 40.140907 55.722900  
018 40620 38.549645 52.806429  
019 6960 43.021996 39.930496  
020 39792 39.994544 52.589472  
021 43325 38.559793 53.520275  
022 6619 42.833266 39.581080  
023 39788 40.118309 52.576957  
024 43182 39.855076 53.486314  
025 43098 39.556850 53.596638  
026 6944 42.133154 39.665142  
027 43153 40.830107 53.243305  
028 43360 40.099647 53.321748  
029 43383 39.752598 53.225814  
030 43407 39.237086 53.481540  
031 43461 38.835881 53.352016  
032 39804 38.407980 52.744259  
033 6962 41.859866 39.751107  
034 39939 40.706814 52.352999  
035 43455 40.273526 53.247877  
036 43472 39.838785 53.231548  
037 43494 39.624847 53.448161  
038 43493 39.129965 53.293757  
039 43503 39.105192 53.708042  
040 43507 39.068513 53.578190  
041 43518 38.731516 54.213521  
042 43506 39.913995 53.967859  
043 43525 39.729358 54.182843  
044 39928 39.240676 52.659074  
045 40009 39.017236 52.783881  
046 40022 38.453503 52.413462  
047 6947 42.233384 39.850697  
048 40059 41.172851 52.329805  
049 43497 40.967843 53.327610  
050 43480 40.406740 53.387606  
