002 1240 40.220111 27.166515  
003 1255 40.238533 27.172778  
004 1260 40.320646 27.184197  
005 1246 40.243259 27.171374  
006 1265 40.231409 27.190321  
007 1235 40.264332 27.183815  
008 1253 40.296344 27.179358  
009 1243 40.358869 27.169706  
010 1246 40.443921 27.180886  
011 1249 40.262608 27.178423  
012 1249 40.208305 27.163132  
013 57319 39.605413 69.778227  
014 1261 40.298789 27.164882  
015 57349 39.804935 69.467634  
016 57348 39.727908 68.706732  
017 1246 38.310700 27.169562  
018 47269 38.238653 54.892814  
019 1239 38.281814 27.148810  
020 1236 38.256992 27.152196  
021 47440 38.133365 54.982312  
022 47466 37.852596 55.046980  
023 1236 38.202180 27.152905  
024 47472 38.099021 54.984880  
025 47491 37.991184 55.151910  
026 47495 37.449491 54.749634  
027 47470 37.459798 54.707178  
028 47472 37.271706 54.707253  
029 47465 37.340959 54.590814  
030 1227 37.675450 27.115326  
031 47501 37.933657 54.694694  
032 47501 37.689976 55.103293  
033 1214 37.937334 27.087279  
034 47502 37.722291 54.725971  
035 47522 37.730012 54.615446  
036 47521 37.474238 54.571282  
037 47522 37.566009 54.806510  
038 47515 37.272251 54.627334  
039 47528 37.443452 55.203948  
040 47520 37.303243 54.959664  
041 47521 37.341607 55.702868  
042 1230 38.189560 27.263215  
043 47506 38.218371 55.713964  
044 47463 38.160800 54.954479  
045 47477 38.112837 55.130853  
046 47482 37.829283 54.729300  
047 47492 37.849690 54.783149  
048 47489 37.523171 54.666326  
049 47494 37.484729 54.639551  
050 1239 37.760548 27.122362  
