002 9700 47.024073 41.839988  
003 9962 45.228971 41.958785  
004 9824 44.977460 41.922520  
005 8833 45.203036 41.001192  
006 9883 45.283452 41.939319  
007 9935 45.278020 41.994871  
008 9961 45.177448 41.946759  
009 9842 44.778392 41.925770  
010 9992 44.555828 41.985492  
011 9736 43.757742 41.835344  
012 52414 43.144443 57.705219  
013 52156 40.676020 57.577350  
014 9887 43.508378 41.955383  
015 46077 41.366795 54.504213  
016 52363 41.523278 57.644664  
017 52390 40.225568 57.624271  
018 43213 38.604592 53.490295  
019 9946 43.822933 41.963863  
020 42373 40.065908 53.274491  
021 48597 38.615104 55.431897  
022 9977 43.657403 41.982648  
023 42380 40.449780 53.234605  
024 48597 40.159685 55.437685  
025 48450 39.838152 55.505215  
026 9344 42.720081 41.251958  
027 48491 41.190780 55.128695  
028 47960 40.436467 54.899658  
029 47970 40.069435 54.818006  
030 48000 39.307176 55.149825  
031 48027 38.909865 54.936181  
032 42367 38.467898 53.306066  
033 9417 42.444984 41.335759  
034 42497 41.082022 53.042183  
035 48147 40.615349 54.850187  
036 48135 40.180347 54.843343  
037 48140 39.936909 55.101313  
038 48146 39.431424 54.895802  
039 48165 39.368818 55.424873  
040 48160 39.361152 55.258840  
041 48159 38.971254 56.020826  
042 48160 39.977993 55.668058  
043 48161 39.777784 55.979949  
044 42460 39.307780 53.216561  
045 42532 39.071777 53.352236  
046 42545 38.496243 53.089352  
047 9823 42.891886 41.755387  
048 42602 41.609174 53.042799  
049 48580 41.388782 55.111468  
050 48595 40.750466 55.219936  
