002 4948 44.285630 30.036431 0.98142 0.81451
003 4996 43.769531 30.046059 0.97966 0.81654
004 4919 43.709747 30.120398 0.97928 0.81919
005 4988 43.559424 30.155359 0.97856 0.81972
006 4990 42.500308 30.082753 0.97538 0.81856
007 4998 39.946805 30.070061 0.96282 0.81731
008 4996 37.270323 30.139894 0.94897 0.81871
009 4985 36.425659 30.052249 0.94158 0.81742
010 4999 35.190450 30.124644 0.92549 0.81822
011 5000 33.354065 30.184827 0.90321 0.81989
012 4992 31.604009 30.119367 0.86972 0.81866
013 4996 31.003367 30.136480 0.85641 0.81684
014 5000 30.971357 30.186530 0.85565 0.82040
015 4998 30.819840 30.041353 0.85251 0.81765
016 5000 30.925962 30.118733 0.85397 0.81791
017 4997 30.942082 30.108851 0.85387 0.81766
018 4999 30.840009 30.065082 0.85257 0.81743
019 4994 30.817571 30.099277 0.85233 0.81870
020 4996 30.834141 29.983550 0.85208 0.81288
021 4994 30.859591 30.073056 0.85282 0.81698
022 4995 30.917583 30.054472 0.85400 0.81429
023 4997 30.775473 30.037868 0.84996 0.81641
024 4999 30.925807 30.101236 0.85225 0.81595
025 4995 30.803772 30.018312 0.85112 0.81450
026 4962 30.629356 30.041008 0.84496 0.81686
027 5000 30.790789 30.065355 0.84945 0.81659
028 4998 30.720212 29.997706 0.84625 0.81348
029 4998 30.634460 29.944228 0.84545 0.81334
030 4998 30.764704 30.087895 0.84422 0.81434
031 4998 30.686771 30.058011 0.84432 0.81604
032 4998 30.689261 30.092360 0.84151 0.81406
033 5000 30.587363 30.049267 0.84119 0.81456
034 4994 30.685793 30.067176 0.84355 0.81539
035 4999 30.649917 30.032179 0.84288 0.81514
036 5000 30.575005 29.950825 0.84154 0.81278
037 5000 30.688694 30.056700 0.84430 0.81569
038 4999 30.665640 30.055349 0.84388 0.81568
039 4995 30.561709 30.056637 0.84009 0.81497
040 4999 30.357864 30.011229 0.83369 0.81268
041 5000 30.540090 30.195791 0.83893 0.81846
042 4995 30.490946 30.165316 0.83831 0.81828
043 4998 30.446721 30.127396 0.83802 0.81797
044 5000 30.370884 30.129777 0.83411 0.81766
045 4995 30.450036 30.124138 0.83756 0.81720
046 4994 30.353527 30.002046 0.83629 0.81496
047 4996 30.451233 30.112509 0.83783 0.81680
048 4995 30.313173 30.059156 0.83400 0.81704
049 4997 30.299518 30.046440 0.83302 0.81647
050 4995 30.436101 30.069241 0.83653 0.81620
051 4998 30.214072 29.985192 0.82991 0.81391
