002 3984 44.143714 29.985786 0.98096 0.81415
003 3995 43.361818 30.026816 0.97819 0.81640
004 3998 42.166150 30.093964 0.97365 0.81896
005 3992 40.549087 30.102010 0.96825 0.81936
006 3997 37.470077 30.056517 0.95065 0.81834
007 3996 35.663608 30.031524 0.93466 0.81695
008 4000 34.846637 30.101590 0.92398 0.81836
009 3997 33.951086 30.026462 0.91361 0.81720
010 3996 33.089252 30.071991 0.90264 0.81785
011 3916 31.850505 30.152771 0.87935 0.81963
012 4000 31.291459 30.080704 0.86547 0.81831
013 3997 31.284123 30.103455 0.86506 0.81657
014 3997 31.204934 30.147729 0.86352 0.82006
015 3997 30.960630 30.015326 0.85965 0.81744
016 4000 31.082575 30.099760 0.86137 0.81777
017 3994 31.101439 30.083813 0.86079 0.81745
018 3999 30.944289 30.045636 0.85900 0.81729
019 3995 31.023155 30.060941 0.86075 0.81835
020 3994 30.912289 29.933901 0.85814 0.81253
021 3994 30.941581 30.015861 0.85896 0.81669
022 3996 31.013371 29.982173 0.86007 0.81383
023 3995 30.897090 29.977878 0.85802 0.81610
024 3995 31.096760 30.043628 0.86138 0.81559
025 3994 30.960040 29.985153 0.85993 0.81422
026 3995 30.803657 30.008866 0.85449 0.81659
027 4000 30.948527 30.014822 0.85861 0.81618
028 3994 30.870971 29.941008 0.85557 0.81303
029 3996 30.738950 29.911481 0.85316 0.81306
030 4000 30.891550 30.069997 0.85552 0.81421
031 3996 30.790558 30.037409 0.85374 0.81585
032 3948 30.861975 30.092360 0.85338 0.81406
033 4000 30.774493 30.018419 0.85236 0.81431
034 3996 30.791198 30.004436 0.85221 0.81491
035 4000 30.778896 30.006056 0.85227 0.81493
036 3917 30.672069 29.782022 0.85018 0.81196
037 3996 30.774233 30.018736 0.85257 0.81543
038 4000 30.781102 30.022258 0.85223 0.81539
039 4000 30.835241 30.051226 0.85491 0.81490
040 3967 30.788460 29.998834 0.85362 0.81256
041 3986 30.882833 30.195791 0.85613 0.81846
042 3994 30.792313 30.165316 0.85487 0.81828
043 3999 30.717668 30.127396 0.85374 0.81797
044 3996 30.619765 30.116651 0.85042 0.81752
045 3999 30.651362 30.124138 0.85034 0.81720
046 3995 30.512959 29.970390 0.84838 0.81468
047 3998 30.648542 30.080828 0.85026 0.81653
048 3994 30.481100 29.996420 0.84721 0.81655
049 3994 30.437595 29.969774 0.84517 0.81585
050 4000 30.596633 30.038715 0.84850 0.81596
051 3997 30.475666 29.954261 0.84652 0.81363
