006 10843 21.259917 12.901037 0.66123 0.57714
007 10904 19.526725 12.903993 0.53915 0.57614
008 10532 18.801973 12.759044 0.51543 0.56213
009 10955 18.690498 12.901580 0.49750 0.57670
010 10978 18.960524 12.904830 0.51699 0.57471
011 10650 18.618003 12.767979 0.49955 0.56248
012 10781 18.911276 12.911676 0.50408 0.57503
013 10804 18.670925 12.921437 0.48753 0.57695
014 10902 18.701355 12.926410 0.49358 0.57667
015 10789 18.395314 12.921079 0.47738 0.57450
016 10592 18.348049 12.779131 0.47185 0.56098
017 10758 18.538059 12.929718 0.47799 0.57502
018 10934 18.198487 12.937901 0.45724 0.57628
019 10676 18.420873 12.789301 0.46226 0.56125
020 10834 18.505043 12.945221 0.46482 0.57525
021 10859 18.521669 12.951362 0.46638 0.57644
022 10819 18.299477 12.952561 0.45751 0.57509
023 10710 18.229941 12.802049 0.45709 0.56127
024 10912 18.435046 12.966165 0.45313 0.57567
025 10557 18.307689 12.812357 0.46219 0.56055
026 10847 18.063131 12.823564 0.43507 0.56120
027 10638 18.312244 12.825812 0.46361 0.55976
028 10616 17.688538 12.842281 0.42187 0.56289
029 10577 17.977184 12.851398 0.43901 0.56174
030 10885 18.167052 13.014649 0.46098 0.57602
031 10866 18.086811 13.019855 0.44531 0.57666
032 10949 18.112557 13.028906 0.44003 0.57468
033 10634 17.351005 12.867624 0.38413 0.56325
034 10972 17.651246 13.040630 0.46038 0.57553
035 10639 18.174888 12.882401 0.46926 0.56161
036 10820 17.743220 13.057228 0.42857 0.57715
037 10721 17.990915 12.888818 0.45665 0.56014
038 10935 18.045323 13.058947 0.44126 0.57688
039 10939 17.858074 13.054990 0.45021 0.57406
040 10812 17.784142 12.899809 0.43678 0.56125
041 10798 18.143230 13.069042 0.47318 0.57571
042 10900 18.016733 13.074134 0.45823 0.57572
043 10854 17.900703 13.080456 0.44171 0.57601
044 10668 17.825911 12.918543 0.42091 0.56023
045 10581 17.795796 12.919164 0.42997 0.56005
046 10505 16.964504 12.926636 0.35299 0.55985
047 10786 17.675979 12.935102 0.41445 0.56068
048 10964 17.022892 13.105497 0.36302 0.57611
049 10578 17.511123 12.947058 0.43381 0.56110
050 10655 17.631273 12.952112 0.43822 0.55995
051 10758 17.950684 12.962499 0.43959 0.56086
052 10805 17.769886 13.123045 0.43388 0.57475
053 10834 16.962690 13.141434 0.35867 0.57558
054 10954 17.525778 13.143620 0.42351 0.57548
055 10800 17.553360 12.995675 0.42718 0.56007
056 10965 17.767410 13.160321 0.44139 0.57605
057 10545 18.021949 13.011924 0.43484 0.56198
058 10754 17.428310 13.019635 0.40173 0.56113
059 10912 17.876099 13.179401 0.43174 0.57611
060 10965 17.325812 13.192046 0.39970 0.57493
061 10659 17.687459 13.045829 0.45049 0.56237
062 10562 17.831533 13.060253 0.44240 0.56385
063 10603 17.762456 13.069368 0.42817 0.56289
064 10654 17.939228 13.076678 0.44643 0.56237
065 10934 17.968237 13.221650 0.44374 0.57732
066 10947 17.985132 13.225753 0.45963 0.57741
067 10840 18.104303 13.220276 0.45348 0.57646
068 10723 17.600726 13.088951 0.42360 0.56249
069 10804 17.750224 13.082512 0.44024 0.56170
070 10798 18.049747 13.223743 0.45640 0.57549
071 10697 17.931904 13.094182 0.46527 0.56291
072 10980 17.413361 13.240155 0.40873 0.57766
073 10931 17.636942 13.234831 0.44003 0.57526
074 10930 17.776255 13.240060 0.44559 0.57756
075 10900 17.989547 13.247595 0.43965 0.57788
076 10626 17.962064 13.129266 0.43996 0.56231
077 10983 17.825840 13.265072 0.44094 0.57767
078 10704 17.625971 13.143447 0.42080 0.56335
079 10909 18.039296 13.269470 0.45791 0.57729
080 10980 18.141798 13.270478 0.44816 0.57787
081 10965 17.869480 13.265463 0.44063 0.57722
082 10575 18.259005 13.156136 0.46791 0.56249
083 10650 18.238769 13.162209 0.48539 0.56425
084 10910 18.191676 13.155454 0.46294 0.56327
085 10771 18.295686 13.160712 0.47844 0.56311
086 10834 18.013036 13.268685 0.45243 0.57960
087 10921 17.996012 13.257030 0.47126 0.57891
088 10906 18.080625 13.263038 0.46765 0.57724
089 10554 17.869692 13.163180 0.45402 0.56433
090 10979 18.317220 13.254161 0.46475 0.57949
091 10779 18.348933 13.153665 0.47408 0.56277
092 10622 18.277668 13.164846 0.46378 0.56238
093 10726 18.225968 13.161886 0.47339 0.56244
094 10943 18.201362 13.263109 0.47004 0.57750
095 10905 18.298591 13.272500 0.46880 0.57812
096 10812 18.229397 13.177212 0.45867 0.56175
