006 50948 32.118672 32.118672 0.97097 0.97097
007 50990 32.089507 32.076140 0.97072 0.97070
008 50931 32.046169 32.046169 0.97078 0.97078
009 50996 32.029855 32.014284 0.97077 0.97083
010 50848 32.023715 31.957529 0.97040 0.97044
011 50978 32.015949 32.015949 0.97031 0.97031
012 50982 31.996071 31.973721 0.97007 0.97010
013 50996 32.025106 31.999479 0.97059 0.97064
014 50872 32.025081 31.973884 0.97054 0.97063
015 50893 31.960987 31.909484 0.97086 0.97094
016 50863 31.954470 31.896148 0.97029 0.97043
017 50900 31.957534 31.906055 0.97024 0.97037
018 50997 31.986031 31.977673 0.97063 0.97063
019 50982 31.990936 31.968316 0.97070 0.97076
020 50882 31.973114 31.918996 0.97053 0.97065
021 50996 31.959405 31.934570 0.97057 0.97061
022 50981 31.947925 31.938026 0.97059 0.97059
023 50903 31.944514 31.889566 0.97044 0.97042
024 50955 31.922083 31.868528 0.97022 0.97029
025 50980 31.923656 31.871212 0.97079 0.97084
026 50938 31.905574 31.854435 0.97063 0.97067
027 50829 31.928004 31.877673 0.97095 0.97104
028 50839 31.970686 31.915493 0.97075 0.97084
029 50982 31.995555 31.986551 0.97104 0.97103
030 50989 32.006910 31.993331 0.97083 0.97083
031 50970 31.968959 31.968959 0.97109 0.97109
032 50837 31.902130 31.843008 0.97094 0.97092
033 50858 31.898846 31.845596 0.97021 0.97021
034 50870 31.898368 31.843794 0.97060 0.97066
035 50950 31.900391 31.843603 0.97006 0.97012
036 50903 31.925902 31.871884 0.97056 0.97063
037 50984 31.873292 31.825537 0.97050 0.97061
038 50977 31.836081 31.778499 0.97060 0.97070
039 50802 31.836678 31.665771 0.97039 0.97050
040 50929 31.826794 31.771721 0.97035 0.97046
041 50999 31.877176 31.818755 0.97073 0.97085
042 50912 31.834576 31.776173 0.97022 0.97037
043 50985 31.826072 31.766534 0.97052 0.97069
044 50977 31.792361 31.730861 0.97042 0.97041
045 50833 31.791924 31.629151 0.97039 0.97041
046 50982 31.835035 31.778746 0.97045 0.97048
047 50837 31.845398 31.784280 0.97082 0.97085
048 50956 31.847106 31.847106 0.97052 0.97052
049 50965 31.803644 31.741276 0.97060 0.97058
050 50832 31.805740 31.744767 0.97057 0.97056
051 50981 31.820210 31.757537 0.97111 0.97118
052 50893 31.848158 31.789206 0.97092 0.97098
053 50883 31.870361 31.808998 0.97081 0.97093
054 50805 31.864311 31.807951 0.97066 0.97067
055 50965 31.858814 31.809022 0.97108 0.97109
056 50982 31.850584 31.794609 0.97105 0.97114
057 50913 31.887540 31.835386 0.97117 0.97120
058 50956 31.867352 31.816521 0.97133 0.97129
059 50874 31.870909 31.812961 0.97155 0.97156
060 50870 31.905181 31.852557 0.97138 0.97136
061 50874 31.916084 31.860889 0.97161 0.97161
062 50978 31.940004 31.940004 0.97192 0.97192
063 50868 31.964757 31.909206 0.97198 0.97203
064 50981 31.936020 31.936020 0.97152 0.97152
065 50891 31.919263 31.861209 0.97131 0.97127
066 50993 31.910363 31.893753 0.97141 0.97147
067 50980 31.872914 31.872914 0.97136 0.97136
068 50861 31.866979 31.816027 0.97147 0.97146
069 50836 31.866378 31.810489 0.97099 0.97096
070 50980 31.874336 31.862173 0.97162 0.97161
071 50834 31.915246 31.864972 0.97150 0.97151
072 50901 31.894784 31.894784 0.97140 0.97140
073 50857 31.923214 31.873165 0.97134 0.97135
074 50816 31.904709 31.904709 0.97150 0.97150
075 50865 31.945856 31.886649 0.97180 0.97176
076 50978 31.980244 31.956331 0.97216 0.97219
077 50997 32.007147 32.007147 0.97215 0.97215
078 50977 31.975128 31.968132 0.97208 0.97207
079 50916 31.995775 31.995775 0.97209 0.97209
080 50936 31.996529 31.996529 0.97226 0.97226
081 50985 31.906562 31.906562 0.97187 0.97187
082 50900 31.964884 31.964884 0.97214 0.97214
083 50959 31.974269 31.974269 0.97228 0.97228
084 50861 31.937403 31.887079 0.97174 0.97180
085 50950 32.010088 32.010088 0.97200 0.97200
086 50886 31.981556 31.981556 0.97224 0.97224
087 50915 31.881167 31.832115 0.97127 0.97129
088 50942 31.970053 31.970053 0.97249 0.97249
089 50956 32.048612 32.048612 0.97233 0.97233
090 50862 31.944965 31.884835 0.97169 0.97169
091 50990 31.956306 31.956306 0.97191 0.97191
092 50990 31.950019 31.935549 0.97196 0.97194
093 50919 31.854984 31.798440 0.97154 0.97155
094 50849 31.910830 31.848557 0.97167 0.97169
095 50853 31.950230 31.896889 0.97214 0.97229
096 50910 31.875829 31.820767 0.97171 0.97188
