006 20808 23.051133 17.308080 0.75584 0.82055
007 20964 21.369478 17.815357 0.67342 0.83036
008 20875 21.164900 17.811094 0.66059 0.82935
009 20954 21.061972 17.807886 0.66326 0.83123
010 20938 21.684504 17.802017 0.71695 0.82824
011 20964 21.170609 17.812849 0.66283 0.83094
012 20986 20.977551 17.805536 0.66506 0.82844
013 20895 21.909358 17.813711 0.69070 0.82998
014 20848 21.443166 17.822367 0.65732 0.83013
015 20646 21.338838 17.301391 0.68021 0.81696
016 20946 21.238496 17.816895 0.68453 0.82960
017 20969 21.905264 17.807694 0.67672 0.82887
018 20746 21.332760 17.311179 0.69083 0.81883
019 20781 21.188742 17.309879 0.66526 0.81798
020 20733 21.409348 17.311159 0.68835 0.81784
021 20931 21.562654 17.312778 0.68987 0.81891
022 20802 21.279260 17.299657 0.66175 0.81800
023 20883 21.755186 17.310170 0.67897 0.81846
024 20921 21.788911 17.300009 0.68393 0.81751
025 20670 21.429644 17.295449 0.68194 0.81734
026 20795 21.281718 17.305069 0.67500 0.81846
027 20935 20.899912 17.787669 0.65207 0.82780
028 20699 21.459008 17.320906 0.68190 0.82058
029 20717 21.534840 17.311411 0.67076 0.81801
030 20936 21.443691 17.309230 0.68094 0.81783
031 20554 20.930658 16.775681 0.65203 0.80734
032 20885 21.534143 17.292850 0.69510 0.81582
033 20709 21.569208 17.308900 0.66068 0.81992
034 20851 21.553110 17.299102 0.69123 0.81629
035 20719 21.197356 17.303250 0.67804 0.81735
036 20486 21.229923 16.785560 0.67624 0.80664
037 20752 21.351852 17.292517 0.66083 0.81588
038 20887 21.332210 17.305441 0.66097 0.81871
039 20605 21.063855 16.770237 0.64153 0.80248
040 20865 21.218108 17.307678 0.67151 0.81812
041 20791 21.133803 17.311065 0.65178 0.81805
042 20957 21.476752 17.310873 0.66442 0.81767
043 20821 21.970383 17.322264 0.72262 0.81813
044 20727 21.071524 17.302468 0.64610 0.81519
045 20833 21.626856 17.315434 0.69642 0.81673
046 20879 21.124486 17.316548 0.64264 0.81667
047 20913 21.718391 17.326967 0.68774 0.81812
048 20776 21.672638 17.341127 0.68532 0.81781
049 20588 21.089178 17.325094 0.63895 0.81748
050 20874 21.208867 17.841156 0.67294 0.82722
051 20874 21.454389 17.343328 0.66959 0.81876
052 20870 21.011388 17.337420 0.65424 0.81785
053 20818 20.914790 17.359477 0.65148 0.81796
054 20558 20.749788 17.356733 0.64294 0.81769
055 20901 20.889573 17.352856 0.64656 0.81702
056 20639 21.016818 16.893331 0.65517 0.80830
057 20683 20.876365 17.368859 0.63649 0.81920
058 20881 20.816524 17.371010 0.65160 0.81834
059 20934 20.558731 17.374333 0.62325 0.81960
060 20844 21.025032 17.380931 0.66294 0.81788
061 20795 21.017381 17.392475 0.66601 0.82056
062 20734 21.121844 17.401999 0.64938 0.82101
063 20690 20.939518 16.944562 0.64498 0.80727
064 20989 20.758331 17.408159 0.63704 0.82037
065 20776 21.073987 17.406267 0.67172 0.81986
066 20678 21.071576 16.951747 0.66404 0.80783
067 20729 20.461087 17.397786 0.63330 0.81867
068 20643 20.450472 16.964723 0.61423 0.80832
069 21000 19.945141 17.943012 0.61667 0.83080
070 20849 20.877200 17.398652 0.64551 0.81794
071 20505 18.749243 16.970712 0.48928 0.80880
072 20793 20.805316 17.409736 0.62656 0.81944
073 20919 21.076648 17.968016 0.65420 0.82980
074 20930 20.649828 17.422818 0.61862 0.82022
075 20761 20.353960 17.432381 0.64448 0.82047
076 20750 20.646350 17.438837 0.61789 0.81897
077 20938 20.712269 17.448612 0.62920 0.82019
078 20851 21.115801 17.448224 0.66401 0.82142
079 20963 21.141571 17.458457 0.63926 0.81961
080 20833 20.662385 17.456742 0.61564 0.81959
081 20753 20.352606 17.450810 0.60830 0.81999
082 20595 20.692934 17.010270 0.62329 0.80882
083 20710 21.029898 17.012859 0.64271 0.80895
084 20625 20.941231 16.999059 0.63108 0.80758
085 20788 20.825986 17.480768 0.63816 0.81964
086 20961 20.609287 17.484526 0.63107 0.82109
087 20957 20.537246 17.463092 0.62273 0.81901
088 20937 21.214858 17.481918 0.67427 0.81748
089 20612 21.491574 17.036762 0.67572 0.80830
090 20937 20.899571 17.486772 0.63705 0.81957
091 20974 21.025902 17.495545 0.65129 0.81784
092 20670 21.023610 17.029832 0.65183 0.80563
093 20668 20.682606 17.015292 0.62261 0.80575
094 20622 20.376566 17.029791 0.62527 0.80685
095 20576 20.674893 17.041280 0.63536 0.80710
096 20945 20.603111 17.494678 0.61266 0.81568
