006 30757 25.219646 27.342840 0.84583 0.93566
007 30824 23.413398 27.270964 0.78326 0.93426
008 30833 24.003696 27.263222 0.81866 0.93446
009 30812 25.177562 27.283989 0.86822 0.93568
010 30721 25.479588 27.227538 0.86997 0.93404
011 30706 24.944209 27.198704 0.83188 0.93432
012 30548 24.447175 27.164440 0.81810 0.93266
013 30725 24.954492 27.205503 0.83190 0.93370
014 30997 26.309994 27.346686 0.87467 0.93527
015 30651 25.527896 27.143664 0.87597 0.93259
016 30880 24.901271 27.164529 0.84143 0.93368
017 30673 24.533335 27.158129 0.82152 0.93418
018 30605 24.201537 27.201469 0.81889 0.93318
019 30805 24.659913 27.244573 0.84332 0.93429
020 30935 25.120399 27.285716 0.85305 0.93550
021 30726 24.941827 27.135049 0.83503 0.93396
022 30683 24.367701 27.086360 0.83999 0.93410
023 30796 24.850686 27.127105 0.81514 0.93300
024 30708 24.703898 27.033526 0.82362 0.93244
025 30654 24.339545 27.156915 0.82633 0.93449
026 30923 24.979562 27.148080 0.82642 0.93523
027 30887 24.932245 27.141631 0.83690 0.93606
028 30908 24.024778 27.178189 0.81525 0.93451
029 30892 24.547413 27.214168 0.82584 0.93486
030 30696 23.976208 27.075915 0.81814 0.93265
031 30687 24.468464 27.076904 0.82365 0.93356
032 30831 24.084934 26.913895 0.81755 0.93218
033 30929 24.209635 27.112138 0.80061 0.93557
034 30814 24.279970 27.085545 0.81552 0.93382
035 30883 24.432043 27.137329 0.84480 0.93588
036 30833 24.081711 27.108666 0.81556 0.93549
037 30764 23.685830 26.875316 0.80307 0.93265
038 30719 23.958307 26.867405 0.81149 0.93253
039 30700 24.250371 26.847428 0.81163 0.93042
040 30983 24.148253 27.041623 0.83280 0.93599
041 30930 24.257029 27.029055 0.81634 0.93542
042 30967 23.951010 27.026682 0.79324 0.93619
043 30667 23.292467 27.026685 0.78538 0.93532
044 30917 24.484671 26.906619 0.83029 0.93437
045 30642 23.669579 26.945983 0.78520 0.93495
046 30731 23.357649 26.942724 0.82215 0.93491
047 30929 24.065319 26.979643 0.80091 0.93645
048 30594 23.998277 26.851285 0.80583 0.93180
049 30930 23.961317 26.948977 0.81404 0.93572
050 30991 25.189299 26.996299 0.83780 0.93623
051 30775 24.658623 26.958800 0.82900 0.93593
052 30951 23.807894 26.977443 0.81624 0.93675
053 30711 23.787367 26.993087 0.80400 0.93527
054 30869 24.300128 26.999977 0.79972 0.93530
055 30994 23.235927 26.955401 0.79781 0.93534
056 30649 24.256454 26.972016 0.82331 0.93677
057 30894 24.069100 27.014307 0.81406 0.93674
058 30881 23.368646 26.983479 0.77982 0.93584
059 30869 23.903790 26.963848 0.79802 0.93628
060 30826 23.458466 26.985482 0.79425 0.93626
061 30630 23.817634 27.035187 0.83111 0.93744
062 30869 23.777061 27.053565 0.79990 0.93799
063 30949 23.223374 27.008110 0.77311 0.93677
064 30907 23.521257 27.047766 0.80516 0.93763
065 30681 23.548981 27.005622 0.78002 0.93702
066 30972 23.932513 26.937641 0.80558 0.93712
067 30897 23.565795 26.992866 0.80967 0.93729
068 30995 24.718804 26.978883 0.83235 0.93781
069 30606 23.057064 26.833445 0.77511 0.93578
070 30497 22.973796 26.918277 0.77220 0.93554
071 30997 23.322731 27.026811 0.80879 0.93740
072 30946 23.918203 26.895400 0.79138 0.93658
073 30562 23.164354 26.943818 0.79952 0.93586
074 30700 23.507187 26.962342 0.78877 0.93692
075 30988 23.685483 27.003594 0.81075 0.93757
076 30986 23.843263 27.044714 0.79524 0.93680
077 30720 23.543580 26.997389 0.79000 0.93612
078 30731 23.242913 26.961135 0.75778 0.93657
079 30719 22.765679 27.003848 0.77542 0.93541
080 30929 23.325005 27.039817 0.77566 0.93649
081 30809 23.806342 26.922143 0.79724 0.93596
082 30866 23.178982 27.016760 0.79004 0.93693
083 30823 23.718337 26.976402 0.77462 0.93583
084 30713 22.934616 26.876200 0.77545 0.93503
085 30686 23.049530 27.016501 0.77822 0.93621
086 30643 23.463440 26.972316 0.80042 0.93617
087 30968 24.072754 26.849835 0.80368 0.93470
088 30936 23.392939 27.003996 0.80257 0.93570
089 30908 23.618391 26.992427 0.78639 0.93498
090 30944 23.029801 26.881882 0.77983 0.93493
091 30701 23.374306 26.922421 0.77398 0.93460
092 30889 23.555253 26.883579 0.79367 0.93365
093 30937 23.731951 26.791741 0.78981 0.93415
094 30918 23.214002 26.901752 0.78880 0.93528
095 30855 23.201778 26.895649 0.77808 0.93475
096 30768 23.913457 26.727059 0.81433 0.93258
