006 40718 28.305214 30.262001 0.91998 0.96810
007 40896 27.124771 30.255493 0.90780 0.96786
008 40961 27.495314 30.206671 0.90316 0.96791
009 40977 28.984029 30.170912 0.93424 0.96788
010 40637 28.563325 30.130365 0.92631 0.96751
011 40804 28.536539 30.176539 0.92017 0.96746
012 40784 27.855517 30.145403 0.90861 0.96710
013 40791 27.281750 30.173101 0.90183 0.96777
014 40852 27.630295 30.177358 0.91144 0.96780
015 40958 29.390122 30.112346 0.94461 0.96808
016 40965 28.665302 30.137213 0.92369 0.96747
017 40975 28.621793 30.123559 0.92113 0.96755
018 40895 28.146320 30.151823 0.92169 0.96778
019 40760 28.446333 30.124314 0.92767 0.96779
020 40998 29.362125 30.134472 0.93964 0.96788
021 40818 28.827742 30.117243 0.92698 0.96775
022 41000 28.555102 30.112875 0.91984 0.96772
023 40697 27.797101 30.066598 0.92264 0.96755
024 40933 28.241002 30.060465 0.91572 0.96751
025 40655 29.383461 30.024571 0.94506 0.96789
026 40848 28.701799 30.045715 0.93124 0.96784
027 40641 27.317914 30.061362 0.90384 0.96821
028 40620 27.716357 30.101276 0.90720 0.96801
029 40714 28.988928 30.139698 0.94048 0.96817
030 40894 29.682482 30.156905 0.94452 0.96809
031 40807 29.642687 30.108197 0.94262 0.96831
032 40620 27.929999 30.024599 0.91098 0.96818
033 40644 27.221296 30.016133 0.90180 0.96733
034 40941 27.377738 30.051409 0.91568 0.96795
035 40879 28.016458 30.064482 0.91890 0.96738
036 40996 28.437437 30.115096 0.92516 0.96792
037 40825 26.863468 30.010194 0.90098 0.96784
038 40640 27.462920 29.943732 0.90625 0.96789
039 40996 27.795161 30.007012 0.91398 0.96797
040 40764 27.089001 29.985037 0.91704 0.96771
041 40697 28.084055 30.003648 0.92042 0.96791
042 40644 27.914465 29.971129 0.91025 0.96754
043 40779 26.654436 29.966540 0.90247 0.96780
044 40867 27.404609 29.941967 0.91182 0.96759
045 40899 27.654596 29.929746 0.90666 0.96759
046 40733 27.032990 29.970928 0.91024 0.96762
047 40682 27.639552 29.989902 0.91414 0.96807
048 40966 28.196530 30.055421 0.92835 0.96781
049 40911 27.476282 29.950354 0.92037 0.96791
050 40729 27.898390 29.926553 0.91240 0.96778
051 40745 27.486201 29.939770 0.90741 0.96818
052 40866 27.088160 30.030068 0.90039 0.96832
053 40724 27.480829 30.039509 0.91552 0.96824
054 40604 27.346009 29.989172 0.90462 0.96786
055 40859 27.252501 30.020717 0.91342 0.96846
056 40971 28.077157 30.049364 0.92183 0.96854
057 40677 27.892884 30.049341 0.91631 0.96852
058 40788 27.239751 30.038894 0.92074 0.96858
059 40955 27.922669 30.073709 0.91380 0.96888
060 40876 28.167143 30.089712 0.92710 0.96867
061 40511 27.468621 30.033703 0.91332 0.96869
062 40755 28.187269 30.129063 0.92112 0.96908
063 40583 27.758391 30.095574 0.91735 0.96917
064 40666 27.305682 30.083058 0.90743 0.96867
065 40812 27.646738 30.071158 0.91348 0.96857
066 40875 27.905704 30.076337 0.90657 0.96863
067 40644 27.399150 30.034232 0.91533 0.96856
068 40705 27.670713 30.005763 0.89831 0.96879
069 40989 27.193458 30.045201 0.88907 0.96829
070 40901 26.996568 30.061377 0.90239 0.96890
071 40842 27.635114 30.076712 0.90431 0.96887
072 40606 27.948371 30.038147 0.90622 0.96856
073 40612 26.701717 30.042233 0.90615 0.96847
074 40972 28.161621 30.093498 0.90935 0.96879
075 40935 27.939366 30.090792 0.91294 0.96897
076 40760 27.536819 30.127942 0.91234 0.96940
077 40973 28.048895 30.181099 0.91110 0.96934
078 40705 26.830348 30.105954 0.89197 0.96919
079 40852 26.800640 30.157718 0.90630 0.96932
080 40818 27.496681 30.156651 0.90511 0.96938
081 40935 27.728724 30.068901 0.91042 0.96908
082 40882 27.097772 30.120125 0.90727 0.96917
083 40736 27.892996 30.094188 0.90186 0.96924
084 40991 27.727929 30.080271 0.89612 0.96891
085 40932 26.943820 30.163337 0.90379 0.96915
086 40786 28.447424 30.114992 0.91749 0.96916
087 40959 28.240618 30.028390 0.92165 0.96847
088 40869 26.851466 30.103950 0.90764 0.96949
089 40699 26.859861 30.149952 0.88620 0.96930
090 40705 26.814938 30.035899 0.89456 0.96880
091 40939 26.741836 30.047262 0.88970 0.96890
092 40572 26.571964 30.038669 0.88689 0.96891
093 40837 27.259412 29.935667 0.90078 0.96857
094 40694 26.709415 29.968018 0.89565 0.96878
095 40884 27.757937 30.021025 0.90953 0.96941
096 40749 27.761740 29.908321 0.91964 0.96882
