006 544 28.710387 10.701697 0.97358 0.31760
007 547 26.277760 10.701982 0.94684 0.31742
008 830 24.334640 10.790137 0.90947 0.31991
009 536 23.059576 10.696998 0.86991 0.31634
010 848 22.072650 10.788430 0.83468 0.31924
011 834 21.773517 10.794747 0.79958 0.31942
012 544 21.186755 10.703658 0.76110 0.31631
013 797 20.787336 10.796889 0.73416 0.31950
014 871 20.400194 10.799639 0.71310 0.31918
015 824 20.433123 10.795443 0.69760 0.31811
016 537 20.312662 10.713400 0.67858 0.31550
017 880 20.510214 10.890981 0.67366 0.32211
018 989 20.422384 10.896080 0.65872 0.32215
019 885 20.290376 10.898633 0.64850 0.32182
020 582 20.065939 10.721959 0.63639 0.31519
021 477 19.823093 10.725535 0.63003 0.31552
022 527 19.720472 10.726368 0.61846 0.31510
023 881 19.631002 10.815021 0.60368 0.31766
024 851 19.441926 10.819320 0.60010 0.31775
025 966 19.381261 10.914100 0.59126 0.32141
026 531 19.254360 10.740847 0.57518 0.31476
027 830 19.321659 10.832118 0.57143 0.31757
028 505 19.224288 10.753326 0.57091 0.31522
029 629 19.155938 10.758912 0.56236 0.31541
030 510 19.060188 10.759362 0.55607 0.31476
031 541 19.005173 10.760170 0.54735 0.31425
032 972 18.866275 10.948874 0.54521 0.32102
033 835 18.790359 10.853190 0.53798 0.31722
034 603 18.680931 10.774715 0.53538 0.31437
035 524 18.647344 10.775459 0.53358 0.31415
036 544 18.714644 10.783452 0.52824 0.31437
037 895 18.612635 10.963639 0.52825 0.32065
038 881 18.484095 10.874332 0.52536 0.31650
039 669 18.450878 10.783232 0.52076 0.31333
040 890 18.432537 10.877525 0.52559 0.31655
041 549 18.465314 10.792532 0.52588 0.31391
042 551 18.523674 10.795666 0.52169 0.31383
043 983 18.445960 10.979330 0.52631 0.31970
044 976 18.343253 10.981581 0.52841 0.32001
045 886 18.538586 10.890457 0.52988 0.31557
046 536 18.596596 10.806447 0.52154 0.31244
047 547 18.638521 10.811614 0.51867 0.31254
048 851 18.649178 10.904208 0.51531 0.31560
049 996 18.542309 11.001125 0.51690 0.31930
050 531 18.475354 10.821940 0.51663 0.31205
051 598 18.485202 10.828446 0.51463 0.31176
052 537 18.564059 10.830784 0.51473 0.31167
053 667 18.525686 10.845238 0.52319 0.31226
054 542 18.518579 10.849102 0.52384 0.31216
055 993 18.440258 11.036395 0.52757 0.31850
056 963 18.372909 11.044174 0.52969 0.31846
057 540 18.416464 10.866367 0.52184 0.31244
058 845 18.450551 10.961716 0.51989 0.31503
059 890 18.420420 11.058343 0.52422 0.31883
060 534 18.426857 10.885466 0.52428 0.31253
061 761 18.306855 10.980117 0.52227 0.31563
062 525 18.258788 10.897853 0.50627 0.31312
063 996 18.475420 11.088088 0.50650 0.31964
064 997 18.498947 11.095178 0.50247 0.31978
065 541 18.482984 10.907788 0.49685 0.31292
066 801 18.381624 11.001870 0.49467 0.31630
067 813 18.286660 10.999390 0.48761 0.31603
068 531 18.245188 10.916669 0.47308 0.31233
069 688 18.183152 11.001077 0.47454 0.31545
070 836 18.151094 11.004551 0.47852 0.31567
071 545 18.112558 10.915854 0.47751 0.31194
072 997 18.057462 11.109595 0.48014 0.31840
073 977 18.010756 11.110209 0.47973 0.31855
074 518 18.048505 10.928420 0.46941 0.31210
075 962 18.065337 11.119238 0.47292 0.31825
076 772 18.055967 11.030779 0.47785 0.31618
077 531 18.079164 10.949740 0.47967 0.31249
078 764 18.091409 11.039167 0.47843 0.31554
079 897 18.052092 11.138976 0.48075 0.31819
080 818 18.009582 11.045979 0.48310 0.31592
081 679 18.262875 11.043293 0.48319 0.31556
082 834 18.287691 11.049413 0.48462 0.31607
083 772 18.231998 11.052213 0.48488 0.31629
084 519 18.192326 10.959111 0.48052 0.31264
085 980 18.156828 11.148708 0.47693 0.31944
086 531 18.092506 10.963405 0.46708 0.31330
087 976 18.037493 11.140251 0.45759 0.31886
088 933 18.020802 11.148757 0.45630 0.31932
089 770 17.962938 11.054040 0.45559 0.31730
090 878 17.912526 11.142786 0.45429 0.31904
091 667 17.963154 11.047762 0.45061 0.31607
092 974 17.956548 11.149791 0.44936 0.31853
093 533 17.938463 10.961310 0.44641 0.31180
094 505 17.986655 10.964570 0.44501 0.31192
095 804 18.015549 11.062446 0.45213 0.31563
096 833 17.990067 11.064803 0.45614 0.31519
