006 40679 30.200490 30.262001 0.95559 0.96810
007 40670 29.454642 30.229972 0.93904 0.96780
008 40903 29.699772 30.196109 0.94811 0.96788
009 40835 29.725525 30.156010 0.94640 0.96784
010 40943 30.021796 30.175210 0.94607 0.96763
011 40968 29.774075 30.199462 0.95039 0.96752
012 40986 30.226015 30.176588 0.95066 0.96717
013 40937 29.717162 30.194060 0.94715 0.96781
014 40733 29.783090 30.160585 0.94662 0.96776
015 40877 29.743053 30.105571 0.94756 0.96807
016 40987 29.621745 30.137213 0.94700 0.96747
017 40989 30.243848 30.123559 0.95463 0.96755
018 40810 29.810490 30.146229 0.94555 0.96777
019 40719 29.706009 30.113711 0.94447 0.96778
020 40794 29.568621 30.108142 0.94205 0.96780
021 40976 29.963992 30.135250 0.95259 0.96778
022 40800 29.814171 30.095806 0.94484 0.96767
023 40958 29.900809 30.101889 0.94970 0.96763
024 40952 29.681137 30.060465 0.94528 0.96751
025 40957 29.669608 30.063939 0.95063 0.96804
026 40927 29.734777 30.051940 0.94487 0.96785
027 40969 30.079750 30.106570 0.95225 0.96834
028 40930 29.318928 30.135755 0.94488 0.96808
029 40970 29.941152 30.168697 0.95032 0.96823
030 40626 29.714911 30.117175 0.94477 0.96796
031 40958 29.780061 30.121665 0.94418 0.96836
032 40784 29.327536 30.045030 0.94545 0.96822
033 40945 29.966722 30.067271 0.95006 0.96748
034 40939 29.619689 30.051409 0.94518 0.96795
035 40968 29.672280 30.070690 0.94604 0.96738
036 40966 29.570937 30.115096 0.94352 0.96792
037 40724 29.579132 29.999474 0.94662 0.96783
038 40917 29.513375 29.972865 0.94062 0.96796
039 40856 29.476929 29.972982 0.94942 0.96780
040 40805 29.766513 29.993792 0.94283 0.96772
041 40987 29.468497 30.044018 0.94843 0.96807
042 40959 29.693819 30.015697 0.94414 0.96774
043 40874 29.528085 29.987701 0.94668 0.96784
044 40886 29.373727 29.946407 0.94368 0.96760
045 40709 29.321200 29.903283 0.94533 0.96755
046 40622 29.794930 29.945640 0.94431 0.96749
047 40835 29.041864 30.008348 0.94389 0.96811
048 40701 29.344510 30.028915 0.94623 0.96777
049 40853 29.309999 29.950354 0.94405 0.96791
050 40946 29.521604 29.947404 0.94230 0.96782
051 40659 29.078905 29.927753 0.94103 0.96815
052 40974 29.639774 30.030068 0.94466 0.96832
053 40721 29.071540 30.039509 0.94292 0.96824
054 40762 29.719645 30.005783 0.94146 0.96790
055 40927 29.580559 30.026225 0.94371 0.96847
056 40945 29.385297 30.049364 0.94046 0.96854
057 40909 29.631348 30.074032 0.94637 0.96857
058 40781 29.603881 30.038894 0.94201 0.96858
059 40904 29.375165 30.062949 0.94174 0.96878
060 40874 29.571357 30.089712 0.93972 0.96867
061 40548 29.336512 30.037689 0.94402 0.96870
062 40696 29.749176 30.122417 0.94363 0.96906
063 40891 29.633754 30.129779 0.94249 0.96926
064 40779 29.511691 30.099586 0.93894 0.96872
065 40978 29.443754 30.097462 0.94276 0.96861
066 40801 29.619825 30.073327 0.93753 0.96863
067 40902 29.550288 30.050622 0.94490 0.96859
068 40970 29.766267 30.035768 0.94403 0.96883
069 40749 29.550707 30.027998 0.94052 0.96825
070 40932 29.527320 30.061377 0.94222 0.96890
071 40876 29.693904 30.076712 0.94533 0.96887
072 40901 29.528264 30.071617 0.94121 0.96861
073 40753 29.474729 30.058578 0.93386 0.96854
074 40858 29.626353 30.086757 0.94179 0.96877
075 40987 29.516546 30.105587 0.93867 0.96899
076 40706 29.331178 30.119485 0.93568 0.96939
077 40936 29.575858 30.181099 0.94362 0.96934
078 40774 29.517577 30.113580 0.93784 0.96920
079 40875 29.523879 30.157718 0.93507 0.96932
080 40732 29.352498 30.151222 0.93921 0.96937
081 40728 29.405480 30.054230 0.93927 0.96904
082 40963 29.675043 30.134302 0.94175 0.96920
083 40990 29.671632 30.133051 0.94130 0.96933
084 40738 29.249960 30.048858 0.93778 0.96884
085 40589 29.282460 30.120883 0.93961 0.96907
086 40887 29.642981 30.127412 0.94040 0.96919
087 40923 29.306246 30.012409 0.93622 0.96844
088 40834 29.304568 30.098552 0.94091 0.96948
089 40944 29.607177 30.183680 0.94034 0.96938
090 40956 29.226192 30.059445 0.93941 0.96884
091 40840 29.515339 30.047262 0.94018 0.96890
092 40901 29.479333 30.075959 0.93898 0.96901
093 40901 29.525212 29.942226 0.94163 0.96858
094 40711 29.424052 29.970161 0.93969 0.96878
095 40697 29.375900 30.000005 0.94012 0.96937
096 40971 29.547429 29.943128 0.93773 0.96889
