006 30798 27.707689 27.342840 0.92066 0.93566
007 30639 26.562545 27.242866 0.89629 0.93381
008 30805 26.776787 27.263222 0.89045 0.93446
009 30872 26.439629 27.305227 0.90494 0.93604
010 30624 27.358176 27.168836 0.90805 0.93281
011 30716 26.723525 27.198704 0.89854 0.93432
012 30989 26.868815 27.271657 0.89291 0.93476
013 30762 26.401881 27.207213 0.90544 0.93371
014 30967 27.243568 27.343335 0.90539 0.93524
015 30689 26.696120 27.143664 0.90151 0.93259
016 30858 27.200232 27.164529 0.90343 0.93368
017 30861 26.571617 27.160273 0.90263 0.93420
018 30619 27.234058 27.201469 0.90105 0.93318
019 30824 26.736556 27.244573 0.89959 0.93429
020 30770 26.818971 27.156308 0.89639 0.93322
021 30622 26.286416 27.113848 0.89340 0.93360
022 30833 27.334244 27.086360 0.91133 0.93410
023 30982 26.509584 27.127105 0.89605 0.93300
024 30849 27.074450 27.033526 0.89682 0.93244
025 30814 26.391382 27.177733 0.90167 0.93482
026 30833 27.114022 27.014540 0.90148 0.93295
027 30968 26.704155 27.145914 0.89982 0.93610
028 30934 27.192937 27.178189 0.91001 0.93451
029 30988 26.652439 27.214168 0.89899 0.93486
030 30547 26.963423 27.073947 0.89524 0.93264
031 30948 26.463774 27.206074 0.89302 0.93598
032 30912 26.873759 27.040778 0.90387 0.93460
033 30910 26.310928 27.112138 0.88979 0.93557
034 30946 27.130776 27.085545 0.90508 0.93382
035 30784 26.522335 27.084327 0.88926 0.93483
036 30892 26.622781 27.108666 0.90209 0.93549
037 30955 26.527793 27.022861 0.89823 0.93530
038 30640 26.983310 26.867405 0.90025 0.93253
039 30690 26.440308 26.847428 0.89027 0.93042
040 30959 26.958946 27.041623 0.90675 0.93599
041 30974 26.320447 27.091424 0.88706 0.93694
042 30797 26.730281 27.007213 0.89942 0.93587
043 30871 26.292708 27.029801 0.88896 0.93536
044 30951 26.656480 26.947929 0.89934 0.93546
045 30996 26.473810 27.002326 0.89646 0.93611
046 30943 27.003325 26.985744 0.90260 0.93610
047 30741 26.178598 26.825379 0.88236 0.93356
048 30731 26.706520 27.014911 0.89585 0.93509
049 30899 26.554105 26.948977 0.89513 0.93572
050 30622 26.360078 26.941002 0.89009 0.93509
051 30970 26.299295 27.003118 0.89224 0.93731
052 30894 26.802876 26.977443 0.89595 0.93675
053 30847 25.800752 27.015279 0.87658 0.93561
054 30947 26.597611 27.003054 0.89647 0.93532
055 30633 26.387888 26.784774 0.88866 0.93238
056 30952 26.199117 27.002751 0.89051 0.93778
057 30932 26.355096 27.036352 0.88406 0.93737
058 30939 26.576000 27.011192 0.89335 0.93660
059 30962 25.760598 26.966529 0.88571 0.93630
060 30876 26.757584 26.985482 0.89084 0.93626
061 30429 26.011217 27.012449 0.87963 0.93711
062 30788 26.388138 27.029009 0.89336 0.93730
063 30785 25.923477 26.986992 0.88310 0.93625
064 30816 26.691775 27.025750 0.88780 0.93727
065 30990 26.271032 27.077751 0.88910 0.93832
066 30697 25.968936 26.911858 0.88192 0.93646
067 30930 26.214254 27.019764 0.88449 0.93794
068 30894 26.325213 26.952204 0.88809 0.93720
069 30892 25.523765 26.883072 0.87743 0.93701
070 30523 26.691125 26.918277 0.90001 0.93554
071 30749 26.130746 26.976002 0.88250 0.93624
072 30822 26.244034 26.869788 0.88056 0.93596
073 30924 26.232771 27.003141 0.88026 0.93713
074 30909 26.237804 26.989499 0.88548 0.93756
075 30926 26.178490 27.003594 0.87768 0.93757
076 30986 26.321817 27.044714 0.88354 0.93680
077 30993 25.864485 27.047274 0.87629 0.93716
078 30871 26.443053 26.986576 0.88894 0.93710
079 30984 26.236038 27.060079 0.88028 0.93665
080 30645 26.287823 26.980388 0.88212 0.93525
081 30864 25.913952 26.947911 0.87159 0.93664
082 30931 26.421099 27.043785 0.88934 0.93753
083 30817 26.104406 26.976402 0.87686 0.93583
084 30871 26.151505 26.903466 0.88599 0.93564
085 30920 26.175512 27.070612 0.88277 0.93731
086 30791 26.338673 27.000078 0.88730 0.93673
087 30874 25.663327 26.823407 0.87513 0.93417
088 30858 26.518608 26.976401 0.88963 0.93518
089 30864 26.006873 26.992427 0.87683 0.93498
090 30598 25.909139 26.854541 0.88029 0.93440
091 30955 25.957175 26.950842 0.87418 0.93511
092 30899 26.293158 26.883579 0.88756 0.93365
093 30932 26.006523 26.791741 0.88573 0.93415
094 30914 26.456175 26.901752 0.89136 0.93528
095 30753 25.752255 26.894126 0.86496 0.93473
096 30769 26.114424 26.727059 0.87681 0.93258
