006 50955 32.118672 32.118672 0.97097 0.97097
007 50938 32.088041 32.060808 0.97072 0.97068
008 50950 32.046862 32.046169 0.97079 0.97078
009 50958 32.025992 32.000519 0.97084 0.97081
010 50987 32.017567 31.995157 0.97051 0.97049
011 50985 32.015949 32.015949 0.97031 0.97031
012 50930 31.993012 31.967738 0.97012 0.97009
013 50974 32.021825 31.999479 0.97067 0.97064
014 50924 32.013742 31.983747 0.97064 0.97065
015 50910 31.932542 31.910747 0.97079 0.97094
016 51000 31.939740 31.925271 0.97050 0.97048
017 50965 31.940108 31.917868 0.97049 0.97040
018 50912 31.965621 31.955522 0.97063 0.97060
019 50933 31.969768 31.961720 0.97078 0.97075
020 50920 31.950331 31.924142 0.97079 0.97067
021 50972 31.937288 31.934570 0.97063 0.97061
022 50929 31.924317 31.927144 0.97059 0.97058
023 50961 31.915726 31.901571 0.97050 0.97043
024 50687 31.869111 31.735435 0.96991 0.97020
025 50955 31.924007 31.869183 0.97082 0.97084
026 50991 31.893521 31.860768 0.97066 0.97068
027 50799 31.927404 31.873040 0.97101 0.97103
028 50988 31.966301 31.951473 0.97090 0.97089
029 50936 31.987756 31.974854 0.97103 0.97101
030 50989 32.007013 31.993331 0.97084 0.97083
031 50994 31.969845 31.968959 0.97109 0.97109
032 50837 31.901910 31.843008 0.97093 0.97092
033 50823 31.898481 31.816026 0.97019 0.97017
034 50763 31.900600 31.766565 0.97069 0.97061
035 50840 31.900546 31.783438 0.97010 0.97007
036 50783 31.927135 31.790530 0.97064 0.97057
037 50909 31.875507 31.811600 0.97061 0.97059
038 50874 31.836944 31.747613 0.97068 0.97065
039 50936 31.838203 31.757087 0.97057 0.97054
040 50822 31.828720 31.743576 0.97042 0.97041
041 50916 31.878998 31.795225 0.97084 0.97082
042 50809 31.836415 31.723898 0.97036 0.97032
043 50906 31.829389 31.747260 0.97066 0.97065
044 50977 31.792392 31.730861 0.97042 0.97041
045 50740 31.793094 31.571547 0.97045 0.97037
046 50963 31.835813 31.765016 0.97046 0.97046
047 50822 31.846132 31.784280 0.97087 0.97085
048 50987 31.848823 31.847106 0.97052 0.97052
049 50965 31.803610 31.741276 0.97060 0.97058
050 50832 31.805733 31.744767 0.97058 0.97056
051 50978 31.820188 31.757537 0.97123 0.97118
052 50781 31.848043 31.721166 0.97100 0.97094
053 50787 31.872030 31.739296 0.97098 0.97090
054 50976 31.865666 31.843597 0.97073 0.97071
055 50859 31.857719 31.786268 0.97107 0.97105
056 50898 31.851644 31.778349 0.97117 0.97111
057 50809 31.887368 31.813937 0.97122 0.97116
058 50872 31.867674 31.803681 0.97129 0.97127
059 50802 31.871198 31.802308 0.97158 0.97155
060 50783 31.906056 31.834751 0.97137 0.97134
061 50793 31.917617 31.822815 0.97162 0.97157
062 50978 31.940004 31.940004 0.97192 0.97192
063 50863 31.964760 31.909206 0.97202 0.97203
064 50981 31.936020 31.936020 0.97152 0.97152
065 50899 31.920513 31.861711 0.97126 0.97128
066 50959 31.908340 31.887917 0.97148 0.97146
067 50980 31.872914 31.872914 0.97136 0.97136
068 50972 31.859590 31.841223 0.97151 0.97149
069 50924 31.844693 31.823833 0.97091 0.97098
070 50981 31.874334 31.862173 0.97162 0.97161
071 50997 31.913642 31.904035 0.97157 0.97155
072 50930 31.895964 31.894784 0.97140 0.97140
073 50857 31.923133 31.873165 0.97135 0.97135
074 50843 31.906045 31.904709 0.97151 0.97150
075 50865 31.945696 31.886649 0.97179 0.97176
076 50980 31.980101 31.956331 0.97222 0.97219
077 50997 32.007147 32.007147 0.97215 0.97215
078 50977 31.975206 31.968132 0.97208 0.97207
079 50945 31.997159 31.995775 0.97210 0.97209
080 50961 31.997257 31.996529 0.97227 0.97226
081 50985 31.906562 31.906562 0.97187 0.97187
082 50925 31.965798 31.964884 0.97214 0.97214
083 50984 31.975267 31.974269 0.97228 0.97228
084 50754 31.939421 31.857035 0.97180 0.97176
085 50969 32.010563 32.010088 0.97200 0.97200
086 50907 31.982143 31.981556 0.97224 0.97224
087 50800 31.881384 31.786168 0.97131 0.97123
088 50960 31.970525 31.970053 0.97249 0.97249
089 50974 32.049009 32.048612 0.97233 0.97233
090 50862 31.944692 31.884835 0.97169 0.97169
091 50990 31.956306 31.956306 0.97191 0.97191
092 50990 31.950016 31.935549 0.97196 0.97194
093 50919 31.854865 31.798440 0.97158 0.97155
094 50849 31.910820 31.848557 0.97173 0.97169
095 50850 31.951302 31.888736 0.97232 0.97228
096 50910 31.877330 31.820767 0.97190 0.97188
