006 10619 23.896997 12.756607 0.83352 0.56331
007 10737 22.297258 12.903993 0.74109 0.57614
008 10925 21.881347 12.905457 0.70530 0.57640
009 10892 21.751280 12.901580 0.69329 0.57670
010 10966 21.717978 12.904830 0.68809 0.57471
011 10840 21.402455 12.916431 0.69268 0.57685
012 10879 21.523198 12.911676 0.69035 0.57503
013 10956 21.241630 12.921437 0.67075 0.57695
014 10870 21.484567 12.926410 0.66130 0.57667
015 10735 21.481428 12.921079 0.67697 0.57450
016 10856 21.400998 12.930293 0.68501 0.57544
017 10870 21.468620 12.929718 0.68666 0.57502
018 10966 21.740910 12.937901 0.68610 0.57628
019 10799 21.424848 12.943001 0.69048 0.57579
020 10921 21.598906 12.945221 0.68862 0.57525
021 10937 21.722481 12.951362 0.69504 0.57644
022 10833 21.492706 12.952561 0.68268 0.57509
023 10830 21.472107 12.961446 0.67385 0.57646
024 10653 21.340618 12.806720 0.65521 0.56049
025 10931 21.355386 12.972467 0.68351 0.57562
026 10887 21.473985 12.984646 0.68592 0.57646
027 10882 21.427597 12.986577 0.68321 0.57497
028 10824 21.879304 13.002935 0.68428 0.57798
029 10773 21.157165 13.012248 0.68367 0.57659
030 10685 21.348412 12.853221 0.66319 0.56146
031 10803 21.171403 13.019855 0.66434 0.57666
032 10915 21.446467 13.028906 0.65725 0.57468
033 10972 21.065453 13.030187 0.67446 0.57772
034 10923 21.287177 13.040630 0.67197 0.57553
035 10772 21.390159 12.882401 0.68840 0.56161
036 10997 21.532771 13.057228 0.68068 0.57715
037 10840 21.182418 13.053159 0.67976 0.57496
038 10825 21.441257 13.058947 0.66626 0.57688
039 10895 21.114946 13.054990 0.67034 0.57406
040 10556 21.544173 12.899809 0.66779 0.56125
041 10746 20.971498 12.904993 0.66783 0.56108
042 10928 21.160429 13.074134 0.65249 0.57572
043 10753 21.027889 12.917109 0.66733 0.56170
044 10743 21.260147 12.918543 0.66682 0.56023
045 10832 21.022363 13.081944 0.67501 0.57434
046 10675 21.376820 12.926636 0.66890 0.55985
047 10609 21.067110 12.935102 0.66727 0.56068
048 10803 21.058484 12.943538 0.65851 0.56151
049 10938 21.091451 13.107973 0.66681 0.57575
050 10582 21.277504 12.952112 0.67084 0.55995
051 10756 21.010906 12.962499 0.67184 0.56086
052 10802 21.365244 13.123045 0.66381 0.57475
053 10745 21.054358 12.985183 0.66950 0.56150
054 10848 21.143787 13.143620 0.66684 0.57548
055 10588 21.124545 12.995675 0.66528 0.56007
056 10755 21.072357 13.007175 0.65763 0.56212
057 10987 20.728920 13.165726 0.64453 0.57625
058 10616 20.672552 13.019635 0.63272 0.56113
059 10745 20.973502 13.027558 0.64505 0.56218
060 10751 20.839941 13.041306 0.63757 0.56104
061 10843 20.708229 13.045829 0.64580 0.56237
062 10841 20.967913 13.210041 0.65167 0.57796
063 10971 20.666178 13.218319 0.62996 0.57697
064 10894 20.661676 13.225152 0.62246 0.57691
065 10971 20.650921 13.221650 0.64064 0.57732
066 10861 20.748805 13.225753 0.63751 0.57741
067 10798 20.597545 13.220276 0.63590 0.57646
068 10849 20.520699 13.230883 0.63179 0.57706
069 10975 20.412050 13.222782 0.63650 0.57646
070 10635 20.675560 13.085745 0.64024 0.56069
071 10904 20.618589 13.229617 0.63316 0.57758
072 10668 20.464507 13.107005 0.61366 0.56292
073 10978 20.493761 13.234831 0.63261 0.57526
074 10980 20.682726 13.240060 0.63754 0.57756
075 10923 20.514366 13.247595 0.63140 0.57788
076 10674 20.493647 13.129266 0.61880 0.56231
077 10942 20.558034 13.265072 0.62794 0.57767
078 10937 20.567503 13.265421 0.62036 0.57809
079 10771 20.414377 13.150173 0.62476 0.56269
080 10657 20.490224 13.152464 0.61032 0.56305
081 10682 20.254470 13.149148 0.61270 0.56236
082 10774 20.299508 13.156136 0.60310 0.56249
083 10926 20.509540 13.273646 0.62420 0.57878
084 10983 20.329074 13.264872 0.63104 0.57802
085 10912 20.785709 13.268170 0.63497 0.57786
086 10929 20.625252 13.268685 0.63926 0.57960
087 10814 20.396783 13.152407 0.62967 0.56400
088 10759 20.436265 13.263038 0.62203 0.57724
089 10710 20.470495 13.163180 0.62515 0.56433
090 10724 20.335226 13.155683 0.60796 0.56443
091 10963 20.472809 13.252091 0.62650 0.57810
092 10908 20.485040 13.260974 0.63970 0.57759
093 10917 20.568611 13.255794 0.63541 0.57744
094 10839 20.466838 13.169430 0.61859 0.56268
095 10876 20.307559 13.272500 0.62933 0.57812
096 10788 20.575679 13.177212 0.63263 0.56175
