006 20960 25.669382 17.823320 0.88218 0.83190
007 20746 24.314702 17.303449 0.82177 0.81920
008 20903 24.284499 17.811094 0.83674 0.82935
009 20918 24.082548 17.807886 0.82504 0.83123
010 20609 24.347515 17.294063 0.82637 0.81704
011 20954 23.949369 17.812849 0.84452 0.83094
012 20735 24.888426 17.298776 0.85012 0.81731
013 20971 24.113362 17.813711 0.82419 0.82998
014 20892 24.251573 17.822367 0.83582 0.83013
015 20679 24.212562 17.301391 0.83100 0.81696
016 20652 23.923931 17.312991 0.82593 0.81855
017 20595 24.187190 17.304838 0.83877 0.81774
018 20793 24.494360 17.311179 0.85037 0.81883
019 20894 24.477999 17.309879 0.83360 0.81798
020 20912 23.851146 17.812040 0.82268 0.82878
021 20909 24.496557 17.312778 0.82476 0.81891
022 20968 23.866229 17.798324 0.82907 0.82891
023 21000 24.178846 17.809197 0.83774 0.82912
024 20983 24.249507 17.797978 0.82825 0.82819
025 20673 24.276862 17.295449 0.80950 0.81734
026 20385 23.546043 16.756386 0.81378 0.80642
027 20994 24.124778 17.787669 0.82453 0.82780
028 20778 23.946664 17.320906 0.81590 0.82058
029 20822 24.041462 17.311411 0.82273 0.81801
030 20933 23.903202 17.309230 0.81992 0.81783
031 20868 24.191963 17.313601 0.81864 0.81949
032 20936 23.774583 17.292850 0.80966 0.81582
033 20938 23.812140 17.805135 0.81557 0.83033
034 20876 24.047241 17.299102 0.81620 0.81629
035 20531 23.754675 17.303250 0.79336 0.81735
036 20770 23.549215 17.314762 0.81082 0.81886
037 20903 24.130596 17.788689 0.81915 0.82645
038 20972 23.961996 17.305441 0.81374 0.81871
039 20812 23.959732 17.292433 0.81182 0.81462
040 20892 23.360430 17.307678 0.79966 0.81812
041 20608 24.192847 16.790675 0.80994 0.80591
042 20779 23.884935 17.310873 0.81255 0.81767
043 20964 23.664526 17.322264 0.80945 0.81813
044 20786 23.844914 17.302468 0.80873 0.81519
045 20966 24.185358 17.315434 0.83118 0.81673
046 20527 23.785900 16.806094 0.81669 0.80450
047 20870 23.941755 17.326967 0.80940 0.81812
048 20781 23.833080 17.341127 0.81178 0.81781
049 20908 23.450273 17.325094 0.81890 0.81748
050 20555 24.005323 17.331592 0.80909 0.81669
051 20989 23.742463 17.856979 0.81327 0.82961
052 20895 23.670625 17.337420 0.79241 0.81785
053 20879 23.346702 17.359477 0.80232 0.81796
054 20946 23.752442 17.878319 0.81853 0.82880
055 20955 23.619196 17.352856 0.81647 0.81702
056 20604 23.697782 16.893331 0.80054 0.80830
057 20562 23.739946 16.899086 0.80968 0.80718
058 20987 23.524973 17.371010 0.79357 0.81834
059 20915 23.718917 17.374333 0.80684 0.81960
060 20587 23.549399 16.918319 0.80250 0.80594
061 20833 23.566210 17.392475 0.79416 0.82056
062 20691 23.396051 17.401999 0.79521 0.82101
063 20955 23.701184 17.399519 0.80538 0.81898
064 20658 23.561501 17.408159 0.79101 0.82037
065 20999 23.618234 17.951013 0.81087 0.83152
066 20988 23.413342 17.399593 0.79991 0.81933
067 20864 23.297114 17.946542 0.79301 0.83049
068 20704 23.512732 17.410950 0.80069 0.81961
069 20992 23.449995 17.943012 0.79959 0.83080
070 20884 23.672255 17.398652 0.80060 0.81794
071 20561 23.219147 16.970712 0.79322 0.80880
072 20971 23.402229 17.409736 0.78445 0.81944
073 20571 23.111179 17.409013 0.77488 0.81745
074 20800 23.380727 17.422818 0.78809 0.82022
075 20892 23.238927 17.432381 0.79692 0.82047
076 20950 23.705369 17.438837 0.80254 0.81897
077 20887 23.393878 17.448612 0.78985 0.82019
078 20634 23.378923 16.998655 0.77789 0.81029
079 20740 23.039888 17.458457 0.77869 0.81961
080 20995 23.140606 17.456742 0.78766 0.81959
081 20724 23.325254 17.450810 0.79423 0.81999
082 20764 23.651735 17.465433 0.80433 0.81996
083 20999 23.236466 17.469848 0.78532 0.82019
084 20774 23.351545 16.999059 0.79415 0.80758
085 20640 23.718958 17.021294 0.80330 0.80834
086 20863 23.237804 17.484526 0.79171 0.82109
087 20733 23.377028 17.463092 0.79728 0.81901
088 20789 23.416685 17.481918 0.78627 0.81748
089 20753 22.969923 17.499043 0.76875 0.81946
090 20930 23.402303 17.486772 0.79041 0.81957
091 20816 23.040778 17.495545 0.78534 0.81784
092 20799 23.267533 17.497596 0.78663 0.81686
093 20866 23.323511 17.481501 0.80217 0.81672
094 20797 23.540057 17.498857 0.79504 0.81761
095 20828 23.194602 17.512640 0.78197 0.81801
096 20913 23.277793 17.494678 0.77939 0.81568
