002 16975 45.592513 32.156179 0.98614 0.93717
003 16847 44.853522 32.224958 0.98457 0.93731
004 16903 45.002913 32.230431 0.98509 0.93750
005 17000 44.531948 32.231206 0.98383 0.93789
006 16926 45.053074 32.235136 0.98493 0.93777
007 16957 45.103257 32.239426 0.98433 0.93796
008 16719 44.984859 32.228220 0.98463 0.93735
009 16983 44.699435 32.214244 0.98432 0.93779
010 16941 44.660639 32.243745 0.98447 0.93754
011 16893 44.604234 32.238834 0.98324 0.93726
012 16972 44.394505 32.276638 0.98283 0.93801
013 16908 44.768538 32.244482 0.98345 0.93782
014 16849 44.797704 32.250695 0.98378 0.93733
015 16992 44.569201 32.227059 0.98289 0.93789
016 16914 44.191928 32.254536 0.98209 0.93745
017 16721 44.412121 32.247707 0.98281 0.93709
018 16936 44.435283 32.202927 0.98298 0.93758
019 16993 44.076075 32.193768 0.98034 0.93744
020 16986 44.393593 32.216807 0.98057 0.93742
021 16996 44.214272 32.181626 0.98079 0.93746
022 17000 44.302956 32.174780 0.98068 0.93736
023 16931 44.049056 32.183426 0.98096 0.93730
024 16981 44.005126 32.181210 0.98141 0.93758
025 16932 44.381608 32.291306 0.98119 0.93903
026 16918 43.555602 32.025558 0.97999 0.93411
027 16990 44.047813 32.059831 0.97963 0.93489
028 16930 43.912875 32.019899 0.97896 0.93411
029 16673 43.961664 31.984066 0.97940 0.93284
030 16987 43.505368 32.197341 0.97708 0.93671
031 16934 43.972204 32.058249 0.98011 0.93453
032 16950 43.561348 32.332989 0.97773 0.93868
033 17000 43.876898 32.069771 0.97923 0.93451
034 16837 43.753186 32.094540 0.97955 0.93491
035 16951 43.718503 32.012856 0.97810 0.93369
036 16966 43.785276 31.987206 0.97843 0.93305
037 16995 43.624704 32.151164 0.97748 0.93603
038 16941 43.773520 31.983320 0.98004 0.93332
039 16884 43.637783 32.366261 0.97889 0.93965
040 16995 43.882369 32.191505 0.97936 0.93677
041 16916 43.543112 32.752928 0.97840 0.94493
042 16994 43.828181 32.549161 0.98004 0.94177
043 16911 43.836547 32.657453 0.98068 0.94351
044 16994 43.122833 32.286620 0.97864 0.93769
045 16882 44.196824 32.322898 0.98051 0.93790
046 16998 43.539820 32.101438 0.97880 0.93454
047 16989 44.120522 32.121905 0.97965 0.93545
048 16717 43.847341 32.032243 0.97813 0.93285
049 16871 44.058343 32.002274 0.98108 0.93326
050 16976 43.341664 32.154142 0.97849 0.93553
