002 15877 45.492774 32.131289 0.98576 0.93493
003 15955 44.945952 32.206244 0.98482 0.93556
004 15872 44.874759 32.208613 0.98468 0.93541
005 15697 45.017952 32.204442 0.98408 0.93539
006 15884 44.878233 32.211684 0.98430 0.93580
007 15998 44.780204 32.218685 0.98400 0.93600
008 15950 44.836342 32.210743 0.98413 0.93564
009 15899 44.552317 32.189456 0.98382 0.93558
010 15994 44.708248 32.222320 0.98351 0.93543
011 15987 44.666620 32.220028 0.98334 0.93538
012 15912 44.440356 32.250514 0.98270 0.93577
013 15974 44.493696 32.224789 0.98267 0.93575
014 15965 44.628052 32.231362 0.98330 0.93534
015 15680 44.381533 32.196902 0.98231 0.93519
016 15776 44.046902 32.229309 0.98168 0.93507
017 15971 44.154691 32.232031 0.98073 0.93559
018 15926 44.153998 32.179566 0.98224 0.93536
019 15998 43.877044 32.172317 0.97996 0.93529
020 15989 43.953066 32.194596 0.97981 0.93543
021 15876 43.957458 32.158362 0.97987 0.93528
022 15974 43.900903 32.152327 0.97969 0.93530
023 15922 43.245085 32.161679 0.97931 0.93523
024 15965 43.920361 32.157459 0.98068 0.93543
025 15925 43.985313 32.269256 0.97865 0.93688
026 15944 43.315629 32.005890 0.97765 0.93206
027 15976 43.033845 32.039404 0.97699 0.93285
028 15932 43.070412 32.000124 0.97825 0.93221
029 15953 43.602324 31.969876 0.97948 0.93132
030 15785 43.241381 32.170930 0.97688 0.93446
031 15991 43.831134 32.039899 0.97858 0.93257
032 15990 43.256585 32.311255 0.97683 0.93663
033 15980 43.828824 32.046876 0.97901 0.93239
034 15953 43.730931 32.075374 0.98030 0.93301
035 15978 43.434923 31.991570 0.97780 0.93162
036 15969 43.768133 31.965660 0.97793 0.93086
037 15845 43.629389 32.127601 0.97822 0.93374
038 15928 43.650964 31.961235 0.97923 0.93107
039 15960 43.166623 32.344162 0.97771 0.93764
040 15953 43.915752 32.167541 0.97968 0.93457
041 15956 43.597518 32.732101 0.97839 0.94312
042 15688 43.822136 32.518905 0.98048 0.93916
043 15697 43.755069 32.627490 0.97913 0.94116
044 15959 43.426182 32.264148 0.97751 0.93575
045 15913 44.124973 32.301853 0.98097 0.93589
046 16000 43.706773 32.078543 0.97882 0.93237
047 15980 44.044571 32.097862 0.97876 0.93323
048 15984 43.545976 32.015624 0.97717 0.93126
049 15897 43.584845 31.981740 0.97944 0.93112
050 15834 43.696998 32.127885 0.97918 0.93319
