002 925 37.813598 10.449303 0.97313 0.46715
003 979 35.458224 10.461974 0.97085 0.46853
004 969 36.646365 10.471854 0.97000 0.46958
005 991 36.204966 10.609223 0.97150 0.48124
006 958 35.863519 10.487532 0.96842 0.47049
007 977 35.204892 10.494554 0.96762 0.47108
008 957 36.182989 10.498393 0.96831 0.47137
009 929 35.395738 10.504178 0.96721 0.47181
010 965 35.236768 10.507994 0.96656 0.47198
011 966 35.057233 10.510539 0.96623 0.47228
012 944 34.786556 10.513377 0.96574 0.47288
013 929 36.976851 10.515951 0.97065 0.47296
014 892 36.713002 10.383640 0.97010 0.46175
015 960 36.361310 10.519359 0.96886 0.47396
016 916 35.928277 10.521909 0.96870 0.47358
017 917 37.350040 10.524184 0.97024 0.47343
018 933 36.301716 10.525644 0.96985 0.47393
019 943 37.595732 10.527773 0.97110 0.47386
020 931 36.839452 10.528985 0.96960 0.47400
021 938 36.432269 10.531627 0.96849 0.47402
022 973 36.777385 10.533011 0.96907 0.47417
023 900 36.332527 10.535270 0.96616 0.47424
024 905 36.242104 10.535589 0.96630 0.47431
025 950 36.331287 10.537280 0.96755 0.47571
026 940 36.220556 10.535191 0.96476 0.47173
027 913 37.073854 10.537148 0.96683 0.47254
028 910 36.526371 10.539218 0.96553 0.47198
029 915 37.230114 10.538981 0.96647 0.47190
030 950 35.832863 10.545931 0.96200 0.47416
031 888 36.713714 10.408426 0.96544 0.46114
032 980 36.498055 10.551079 0.96415 0.47607
033 942 37.009638 10.546577 0.96470 0.47257
034 923 36.190797 10.548874 0.96266 0.47321
035 940 36.745295 10.548235 0.96515 0.47265
036 919 36.721764 10.550417 0.96540 0.47211
037 919 36.856510 10.553443 0.96713 0.47420
038 960 36.991764 10.553332 0.96601 0.47263
039 794 36.774710 10.189084 0.96629 0.44586
040 912 36.799197 10.559150 0.96698 0.47480
041 995 36.816576 10.570278 0.96760 0.48292
042 893 37.509371 10.408683 0.96755 0.46677
043 963 37.616508 10.545398 0.96933 0.48016
044 925 37.193951 10.541954 0.96743 0.47502
045 914 37.320469 10.543050 0.96722 0.47574
046 934 37.308089 10.543254 0.96732 0.47307
047 954 37.020314 10.545597 0.96628 0.47371
048 991 36.553694 10.546635 0.96254 0.47268
049 928 36.861225 10.547958 0.96334 0.47278
050 936 37.242366 10.551977 0.96499 0.47404
