002 3978 44.401836 27.584124 0.98217 0.82480
003 3876 43.714027 27.586064 0.98078 0.82485
004 3946 43.831239 27.615146 0.98076 0.82571
005 3942 43.805083 27.604640 0.98075 0.82606
006 3940 43.517408 27.623167 0.98028 0.82639
007 3997 43.554924 27.615790 0.98025 0.82636
008 3947 43.411184 27.632230 0.98006 0.82618
009 3988 43.303042 27.609741 0.98003 0.82600
010 3967 43.313950 27.641673 0.97910 0.82700
011 3998 43.144191 27.636651 0.97880 0.82629
012 3981 42.475040 27.624147 0.97783 0.82662
013 3979 42.684105 27.616423 0.97815 0.82655
014 3955 42.743258 27.601465 0.97836 0.82633
015 3911 42.304465 27.603554 0.97774 0.82639
016 3909 42.013057 27.611622 0.97745 0.82591
017 3918 41.804012 27.602061 0.97717 0.82581
018 3920 41.462760 27.600977 0.97689 0.82575
019 3955 41.391978 27.593331 0.97628 0.82601
020 3957 40.701804 27.594296 0.97580 0.82602
021 3995 39.848014 27.579936 0.97495 0.82621
022 3977 39.506421 27.577528 0.97397 0.82550
023 3929 39.756253 27.587319 0.97428 0.82577
024 3957 39.471154 27.577120 0.97182 0.82538
025 3876 39.460841 27.619087 0.97444 0.82717
026 3887 39.290383 27.430122 0.97063 0.81953
027 3976 40.207554 27.472493 0.97320 0.82089
028 3948 39.859338 27.442211 0.97038 0.82092
029 3979 40.174751 27.430790 0.97007 0.81962
030 3961 38.994786 27.524564 0.96699 0.82356
031 3998 40.275122 27.461939 0.96991 0.82116
032 3981 39.406001 27.624535 0.96757 0.82605
033 3987 40.633679 27.468166 0.96987 0.82081
034 3991 39.402576 27.468353 0.96741 0.82088
035 3937 40.220565 27.438470 0.96952 0.81994
036 3981 39.719502 27.413251 0.96731 0.81910
037 3886 40.252501 27.515960 0.96904 0.82138
038 3967 39.874803 27.433326 0.96838 0.81980
039 3994 40.920662 27.664829 0.97062 0.82774
040 3986 41.068221 27.540501 0.97059 0.82386
041 3920 40.289395 27.931421 0.96982 0.83533
042 3953 41.139344 27.807453 0.97133 0.83156
043 3964 40.791117 27.901208 0.97120 0.83437
044 3905 41.410799 27.622339 0.97204 0.82552
045 3912 41.200201 27.667542 0.97155 0.82549
046 3950 40.371180 27.508985 0.96878 0.82119
047 3946 41.276045 27.509144 0.97129 0.82179
048 3875 40.672183 27.446033 0.96945 0.81883
049 3833 40.924284 27.425961 0.97024 0.81792
050 3909 40.428124 27.518296 0.96944 0.82106
