002 18963 45.237517 32.174762 0.98661 0.93910
003 18978 45.218373 32.246667 0.98553 0.93943
004 18874 45.230698 32.248951 0.98524 0.93942
005 18998 45.492601 32.250791 0.98501 0.93977
006 18654 45.353090 32.254012 0.98541 0.93950
007 18980 44.593860 32.257812 0.98414 0.93985
008 18964 45.259847 32.251472 0.98532 0.93961
009 18922 45.060927 32.232727 0.98534 0.93961
010 18961 45.254395 32.261694 0.98556 0.93941
011 18800 45.082627 32.257828 0.98485 0.93921
012 18686 44.934595 32.292263 0.98480 0.93961
013 18987 45.069458 32.264795 0.98420 0.93978
014 18977 45.046937 32.271864 0.98414 0.93954
015 18992 44.202599 32.244227 0.98156 0.93958
016 18964 43.823420 32.275729 0.98113 0.93955
017 18995 44.754840 32.272156 0.98410 0.93954
018 18756 44.657811 32.216921 0.98227 0.93938
019 18980 44.501228 32.210134 0.98187 0.93915
020 18965 43.888697 32.236659 0.98169 0.93938
021 18941 44.547715 32.204002 0.98110 0.93941
022 18984 44.324247 32.194386 0.98149 0.93922
023 18946 44.443848 32.207161 0.98083 0.93944
024 18957 43.827039 32.202261 0.98086 0.93943
025 18999 44.401133 32.311920 0.98017 0.94101
026 18986 43.778642 32.044589 0.97958 0.93609
027 18883 43.980295 32.076605 0.98033 0.93665
028 18999 44.182720 32.042863 0.98087 0.93625
029 18911 44.044102 32.008904 0.98032 0.93549
030 18928 43.829926 32.215060 0.97820 0.93862
031 18969 44.236702 32.078836 0.97976 0.93659
032 18911 43.765442 32.352017 0.97788 0.94050
033 18970 44.180969 32.089665 0.98023 0.93646
034 18934 44.110316 32.117282 0.98123 0.93712
035 18909 43.996320 32.029844 0.97882 0.93556
036 18968 43.994138 32.007358 0.98026 0.93517
037 18956 44.217141 32.167253 0.97957 0.93790
038 18990 44.075145 32.007675 0.98099 0.93546
039 18798 43.936044 32.388958 0.98123 0.94164
040 18798 44.415274 32.209780 0.98158 0.93859
041 18927 43.830031 32.773535 0.97911 0.94672
042 18979 43.998803 32.564978 0.98034 0.94334
043 18952 44.181396 32.678685 0.98137 0.94542
044 18984 44.363373 32.308966 0.98094 0.93955
045 18970 44.624425 32.345164 0.98139 0.93993
046 18997 43.484987 32.121878 0.97924 0.93654
047 18953 44.529310 32.140357 0.98060 0.93731
048 18941 43.970631 32.056313 0.97986 0.93548
049 18890 44.011910 32.024266 0.98099 0.93533
050 18965 43.958093 32.176670 0.98019 0.93760
