002 13955 44.802825 32.087960 0.98434 0.93125
003 13999 44.293203 32.157081 0.98309 0.93150
004 13823 44.716193 32.155873 0.98418 0.93111
005 13699 44.870837 32.150453 0.98370 0.93105
006 13986 44.778309 32.165041 0.98398 0.93179
007 13980 44.536193 32.174384 0.98338 0.93223
008 13980 44.327455 32.159497 0.98374 0.93161
009 13984 44.417288 32.138984 0.98282 0.93169
010 13942 44.325365 32.172788 0.98243 0.93142
011 13932 44.348674 32.169397 0.98302 0.93114
012 13976 44.367962 32.204747 0.98283 0.93202
013 13695 44.399456 32.164946 0.98191 0.93098
014 13999 44.414673 32.191003 0.98310 0.93175
015 13985 44.171615 32.159352 0.98129 0.93191
016 13862 43.817238 32.181319 0.98077 0.93099
017 13965 43.969126 32.185749 0.98030 0.93166
018 13846 43.771694 32.121895 0.97998 0.93091
019 13975 43.484211 32.129968 0.97877 0.93151
020 13972 43.486855 32.146458 0.97853 0.93145
021 13970 43.584336 32.112710 0.97975 0.93120
022 13937 43.625555 32.107183 0.97961 0.93111
023 13976 43.991453 32.113479 0.97923 0.93127
024 13657 43.924397 32.091697 0.97967 0.93020
025 13969 43.676802 32.219506 0.97811 0.93280
026 13995 42.889387 31.963033 0.97724 0.92815
027 13977 43.512122 31.993622 0.97859 0.92893
028 13979 43.289228 31.954609 0.97786 0.92804
029 13862 43.626883 31.922133 0.97865 0.92700
030 13996 43.119633 32.126839 0.97637 0.93080
031 13939 43.589736 31.991235 0.97812 0.92826
032 13969 42.782623 32.264284 0.97677 0.93270
033 13963 43.598041 31.996705 0.97765 0.92790
034 13987 43.478384 32.028495 0.97959 0.92914
035 13673 43.179238 31.933221 0.97652 0.92630
036 13916 43.489949 31.913265 0.97762 0.92652
037 13993 42.448619 32.081253 0.97632 0.92975
038 13979 43.416266 31.921909 0.97827 0.92734
039 13980 43.174551 32.299913 0.97725 0.93397
040 13959 43.587116 32.119020 0.97778 0.93048
041 13969 42.947137 32.672077 0.97634 0.93912
042 13991 43.373100 32.480016 0.97834 0.93610
043 13907 43.413044 32.585182 0.97893 0.93781
044 13970 43.582873 32.217616 0.97747 0.93178
045 13971 43.879898 32.253431 0.98002 0.93210
046 13963 43.407110 32.028813 0.97712 0.92834
047 14000 43.628813 32.045456 0.97819 0.92908
048 13976 43.279306 31.967039 0.97621 0.92730
049 13889 43.519668 31.931338 0.97855 0.92656
050 13722 43.367408 32.073609 0.97810 0.92854
