002 4967 44.521376 27.635463 0.98322 0.83312
003 4906 43.737840 27.637776 0.98138 0.83343
004 5000 43.898342 27.662970 0.98109 0.83337
005 4956 43.938654 27.651987 0.98073 0.83409
006 4998 43.674750 27.667679 0.98027 0.83364
007 4979 43.580257 27.654578 0.98009 0.83385
008 4986 43.332032 27.679899 0.97985 0.83462
009 4940 43.488589 27.651720 0.98010 0.83381
010 4979 43.334585 27.681820 0.97958 0.83367
011 4988 43.208936 27.678105 0.97922 0.83368
012 4984 42.963956 27.663129 0.97884 0.83448
013 4999 43.051421 27.661442 0.97894 0.83493
014 4943 42.948219 27.645082 0.97892 0.83335
015 4981 42.657828 27.646399 0.97849 0.83402
016 4964 42.343918 27.656865 0.97801 0.83398
017 4975 42.122528 27.649441 0.97793 0.83423
018 4969 42.104862 27.647612 0.97683 0.83418
019 4987 41.466521 27.637878 0.97685 0.83371
020 4992 40.898643 27.639302 0.97516 0.83424
021 4961 39.343970 27.617330 0.97490 0.83337
022 4956 40.057743 27.619940 0.97518 0.83360
023 4975 40.139522 27.630143 0.97499 0.83338
024 4995 40.576977 27.617617 0.97423 0.83253
025 4976 40.569486 27.665762 0.97416 0.83510
026 4791 39.380933 27.471262 0.97214 0.82740
027 4998 41.302298 27.523009 0.97528 0.82971
028 4966 40.742422 27.484575 0.97352 0.82865
029 4954 41.958320 27.473402 0.97476 0.82770
030 4956 40.091985 27.565525 0.97002 0.83067
031 4962 40.782772 27.502179 0.97320 0.82819
032 4988 40.666648 27.667208 0.97128 0.83401
033 4947 41.414907 27.508327 0.97304 0.82831
034 4989 40.996596 27.513622 0.97202 0.82839
035 4983 40.483620 27.483166 0.97155 0.82789
036 4964 41.148510 27.458257 0.97289 0.82751
037 4965 41.601157 27.564585 0.97330 0.83015
038 4986 41.928131 27.478719 0.97405 0.82819
039 5000 41.216754 27.705656 0.97275 0.83511
040 4989 42.196640 27.587694 0.97481 0.83199
041 4981 40.929451 27.977597 0.97234 0.84336
042 4930 41.896494 27.849280 0.97438 0.83941
043 4970 41.335054 27.945464 0.97339 0.84237
044 4963 42.067356 27.670052 0.97434 0.83324
045 4966 41.823965 27.712440 0.97334 0.83418
046 4987 40.949010 27.554419 0.97123 0.82905
047 4979 42.300891 27.549823 0.97446 0.83004
048 4981 41.426885 27.494113 0.97175 0.82711
049 4995 41.891879 27.483273 0.97356 0.82769
050 4906 41.479903 27.565318 0.97205 0.82998
