002 7806 44.765639 27.653490 0.98396 0.83594
003 8000 44.076742 28.216997 0.98228 0.84485
004 7929 44.165229 28.011013 0.98179 0.84253
005 7972 44.318176 28.222031 0.98228 0.84549
006 7723 44.060350 27.677249 0.98135 0.83615
007 7765 44.074381 27.670135 0.98147 0.83618
008 7958 43.708918 28.246996 0.98100 0.84570
009 7937 43.669800 28.218445 0.98126 0.84487
010 7811 43.442937 27.818445 0.97958 0.83909
011 7867 43.322538 27.842595 0.97892 0.83961
012 7954 43.166105 28.234895 0.97896 0.84567
013 7982 43.606175 28.610967 0.97876 0.84955
014 7874 43.629001 27.980758 0.97899 0.84197
015 7970 43.345831 28.220967 0.97894 0.84564
016 7813 43.111849 27.791080 0.97843 0.83850
017 7993 43.303135 28.444895 0.97900 0.84785
018 7793 42.605925 27.659412 0.97791 0.83634
019 7988 42.771138 28.215451 0.97762 0.84526
020 7999 42.484457 28.431308 0.97730 0.84800
021 7992 42.172312 28.403209 0.97545 0.84740
022 7951 42.626094 27.971714 0.97652 0.84217
023 7955 42.456802 27.982134 0.97640 0.84257
024 7997 41.929292 28.440446 0.97601 0.84786
025 7983 41.388565 28.241523 0.97576 0.84699
026 7980 41.220978 28.056528 0.97544 0.84059
027 7970 41.644082 27.872260 0.97528 0.83817
028 7962 41.464594 27.839654 0.97378 0.83786
029 7973 41.593777 28.037593 0.97461 0.83959
030 7993 40.807612 28.371854 0.97310 0.84613
031 7992 41.636241 28.084191 0.97571 0.84120
032 7998 40.958921 28.268962 0.97293 0.84636
033 7912 42.205119 27.852013 0.97481 0.83756
034 7989 42.065405 28.097064 0.97374 0.84073
035 7958 42.166759 28.041071 0.97344 0.83938
036 7965 42.460402 27.799491 0.97480 0.83577
037 7932 42.556524 27.909635 0.97522 0.83946
038 7962 42.280345 28.037954 0.97471 0.83956
039 7950 41.888595 28.064792 0.97369 0.84467
040 7891 42.417102 27.750280 0.97468 0.83742
041 7986 41.874037 28.805394 0.97242 0.85731
042 7982 42.333498 28.702426 0.97322 0.85447
043 7723 42.349842 27.958297 0.97462 0.84509
044 7980 42.730806 28.454523 0.97459 0.84701
045 7967 42.877954 28.279898 0.97543 0.84616
046 7979 42.502009 28.121272 0.97421 0.84122
047 7994 42.713616 28.115712 0.97588 0.84198
048 7979 42.142357 28.054791 0.97291 0.83921
049 7915 42.420413 27.817942 0.97381 0.83626
050 7996 42.204812 28.142827 0.97301 0.84211
