002 2987 43.934726 27.448251 0.98130 0.80916
003 2987 43.098052 27.447541 0.98047 0.80920
004 2978 42.398700 27.474017 0.97954 0.80964
005 2786 38.990183 27.447890 0.97700 0.80834
006 2822 38.887943 27.451960 0.97608 0.80740
007 2791 38.590382 27.441704 0.97521 0.80688
008 2905 39.836464 27.490542 0.97583 0.81050
009 2747 42.673903 21.284756 0.97864 0.78600
010 2976 42.931333 27.509748 0.97867 0.81211
011 2984 42.789560 27.501573 0.97876 0.81152
012 2986 42.559335 27.471386 0.97839 0.81017
013 2902 42.571127 27.469436 0.97841 0.81015
014 2917 42.392869 27.445285 0.97855 0.80963
015 2872 41.490959 27.449856 0.97684 0.81005
016 2949 41.142567 27.466190 0.97670 0.81047
017 2853 41.218099 27.453607 0.97644 0.80789
018 2983 40.556525 27.455178 0.97592 0.80943
019 2893 40.428592 27.433342 0.97581 0.80805
020 2996 39.832796 27.461687 0.97399 0.81071
021 2996 38.443344 27.440440 0.97308 0.81098
022 2948 38.926460 27.432686 0.97309 0.80952
023 2993 38.996455 27.455977 0.97286 0.81034
024 2919 39.029791 27.421882 0.97262 0.80792
025 2909 39.170669 27.472929 0.97317 0.81085
026 2919 38.746610 27.291326 0.97073 0.80404
027 2979 38.800711 27.333145 0.97193 0.80512
028 2974 38.687949 27.306551 0.97104 0.80409
029 2955 38.359961 27.293231 0.96929 0.80355
030 2946 37.205153 27.379593 0.96555 0.80743
031 2900 38.763645 27.311200 0.97079 0.80443
032 2889 38.057463 27.472070 0.96670 0.80961
033 2837 38.736523 27.314886 0.96886 0.80373
034 2961 38.315563 27.321103 0.96800 0.80540
035 2902 38.302772 27.292476 0.96832 0.80250
036 2762 38.740580 21.247070 0.96940 0.77894
037 2845 39.093239 27.362723 0.97121 0.80428
038 2950 38.300849 27.296374 0.96808 0.80316
039 2985 39.188345 27.531436 0.97111 0.81255
040 2927 39.789981 27.392580 0.97063 0.80751
041 2909 38.899439 27.785628 0.96918 0.81970
042 3000 39.417135 27.676804 0.96987 0.81778
043 2940 39.838270 27.744014 0.97072 0.81771
044 2957 39.930334 27.481238 0.97002 0.80953
045 2710 40.927493 21.297481 0.97269 0.78758
046 2950 40.149939 27.371503 0.96991 0.80615
047 2971 40.745924 27.368797 0.97198 0.80581
048 2963 40.176760 27.305101 0.96958 0.80292
049 2981 40.485376 27.296961 0.96974 0.80352
050 2880 39.997445 27.369242 0.96761 0.80532
