002 12752 45.259227 32.031286 0.98533 0.92751
003 12936 44.554100 32.116360 0.98337 0.92813
004 12978 44.166406 32.122429 0.98303 0.92868
005 12923 44.772483 32.118507 0.98380 0.92848
006 12983 44.450082 32.127943 0.98290 0.92854
007 12969 44.414628 32.134109 0.98302 0.92885
008 12968 44.291495 32.123104 0.98315 0.92853
009 12860 44.439163 32.091074 0.98278 0.92813
010 12943 44.293846 32.126961 0.98168 0.92799
011 12978 44.251865 32.131626 0.98225 0.92831
012 12967 44.228723 32.163940 0.98292 0.92868
013 12891 44.312070 32.128780 0.98193 0.92839
014 12945 44.240322 32.145747 0.98165 0.92830
015 12981 43.365461 32.115238 0.97996 0.92856
016 12737 43.753856 32.132488 0.98030 0.92780
017 12972 43.966619 32.146826 0.98090 0.92869
018 12997 43.223353 32.089218 0.97841 0.92829
019 12904 43.505088 32.084672 0.97957 0.92800
020 12924 43.741568 32.107461 0.97917 0.92816
021 12988 43.208435 32.071780 0.97810 0.92815
022 12982 43.840572 32.071336 0.97921 0.92824
023 12826 43.711305 32.064755 0.97975 0.92769
024 12972 43.122922 32.064166 0.97727 0.92810
025 12953 43.652237 32.178425 0.97860 0.92973
026 12944 42.967979 31.923017 0.97730 0.92492
027 13000 43.436541 31.955372 0.97806 0.92578
028 12923 43.255584 31.913015 0.97792 0.92456
029 12958 42.314769 31.883230 0.97682 0.92393
030 12998 42.873991 32.084585 0.97596 0.92738
031 12919 43.239020 31.949925 0.97809 0.92486
032 12994 43.067382 32.222047 0.97615 0.92968
033 12978 43.412424 31.954161 0.97781 0.92459
034 12998 43.377935 31.988054 0.97829 0.92597
035 12890 42.935839 31.900509 0.97634 0.92380
036 12950 43.264495 31.875181 0.97669 0.92347
037 12887 43.114164 32.035912 0.97649 0.92610
038 12959 43.094925 31.880360 0.97746 0.92401
039 12907 42.954481 32.249708 0.97717 0.93029
040 12958 43.464665 32.080128 0.97810 0.92747
041 12904 42.973656 32.627532 0.97639 0.93575
042 12655 43.405847 32.414284 0.97876 0.93193
043 12969 43.264576 32.547469 0.97722 0.93495
044 12991 43.503395 32.177358 0.97745 0.92869
045 12977 42.762362 32.211456 0.97659 0.92907
046 12987 41.993129 31.990545 0.97422 0.92526
047 12884 42.490094 32.002576 0.97540 0.92538
048 12975 42.122927 31.924315 0.97430 0.92380
049 12957 42.297846 31.894470 0.97624 0.92390
050 12991 43.060362 32.045722 0.97711 0.92624
