002 8957 43.583915 30.788372 0.98362 0.88898
003 8964 44.194511 30.844107 0.98263 0.88917
004 8988 44.324394 30.894405 0.98273 0.89047
005 8934 44.347165 30.843284 0.98226 0.89007
006 8929 44.005317 30.834326 0.98146 0.88878
007 8969 44.204416 30.884660 0.98191 0.89041
008 8665 43.901543 29.924474 0.98174 0.87512
009 8852 43.817670 30.552210 0.98168 0.88512
010 8956 42.910697 30.900525 0.97925 0.88986
011 8937 43.145525 30.708758 0.97839 0.88715
012 8851 42.998375 30.592835 0.97778 0.88556
013 8994 43.506050 31.064432 0.97893 0.89250
014 8854 43.739344 30.583107 0.97974 0.88476
015 8934 43.638574 30.819655 0.98016 0.88903
016 8890 43.255504 30.684739 0.97896 0.88644
017 8855 43.484854 30.585474 0.97884 0.88547
018 8886 43.290665 30.545645 0.97828 0.88529
019 8954 42.805571 30.825871 0.97801 0.88944
020 8969 43.007490 30.891769 0.97753 0.89075
021 8997 42.479559 31.035431 0.97618 0.89262
022 8967 41.933726 30.796570 0.97615 0.88874
023 8986 42.671640 30.850627 0.97696 0.88969
024 8963 43.019433 30.853560 0.97703 0.89052
025 8976 43.102590 30.960048 0.97753 0.89274
026 8641 42.025966 29.693844 0.97598 0.87071
027 8885 42.461589 30.409678 0.97665 0.88193
028 8763 42.211816 29.943468 0.97485 0.87538
029 8998 42.335321 30.678816 0.97497 0.88568
030 8980 41.760626 30.838146 0.97349 0.88932
031 8877 42.734028 30.398872 0.97517 0.88175
032 8928 41.772470 30.756640 0.97349 0.88882
033 8989 42.483475 30.739939 0.97415 0.88618
034 8965 42.593505 30.747477 0.97474 0.88702
035 8989 42.344906 30.714171 0.97382 0.88549
036 8974 42.588264 30.664711 0.97405 0.88473
037 8755 42.284353 30.020227 0.97407 0.87593
038 8896 42.508115 30.458497 0.97427 0.88172
039 8946 42.107263 30.952672 0.97319 0.89134
040 8743 42.602104 30.068311 0.97412 0.87772
041 8989 41.625268 31.519045 0.97202 0.90149
042 8974 41.920141 31.365672 0.97312 0.89871
043 8949 42.265770 31.282842 0.97468 0.89928
044 8941 42.962246 30.908087 0.97526 0.88942
045 9000 42.978940 30.980684 0.97729 0.89136
046 8947 42.749200 30.750086 0.97482 0.88580
047 8753 42.758412 30.029392 0.97572 0.87593
048 8849 42.868254 30.406948 0.97433 0.88095
049 8973 42.858367 30.676817 0.97555 0.88453
050 8946 42.671680 30.733811 0.97450 0.88586
