002 11000 45.062531 31.853758 0.98479 0.91720
003 10989 44.441837 31.915111 0.98288 0.91735
004 10719 44.446495 31.890190 0.98314 0.91559
005 10990 44.655763 31.927793 0.98276 0.91812
006 10744 44.361221 31.890956 0.98248 0.91547
007 10973 44.372734 31.935292 0.98263 0.91805
008 10628 44.050298 31.876869 0.98145 0.91508
009 10969 43.890121 31.906975 0.98112 0.91759
010 10925 43.963450 31.923979 0.98037 0.91686
011 10994 44.010378 31.936897 0.98085 0.91743
012 10979 43.856445 31.961052 0.98073 0.91776
013 10990 44.014827 31.937947 0.98172 0.91788
014 10700 43.845786 31.910370 0.97957 0.91521
015 10969 43.560176 31.916971 0.98094 0.91738
016 10876 43.486260 31.935877 0.97921 0.91683
017 10969 43.774039 31.941521 0.97947 0.91717
018 10979 43.450677 31.885633 0.97911 0.91716
019 10703 43.106589 31.846479 0.97864 0.91470
020 10920 43.352106 31.906274 0.97814 0.91740
021 10986 43.067019 31.880649 0.97724 0.91706
022 10948 43.089431 31.865903 0.97729 0.91676
023 10982 43.185718 31.878982 0.97762 0.91738
024 10968 43.061241 31.863699 0.97783 0.91698
025 10940 43.513928 31.975991 0.97782 0.91866
026 10974 42.486326 31.726767 0.97662 0.91352
027 10974 43.225488 31.755049 0.97744 0.91413
028 10983 42.930266 31.721929 0.97658 0.91380
029 10935 42.739835 31.684905 0.97863 0.91263
030 10975 42.342268 31.890059 0.97366 0.91649
031 10947 42.785905 31.754812 0.97494 0.91400
032 10881 42.490962 32.013525 0.97412 0.91813
033 10981 42.352476 31.760979 0.97431 0.91386
034 10950 42.744771 31.788260 0.97468 0.91452
035 10934 42.313047 31.719980 0.97384 0.91311
036 10865 42.582370 31.676577 0.97485 0.91155
037 10962 42.734793 31.845065 0.97562 0.91545
038 10978 42.743790 31.690867 0.97642 0.91270
039 10979 42.601946 32.059501 0.97524 0.91965
040 10949 43.165868 31.888366 0.97733 0.91637
041 10990 42.480405 32.424536 0.97506 0.92566
042 10979 43.086720 32.229968 0.97670 0.92165
043 10972 42.859994 32.333799 0.97717 0.92415
044 10990 42.889545 31.983857 0.97583 0.91762
045 10928 43.045390 32.013405 0.97675 0.91799
046 10927 42.948573 31.797414 0.97638 0.91385
047 10977 42.955372 31.810597 0.97661 0.91465
048 10988 42.697010 31.739911 0.97490 0.91344
049 10895 42.933148 31.690881 0.97636 0.91172
050 10962 42.723108 31.844823 0.97557 0.91508
