002 6992 44.677265 27.652846 0.98374 0.83567
003 6962 44.038121 27.655899 0.98196 0.83582
004 6961 43.708918 27.676456 0.98133 0.83636
005 6948 44.264339 27.666804 0.98181 0.83657
006 6903 43.974877 27.679399 0.98127 0.83615
007 6954 42.760710 27.671431 0.98080 0.83627
008 6962 42.505462 27.692703 0.98039 0.83672
009 6859 43.589413 27.668477 0.98093 0.83610
010 6948 43.396642 27.699189 0.97932 0.83677
011 6938 43.057020 27.694761 0.97840 0.83644
012 6981 43.039937 27.679564 0.97863 0.83669
013 6992 42.995514 27.676066 0.97826 0.83658
014 6997 42.924710 27.662311 0.97882 0.83606
015 6967 42.675704 27.661890 0.97773 0.83645
016 6992 42.637232 27.671668 0.97745 0.83618
017 6909 42.766882 27.664070 0.97711 0.83591
018 6949 41.673375 27.659533 0.97670 0.83615
019 6974 41.620080 27.651567 0.97514 0.83587
020 6964 40.982516 27.650203 0.97437 0.83615
021 6939 40.618456 27.635514 0.97509 0.83588
022 6963 40.326065 27.636645 0.97462 0.83580
023 6911 40.770697 27.646487 0.97498 0.83625
024 6892 40.690831 27.635901 0.97415 0.83570
025 6953 41.491388 27.681864 0.97504 0.83762
026 6897 40.739315 27.494066 0.97263 0.83093
027 6985 40.978320 27.537362 0.97233 0.83163
028 6960 41.470194 27.502518 0.97294 0.83113
029 6936 41.558963 27.488486 0.97400 0.83016
030 6942 40.760610 27.581579 0.97123 0.83364
031 6641 41.557913 27.522774 0.97319 0.83155
032 6999 40.867454 27.685583 0.97163 0.83665
033 6990 41.578985 27.526358 0.97341 0.83117
034 6996 41.529385 27.529692 0.97242 0.83130
035 6987 41.048590 27.498445 0.97180 0.83009
036 6966 41.748912 27.469710 0.97324 0.82946
037 6970 41.854869 27.582193 0.97379 0.83297
038 6964 41.727018 27.492830 0.97357 0.83013
039 6990 41.766793 27.723924 0.97354 0.83812
040 6783 42.350486 27.603837 0.97413 0.83409
041 6982 41.575656 27.996663 0.97281 0.84636
042 6998 42.199921 27.865879 0.97365 0.84211
043 6977 42.027777 27.961345 0.97396 0.84518
044 6985 42.515101 27.681655 0.97412 0.83576
045 6979 42.625686 27.728951 0.97552 0.83704
046 6970 42.311862 27.568083 0.97375 0.83171
047 6960 41.701332 27.568286 0.97380 0.83257
048 6924 42.023558 27.508945 0.97310 0.82969
049 6979 41.882295 27.494618 0.97326 0.82973
050 6959 41.761139 27.583764 0.97266 0.83251
