002 19928 45.977192 32.183487 0.98695 0.93986
003 19666 45.349549 32.250787 0.98622 0.94000
004 19957 45.170047 32.257143 0.98646 0.94026
005 19831 45.622974 32.257243 0.98621 0.94057
006 19943 45.066734 32.264859 0.98560 0.94054
007 19926 44.991046 32.268966 0.98471 0.94065
008 19935 45.453908 32.261255 0.98557 0.94041
009 19953 45.339521 32.243134 0.98616 0.94050
010 19938 45.306347 32.269663 0.98580 0.94026
011 19999 45.181483 32.266147 0.98461 0.94016
012 19939 45.116495 32.303088 0.98514 0.94075
013 19982 44.724766 32.273716 0.98429 0.94058
014 19945 44.912356 32.280341 0.98515 0.94025
015 19718 44.467636 32.248723 0.98394 0.94013
016 19956 43.657873 32.283482 0.98162 0.94035
017 19995 44.486544 32.279808 0.98357 0.94042
018 19817 44.520730 32.226971 0.98330 0.94042
019 19989 44.526381 32.219264 0.98332 0.94000
020 19970 44.428377 32.246244 0.98296 0.94023
021 19963 44.298172 32.213571 0.98107 0.94020
022 19919 44.611158 32.203954 0.98205 0.94006
023 19990 44.662404 32.215977 0.98167 0.94022
024 19968 44.628841 32.209140 0.98337 0.94021
025 19896 44.744101 32.320420 0.98180 0.94190
026 19999 44.249305 32.055449 0.98123 0.93694
027 19959 44.410425 32.085697 0.98161 0.93742
028 19952 44.518068 32.049355 0.98210 0.93696
029 19713 44.438272 32.015651 0.98128 0.93611
030 19907 43.975297 32.222476 0.97873 0.93942
031 19788 44.507790 32.086141 0.98050 0.93723
032 19985 43.409790 32.359851 0.97775 0.94145
033 19906 44.456128 32.095838 0.98138 0.93723
034 19965 44.228133 32.120931 0.98238 0.93784
035 19895 44.214444 32.040319 0.97974 0.93649
036 19982 44.400055 32.013946 0.98187 0.93591
037 19949 44.161784 32.178277 0.98095 0.93874
038 19833 44.250824 32.012281 0.98120 0.93602
039 19994 44.116986 32.397659 0.98138 0.94260
040 19985 44.476570 32.216443 0.98128 0.93947
041 19774 44.313361 32.782812 0.98109 0.94750
042 19891 44.500171 32.573716 0.98202 0.94423
043 19971 44.532164 32.688908 0.98204 0.94628
044 19912 44.433246 32.312971 0.98213 0.94016
045 19853 44.866035 32.353248 0.98255 0.94082
046 19926 44.317427 32.130277 0.98060 0.93729
047 19673 44.626853 32.146227 0.98123 0.93791
048 19669 44.045178 32.061672 0.98026 0.93608
049 19953 44.368972 32.032989 0.98261 0.93619
050 19921 43.933099 32.183768 0.97975 0.93844
