002 5877 44.597117 27.648127 0.98337 0.83431
003 5928 44.007286 27.652633 0.98157 0.83446
004 5949 44.034556 27.673506 0.98196 0.83474
005 5629 44.128135 27.660010 0.98161 0.83469
006 5860 43.879778 27.679077 0.98096 0.83481
007 5903 43.962733 27.668286 0.98096 0.83463
008 5940 43.697087 27.691603 0.98111 0.83543
009 5895 43.476012 27.664156 0.97988 0.83465
010 5933 43.137011 27.696765 0.97848 0.83541
011 5905 42.914533 27.693339 0.97801 0.83532
012 5933 42.719945 27.678933 0.97726 0.83587
013 5896 43.238975 27.671289 0.97775 0.83529
014 5838 43.184632 27.658612 0.97774 0.83474
015 5890 42.957089 27.659624 0.97716 0.83537
016 5996 42.266512 27.672377 0.97591 0.83485
017 5916 42.246091 27.661284 0.97638 0.83449
018 5745 42.723230 27.657277 0.97645 0.83440
019 5889 41.610950 27.650312 0.97509 0.83473
020 5929 41.553224 27.648232 0.97523 0.83486
021 5993 40.292242 27.634976 0.97429 0.83476
022 5988 40.570366 27.633269 0.97475 0.83453
023 5972 40.432997 27.642880 0.97420 0.83482
024 5978 40.814975 27.635443 0.97491 0.83432
025 5858 40.876455 27.679932 0.97434 0.83630
026 5938 40.365229 27.490597 0.97253 0.82926
027 5982 40.952507 27.532298 0.97421 0.83001
028 5984 40.498047 27.498865 0.97183 0.82990
029 5942 42.019472 27.487345 0.97457 0.82878
030 5889 39.997983 27.578564 0.96967 0.83230
031 5996 41.669877 27.518664 0.97298 0.83038
032 5774 41.320483 27.679307 0.97205 0.83500
033 5694 41.917655 27.521230 0.97363 0.82935
034 5924 41.791220 27.525864 0.97329 0.82957
035 5966 41.214691 27.496573 0.97289 0.82891
036 5982 41.790489 27.470061 0.97476 0.82831
037 5910 41.267967 27.578121 0.97380 0.83173
038 5989 41.596264 27.490368 0.97383 0.82866
039 5970 41.949320 27.719556 0.97437 0.83630
040 5989 42.397963 27.600105 0.97500 0.83298
041 5982 41.476932 27.992149 0.97318 0.84513
042 5975 41.472955 27.862201 0.97229 0.84065
043 5916 41.991074 27.959115 0.97368 0.84360
044 5733 42.263079 27.678170 0.97382 0.83411
045 5677 42.405380 27.721926 0.97386 0.83522
046 5973 41.883251 27.565945 0.97259 0.83051
047 5973 42.385116 27.565387 0.97425 0.83138
048 5985 42.019636 27.507675 0.97274 0.82858
049 5969 41.850914 27.494503 0.97148 0.82853
050 5874 41.679803 27.580099 0.97194 0.83062
