002 9995 44.961766 31.660586 0.98463 0.90911
003 9980 44.137171 31.721407 0.98235 0.90913
004 9889 44.284668 31.721434 0.98207 0.90873
005 9948 44.302956 31.723951 0.98229 0.90904
006 10000 44.243570 31.735358 0.98169 0.90908
007 9950 44.169045 31.732057 0.98231 0.90933
008 9975 43.841559 31.735213 0.98091 0.90950
009 9998 43.372970 31.730120 0.98070 0.90996
010 9976 43.531343 31.752302 0.97925 0.90946
011 10000 43.309616 31.750556 0.97824 0.90929
012 9980 43.818822 31.775294 0.98007 0.90993
013 9888 43.889709 31.736450 0.98012 0.90889
014 9990 43.872216 31.763929 0.98150 0.90959
015 9970 43.411077 31.723776 0.97877 0.90936
016 9948 43.303879 31.740645 0.97899 0.90878
017 9927 43.732587 31.740044 0.97891 0.90885
018 9977 43.097153 31.706760 0.97866 0.90878
019 9986 42.999123 31.704911 0.97728 0.90914
020 9956 43.402801 31.712166 0.97798 0.90928
021 9997 43.255688 31.686694 0.97781 0.90857
022 9933 42.622017 31.664944 0.97695 0.90772
023 9901 43.084508 31.656390 0.97734 0.90751
024 9912 42.947855 31.682229 0.97724 0.90917
025 9971 43.110369 31.787466 0.97722 0.91035
026 9983 42.109444 31.545308 0.97551 0.90541
027 9970 42.608124 31.570409 0.97730 0.90589
028 9947 42.517041 31.517980 0.97529 0.90473
029 9945 42.683328 31.497710 0.97584 0.90415
030 9912 42.358954 31.685214 0.97389 0.90740
031 9967 42.936406 31.554712 0.97531 0.90520
032 10000 42.523236 31.815632 0.97513 0.90996
033 9983 42.947458 31.569072 0.97580 0.90536
034 9951 42.995005 31.575710 0.97639 0.90591
035 9971 42.486124 31.530264 0.97373 0.90465
036 9883 42.882870 31.452181 0.97570 0.90176
037 9858 42.559825 31.633312 0.97480 0.90643
038 9900 42.458879 31.486187 0.97447 0.90340
039 9982 42.152720 31.855619 0.97422 0.91147
040 9985 42.635985 31.691589 0.97497 0.90812
041 10000 42.201509 32.226637 0.97349 0.91743
042 9949 42.611206 32.033711 0.97505 0.91393
043 9697 42.663524 32.051722 0.97643 0.91365
044 9965 42.879346 31.774588 0.97614 0.90864
045 9986 43.078288 31.824399 0.97664 0.90994
046 9982 42.781561 31.608237 0.97522 0.90529
047 9976 42.662039 31.618132 0.97468 0.90575
048 9955 42.853279 31.528072 0.97524 0.90375
049 9975 42.586135 31.508826 0.97470 0.90411
050 9919 42.587160 31.638676 0.97484 0.90613
