002 11941 45.097647 31.956875 0.98488 0.92324
003 11982 44.516945 32.026379 0.98321 0.92391
004 11970 44.367709 32.033960 0.98333 0.92402
005 11936 44.567816 32.030417 0.98266 0.92381
006 11967 44.042378 32.034697 0.98238 0.92365
007 11964 44.415229 32.045542 0.98335 0.92423
008 11951 44.180286 32.029814 0.98292 0.92377
009 11936 44.030773 32.012831 0.98198 0.92362
010 11945 44.136960 32.035608 0.98123 0.92331
011 11933 44.098332 32.038029 0.98245 0.92339
012 11779 43.994288 32.049607 0.98163 0.92300
013 11984 44.119427 32.045233 0.98164 0.92414
014 11889 43.948491 32.043535 0.98108 0.92325
015 11953 42.950920 32.025233 0.97841 0.92386
016 11985 43.267769 32.058546 0.97844 0.92402
017 11828 43.908943 32.037920 0.98023 0.92298
018 11998 43.828325 31.998383 0.98024 0.92356
019 11825 43.492025 31.984210 0.97867 0.92261
020 11926 43.407205 32.015654 0.97836 0.92368
021 12000 43.280844 31.992699 0.97845 0.92361
022 11680 43.280104 31.949973 0.97825 0.92184
023 11967 43.281504 31.987134 0.97848 0.92353
024 11995 43.686545 31.981853 0.97843 0.92345
025 11996 43.678069 32.096124 0.97889 0.92553
026 11827 42.779128 31.824114 0.97710 0.91940
027 11842 43.234726 31.851551 0.97834 0.91983
028 11997 43.205637 31.831353 0.97740 0.92025
029 11966 43.138567 31.796430 0.97645 0.91924
030 11903 42.755756 31.990657 0.97535 0.92211
031 11808 43.172813 31.851929 0.97689 0.91969
032 11678 42.890581 32.099359 0.97552 0.92357
033 11872 43.174055 31.854890 0.97640 0.91934
034 11600 43.241427 31.857879 0.97762 0.91852
035 11830 42.854055 31.804872 0.97542 0.91857
036 11962 42.786400 31.789239 0.97547 0.91861
037 11967 42.707722 31.952063 0.97606 0.92189
038 11914 43.221755 31.786651 0.97812 0.91845
039 11916 42.777068 32.160324 0.97548 0.92541
040 11994 43.233113 31.992913 0.97670 0.92282
041 11988 42.583897 32.541875 0.97490 0.93170
042 11978 43.004916 32.348541 0.97667 0.92843
043 11995 43.095712 32.461916 0.97892 0.93075
044 11989 43.532594 32.088260 0.97686 0.92378
045 11608 43.542804 32.084433 0.97890 0.92225
046 11985 43.032097 31.907799 0.97668 0.92071
047 11969 43.340996 31.919321 0.97767 0.92091
048 11668 42.806867 31.811965 0.97618 0.91801
049 11965 42.886291 31.803488 0.97627 0.91855
050 11970 42.701674 31.948632 0.97529 0.92108
