002 1957 41.436104 13.691755 0.97767 0.65149
003 1925 40.891857 13.391941 0.97670 0.63698
004 1957 39.200173 13.752963 0.97638 0.65458
005 1927 37.771681 13.786512 0.97447 0.65563
006 1948 37.639854 13.825969 0.97350 0.65746
007 1961 37.493984 13.864336 0.97116 0.65920
008 1995 37.901591 13.893766 0.97067 0.66057
009 1974 39.495172 13.902878 0.97291 0.66140
010 1983 39.556654 13.902989 0.97300 0.66107
011 1999 39.443824 13.899240 0.97298 0.66052
012 1986 39.277346 13.895267 0.97234 0.66073
013 1995 39.320102 13.892876 0.97259 0.66069
014 1993 39.194576 13.889310 0.97262 0.66002
015 1975 38.863298 13.887137 0.97145 0.66065
016 1970 38.448253 13.886877 0.97107 0.65980
017 1983 38.728600 13.549823 0.97110 0.64480
018 1965 38.377307 13.883795 0.97013 0.65986
019 1979 36.892196 13.884104 0.96938 0.65976
020 1969 38.492764 13.885374 0.97039 0.65967
021 1992 37.332091 13.887016 0.96980 0.65962
022 1982 37.543285 13.887484 0.96893 0.65940
023 1999 38.336551 13.890149 0.96917 0.66053
024 1999 38.453476 13.888570 0.97101 0.65911
025 1961 39.559295 13.894372 0.97113 0.66118
026 1943 37.755305 13.889182 0.96731 0.65526
027 1996 38.746073 13.891959 0.96891 0.65641
028 1950 37.959247 13.560440 0.96696 0.63954
029 1987 38.051587 13.895081 0.96977 0.65519
030 1972 37.552499 13.904199 0.96436 0.65795
031 1979 37.283102 13.904664 0.96830 0.65595
032 1907 36.985912 13.581723 0.96481 0.64516
033 1996 38.292101 13.909457 0.96948 0.65605
034 1932 38.186593 13.580000 0.96845 0.64196
035 1995 37.880543 13.916462 0.96768 0.65538
036 1950 38.235108 13.919456 0.96973 0.65523
037 1988 39.211942 13.929223 0.97155 0.65794
038 1960 37.693165 13.928955 0.96672 0.65575
039 2000 38.288915 13.944868 0.96759 0.66304
040 1987 38.898507 13.941902 0.97000 0.65933
041 1964 38.946497 13.627979 0.96949 0.65610
042 1991 38.864507 13.942912 0.96832 0.66683
043 1979 39.212713 13.945077 0.96932 0.66903
044 1994 39.513514 13.937112 0.96926 0.66188
045 1991 39.821260 13.940372 0.97052 0.66172
046 1920 39.321924 13.936237 0.96904 0.65756
047 1983 39.730337 13.939638 0.97086 0.65875
048 1916 38.965158 13.601987 0.96772 0.64133
049 1901 39.612821 13.603228 0.97009 0.64138
050 1983 39.198058 13.946714 0.96705 0.65905
