002 17914 45.774747 32.165334 0.98655 0.93816
003 17956 45.095187 32.237128 0.98515 0.93850
004 17996 45.060021 32.240042 0.98518 0.93857
005 17987 45.314100 32.239664 0.98490 0.93877
006 17941 45.176218 32.246333 0.98517 0.93888
007 17910 44.812246 32.247633 0.98427 0.93899
008 17958 44.078021 32.242456 0.98368 0.93877
009 17921 44.991406 32.223705 0.98501 0.93881
010 17916 44.769500 32.250246 0.98442 0.93844
011 17956 44.896537 32.249989 0.98406 0.93841
012 17828 44.832140 32.284404 0.98429 0.93888
013 17984 44.828322 32.256169 0.98479 0.93899
014 17903 44.839239 32.260586 0.98371 0.93850
015 17917 44.585995 32.233992 0.98137 0.93868
016 17995 44.177868 32.266440 0.98149 0.93862
017 17990 44.450067 32.262889 0.98146 0.93865
018 17994 44.399905 32.209080 0.98165 0.93867
019 17963 44.066181 32.199276 0.98116 0.93827
020 17788 43.908355 32.224152 0.98053 0.93835
021 17997 44.254759 32.193395 0.98097 0.93855
022 17866 44.025401 32.184814 0.98018 0.93829
023 17988 44.449264 32.195760 0.98127 0.93851
024 17938 44.438181 32.192094 0.98154 0.93854
025 17998 43.974402 32.301397 0.98015 0.94009
026 17899 43.806910 32.035067 0.97960 0.93512
027 17983 44.072770 32.068299 0.98110 0.93586
028 17979 44.056421 32.032407 0.97984 0.93536
029 17910 44.107656 32.000956 0.98055 0.93459
030 17994 43.529322 32.205036 0.97722 0.93766
031 17920 44.153121 32.068401 0.97959 0.93563
032 17897 43.791165 32.341721 0.97826 0.93967
033 17871 44.161940 32.079539 0.98069 0.93555
034 17901 43.671622 32.109821 0.98075 0.93622
035 17989 43.154988 32.022454 0.97768 0.93482
036 17963 43.986483 31.997816 0.98019 0.93424
037 17994 44.053158 32.157325 0.97867 0.93705
038 17972 43.623790 31.996902 0.98112 0.93448
039 17983 43.389366 32.379961 0.98044 0.94083
040 17910 43.649705 32.200263 0.98012 0.93774
041 17888 43.301298 32.762162 0.97877 0.94580
042 17967 43.994765 32.554934 0.98039 0.94239
043 17964 43.331260 32.667836 0.97991 0.94451
044 17764 44.258409 32.295429 0.98057 0.93845
045 17923 44.362794 32.335312 0.98104 0.93900
046 17947 44.013951 32.113144 0.97998 0.93562
047 17899 44.389291 32.130853 0.98044 0.93645
048 17879 43.835417 32.044974 0.97847 0.93437
049 17777 43.954660 32.014009 0.98052 0.93433
050 17955 43.956282 32.167774 0.97903 0.93664
