002 14990 45.469562 32.114591 0.98589 0.93345
003 14973 44.641972 32.181610 0.98409 0.93352
004 14927 44.794605 32.187004 0.98453 0.93367
005 14932 44.999320 32.186435 0.98378 0.93405
006 14945 44.859275 32.192789 0.98444 0.93400
007 14959 44.769565 32.195534 0.98369 0.93411
008 14821 44.547855 32.181938 0.98374 0.93350
009 14919 44.451839 32.165748 0.98380 0.93372
010 14825 44.564130 32.194847 0.98291 0.93321
011 14981 44.533368 32.196759 0.98302 0.93351
012 14971 44.555201 32.231405 0.98325 0.93421
013 14941 43.355176 32.200827 0.98165 0.93382
014 14904 44.334408 32.210228 0.98272 0.93349
015 14974 43.692887 32.182164 0.98033 0.93398
016 14959 43.941118 32.212522 0.98150 0.93359
017 14975 43.990322 32.210276 0.98027 0.93376
018 14899 43.344269 32.155583 0.97967 0.93359
019 14918 43.913691 32.151509 0.97975 0.93335
020 14988 43.463965 32.174868 0.97845 0.93377
021 14970 44.004566 32.138624 0.98025 0.93351
022 14799 43.989791 32.127251 0.98059 0.93319
023 14801 43.866004 32.137209 0.97907 0.93322
024 14930 43.944553 32.133531 0.97864 0.93353
025 15000 43.820564 32.247248 0.97857 0.93514
026 14866 43.097187 31.981789 0.97819 0.92999
027 14956 43.609081 32.016517 0.97814 0.93092
028 14942 43.592482 31.981501 0.97861 0.93038
029 14955 43.607122 31.950483 0.97891 0.92961
030 14904 43.115299 32.152661 0.97593 0.93282
031 14938 43.524878 32.018353 0.97727 0.93067
032 14986 42.956198 32.290764 0.97704 0.93489
033 14918 43.491114 32.025606 0.97722 0.93034
034 14989 43.407062 32.053688 0.97918 0.93122
035 14877 43.342216 31.968854 0.97659 0.92946
036 14722 43.453625 31.939071 0.97756 0.92859
037 14948 43.306380 32.107848 0.97622 0.93209
038 14957 43.377734 31.942377 0.97830 0.92932
039 14995 43.360204 32.323481 0.97756 0.93588
040 14976 43.090583 32.148917 0.97710 0.93290
041 14982 43.073488 32.708437 0.97664 0.94145
042 14949 43.376516 32.502355 0.97869 0.93786
043 14936 43.533795 32.609769 0.97952 0.93988
044 14999 43.795904 32.244563 0.97858 0.93403
045 14885 44.015060 32.278308 0.97903 0.93408
046 14966 43.593675 32.055223 0.97736 0.93039
047 14782 43.856973 32.071842 0.97791 0.93102
048 14922 43.420504 31.994336 0.97768 0.92932
049 14953 43.481472 31.962512 0.97875 0.92936
050 14968 43.376622 32.108948 0.97735 0.93155
