006 30953 32.393468 27.345144 0.97562 0.93568
007 30635 32.193077 27.242866 0.97481 0.93381
008 30995 31.976996 27.286946 0.97289 0.93486
009 30905 31.730388 27.307605 0.97058 0.93605
010 30619 31.633350 27.168836 0.96960 0.93281
011 30841 31.523930 27.198704 0.96851 0.93432
012 30911 31.397857 27.271657 0.96753 0.93476
013 30921 31.676486 27.207213 0.96987 0.93371
014 30956 31.703809 27.343335 0.96970 0.93524
015 30709 31.442705 27.143664 0.96801 0.93259
016 30864 31.393530 27.164529 0.96844 0.93368
017 30990 31.749198 27.160273 0.96960 0.93420
018 30913 31.455871 27.328864 0.96768 0.93546
019 30861 31.442075 27.244573 0.96757 0.93429
020 30592 31.361837 27.133975 0.96746 0.93284
021 30981 31.392591 27.137198 0.96811 0.93398
022 30851 31.311241 27.086360 0.96673 0.93410
023 30633 31.407204 27.103616 0.96762 0.93261
024 30733 31.378510 27.033526 0.96747 0.93244
025 30878 31.442694 27.180965 0.96762 0.93485
026 30837 31.365872 27.014540 0.96721 0.93295
027 30894 31.417483 27.141631 0.96768 0.93606
028 30960 31.430560 27.178189 0.96710 0.93451
029 30857 31.476667 27.089491 0.96794 0.93273
030 30827 31.445041 27.075915 0.96702 0.93265
031 30665 31.436362 27.076904 0.96769 0.93356
032 30940 31.364329 27.040778 0.96689 0.93460
033 30726 31.298138 26.986612 0.96690 0.93351
034 30436 31.295796 26.938382 0.96706 0.93113
035 30943 31.349683 27.137329 0.96651 0.93588
036 30763 31.579302 26.982392 0.96778 0.93292
037 30790 31.496864 27.004130 0.96801 0.93496
038 30698 31.310317 26.867405 0.96806 0.93253
039 30976 31.290865 26.979815 0.96702 0.93317
040 30956 31.364487 27.041623 0.96725 0.93599
041 30806 31.335663 27.029055 0.96711 0.93542
042 30761 31.300803 26.875900 0.96793 0.93349
043 30853 31.218153 27.029801 0.96669 0.93536
044 30805 31.268499 26.906619 0.96746 0.93437
045 30717 31.248378 26.945983 0.96676 0.93495
046 30678 31.271297 26.923403 0.96683 0.93456
047 30952 31.223244 26.979643 0.96672 0.93645
048 30542 31.354173 26.851285 0.96744 0.93180
049 30609 31.147249 26.776550 0.96684 0.93277
050 30961 31.263280 26.996299 0.96692 0.93623
051 30940 31.284219 26.986566 0.96758 0.93683
052 30683 31.383762 26.953777 0.96774 0.93616
053 30816 31.263089 27.015279 0.96713 0.93561
054 30886 31.413091 27.003054 0.96791 0.93532
055 30809 31.342181 26.934340 0.96728 0.93503
056 30996 31.270520 27.024334 0.96734 0.93842
057 30553 31.381022 26.970277 0.96740 0.93578
058 30736 31.582176 26.983479 0.96862 0.93584
059 30893 31.496576 26.966529 0.96942 0.93630
060 30701 31.430629 26.962308 0.96773 0.93568
061 30792 31.474468 27.066060 0.96748 0.93842
062 30864 31.609655 27.053565 0.96962 0.93799
063 30881 31.565594 26.986992 0.96858 0.93625
064 30778 31.425257 27.025750 0.96794 0.93727
065 30885 31.433649 27.032749 0.96804 0.93767
066 30639 31.407852 26.889157 0.96700 0.93594
067 30889 31.386856 26.992866 0.96729 0.93729
068 30530 31.424596 26.905036 0.96838 0.93620
069 30886 31.267824 26.883072 0.96755 0.93701
070 30802 31.571963 26.971128 0.96848 0.93676
071 30892 31.577523 26.998601 0.96921 0.93676
072 30763 31.345810 26.869788 0.96777 0.93596
073 30859 31.437824 27.001604 0.96771 0.93711
074 30396 31.399956 26.935784 0.96789 0.93643
075 30629 31.437759 26.947978 0.96852 0.93629
076 30761 31.367808 27.011000 0.96764 0.93611
077 30981 31.531456 27.047274 0.96859 0.93716
078 30681 31.467491 26.961135 0.96829 0.93657
079 30656 31.463871 27.003848 0.96843 0.93541
080 30645 31.498500 26.980388 0.96852 0.93525
081 30716 31.400486 26.922143 0.96766 0.93596
082 30944 31.441748 27.043785 0.96760 0.93753
083 30891 31.514568 26.976402 0.96848 0.93583
084 30913 31.360058 26.903466 0.96806 0.93564
085 30649 31.491372 27.016501 0.96793 0.93621
086 30741 31.399731 26.972316 0.96817 0.93617
087 30828 31.180080 26.823407 0.96615 0.93417
088 30533 31.245195 26.931178 0.96760 0.93419
089 30906 31.265983 26.992427 0.96605 0.93498
090 30810 31.136378 26.881882 0.96672 0.93493
091 30915 31.376011 26.950842 0.96768 0.93511
092 30975 31.163760 26.914249 0.96604 0.93420
093 30879 31.212539 26.791741 0.96687 0.93415
094 30820 31.280741 26.872254 0.96713 0.93474
095 30592 31.221331 26.865690 0.96630 0.93422
096 30730 31.241404 26.727059 0.96813 0.93258
