006 50948 32.118672 32.118672 0.97097 0.97097
007 50634 32.615605 31.952625 0.97549 0.97058
008 50931 32.046169 32.046169 0.97078 0.97078
009 50965 32.027139 32.000519 0.97084 0.97081
010 50895 32.018977 31.977354 0.97048 0.97046
011 50978 32.015949 32.015949 0.97031 0.97031
012 50989 31.996956 31.980412 0.97013 0.97011
013 50968 32.022837 31.999479 0.97067 0.97064
014 51000 32.015818 32.001470 0.97069 0.97067
015 50865 31.960909 31.908025 0.97111 0.97093
016 50973 32.562104 31.919558 0.97573 0.97047
017 50943 31.976975 31.909398 0.97048 0.97039
018 50889 32.624598 31.951635 0.97288 0.97060
019 50624 32.001745 31.858016 0.97080 0.97063
020 50937 32.535636 31.933797 0.97612 0.97068
021 50941 31.961666 31.934570 0.97064 0.97061
022 50929 31.946606 31.927144 0.97060 0.97058
023 50961 31.942598 31.901571 0.97055 0.97043
024 50982 31.914237 31.872998 0.97032 0.97029
025 50955 32.472318 31.869183 0.97414 0.97084
026 50715 31.913690 31.723167 0.97075 0.97058
027 50920 32.513879 31.894577 0.97577 0.97107
028 50870 32.004392 31.919452 0.97095 0.97085
029 50924 31.993457 31.974854 0.97103 0.97101
030 50902 32.001216 31.982135 0.97083 0.97082
031 50970 31.968959 31.968959 0.97109 0.97109
032 50961 31.894493 31.861947 0.97100 0.97095
033 50869 31.891070 31.846525 0.97024 0.97022
034 50763 31.886527 31.766565 0.97056 0.97061
035 50947 32.602526 31.843603 0.97293 0.97012
036 50999 31.925940 31.887185 0.97069 0.97065
037 50994 31.866365 31.825949 0.97063 0.97061
038 50975 31.831715 31.778499 0.97076 0.97070
039 50786 31.836348 31.665771 0.97061 0.97050
040 50883 31.811217 31.765678 0.97048 0.97044
041 50972 31.870567 31.795225 0.97086 0.97082
042 50932 31.831219 31.778360 0.97034 0.97037
043 50979 31.825419 31.764477 0.97075 0.97068
044 50999 31.790438 31.733362 0.97045 0.97041
045 50737 31.783422 31.571547 0.97044 0.97037
046 50982 31.821955 31.778746 0.97052 0.97048
047 50973 31.843525 31.819462 0.97093 0.97090
048 50956 31.847106 31.847106 0.97052 0.97052
049 50992 31.802668 31.749631 0.97070 0.97058
050 50897 31.806636 31.761048 0.97065 0.97058
051 50688 31.816698 31.600973 0.97119 0.97108
052 50905 31.843450 31.791826 0.97100 0.97099
053 50915 31.869454 31.818275 0.97102 0.97095
054 50900 31.860444 31.827167 0.97073 0.97069
055 50983 31.860982 31.809022 0.97114 0.97109
056 50720 31.847872 31.696997 0.97117 0.97106
057 50950 31.884146 31.841455 0.97117 0.97120
058 50983 31.861271 31.820956 0.97129 0.97129
059 50933 31.866568 31.827632 0.97162 0.97158
060 50911 31.898590 31.859949 0.97134 0.97136
061 50918 31.915208 31.866933 0.97163 0.97162
062 50978 31.940004 31.940004 0.97192 0.97192
063 50912 31.963067 31.919143 0.97210 0.97204
064 50981 31.936020 31.936020 0.97152 0.97152
065 50856 31.909318 31.851082 0.97130 0.97126
066 50975 31.911120 31.890336 0.97149 0.97146
067 50980 31.872914 31.872914 0.97136 0.97136
068 50901 31.867862 31.816027 0.97159 0.97146
069 50896 31.866510 31.815826 0.97106 0.97097
070 50896 31.873722 31.851176 0.97163 0.97160
071 50990 31.916070 31.892657 0.97158 0.97154
072 50901 31.894784 31.894784 0.97140 0.97140
073 50900 31.908503 31.878677 0.97136 0.97135
074 50816 31.904709 31.904709 0.97150 0.97150
075 50807 32.606656 31.873001 0.97385 0.97175
076 50969 31.959609 31.956331 0.97220 0.97219
077 50997 32.007147 32.007147 0.97215 0.97215
078 50916 31.973085 31.950042 0.97208 0.97205
079 50916 31.995775 31.995775 0.97209 0.97209
080 50936 31.996529 31.996529 0.97226 0.97226
081 50985 31.906562 31.906562 0.97187 0.97187
082 50900 31.964884 31.964884 0.97214 0.97214
083 50959 31.974269 31.974269 0.97228 0.97228
084 50889 31.940808 31.891264 0.97199 0.97180
085 50950 32.010088 32.010088 0.97200 0.97200
086 50886 31.981556 31.981556 0.97224 0.97224
087 50898 31.880850 31.821276 0.97135 0.97127
088 50942 31.970053 31.970053 0.97249 0.97249
089 50956 32.048612 32.048612 0.97233 0.97233
090 50964 31.941089 31.910942 0.97178 0.97173
091 50990 31.956306 31.956306 0.97191 0.97191
092 50911 31.946130 31.925095 0.97196 0.97193
093 50877 31.848899 31.787058 0.97162 0.97154
094 50867 31.909530 31.856182 0.97173 0.97171
095 50854 31.949429 31.896889 0.97229 0.97229
096 50828 31.871239 31.803749 0.97192 0.97186
