006 40681 32.291026 30.262001 0.97419 0.96810
007 40948 32.209479 30.259978 0.97355 0.96787
008 40958 32.057778 30.206671 0.97251 0.96791
009 40871 31.913417 30.162025 0.97185 0.96786
010 40516 31.907014 30.121908 0.97125 0.96749
011 40960 31.759767 30.192751 0.96966 0.96750
012 40692 31.729059 30.132831 0.96965 0.96706
013 40710 32.189419 30.165165 0.97185 0.96774
014 40628 31.890156 30.152789 0.97063 0.96774
015 40968 31.701650 30.114238 0.96996 0.96809
016 40708 31.623192 30.108696 0.96851 0.96740
017 40937 32.123829 30.114869 0.97145 0.96755
018 40806 31.735854 30.146229 0.96970 0.96777
019 40707 31.721559 30.113711 0.96905 0.96778
020 40885 32.114761 30.115383 0.97252 0.96781
021 40779 31.786284 30.117243 0.97067 0.96775
022 40721 31.747956 30.080881 0.96944 0.96764
023 40811 32.172857 30.075328 0.97292 0.96757
024 40567 31.794267 30.020822 0.97003 0.96743
025 40540 31.692378 30.013116 0.96920 0.96787
026 40601 31.696438 30.018344 0.96988 0.96779
027 40867 31.709266 30.091076 0.97029 0.96832
028 40925 31.729300 30.135755 0.96958 0.96808
029 40751 31.772547 30.144088 0.96991 0.96818
030 40968 31.766016 30.169940 0.96938 0.96815
031 40822 31.704479 30.108197 0.96926 0.96831
032 40523 31.674673 30.016254 0.96927 0.96816
033 40936 31.659817 30.067271 0.96885 0.96748
034 40706 31.691061 30.012597 0.96900 0.96780
035 40736 32.126544 30.044389 0.97185 0.96732
036 40945 32.315591 30.115096 0.97243 0.96792
037 40807 32.502674 30.004825 0.97497 0.96784
038 40962 31.737114 29.978973 0.97021 0.96798
039 40610 31.599324 29.947288 0.96931 0.96776
040 40946 31.591799 30.007850 0.96895 0.96776
041 40918 31.616423 30.040257 0.96910 0.96805
042 40719 31.570466 29.978710 0.96865 0.96757
043 40861 31.596186 29.983681 0.96921 0.96784
044 40825 31.495761 29.926101 0.96912 0.96756
045 40959 31.541948 29.929746 0.96905 0.96759
046 40959 32.057551 29.997460 0.97068 0.96766
047 40912 31.690328 30.027999 0.97018 0.96825
048 40662 32.078918 30.025139 0.97154 0.96777
049 40804 32.210904 29.944435 0.97303 0.96789
050 40649 31.637668 29.920938 0.96995 0.96777
051 40810 32.035923 29.952895 0.97166 0.96829
052 40755 31.777823 30.017121 0.97083 0.96830
053 40754 31.649631 30.042966 0.96947 0.96824
054 40944 31.657185 30.034493 0.96929 0.96804
055 40771 32.005723 30.003368 0.97100 0.96835
056 40762 31.867357 30.026247 0.97141 0.96850
057 40588 31.762292 30.037615 0.97005 0.96850
058 40981 31.972380 30.051181 0.97104 0.96860
059 40767 31.772648 30.045644 0.97080 0.96874
060 40964 31.685210 30.089712 0.97016 0.96867
061 40951 31.709342 30.092319 0.97019 0.96886
062 40968 31.697977 30.150042 0.96976 0.96911
063 40853 31.778425 30.125004 0.97069 0.96926
064 40955 31.673454 30.123055 0.97002 0.96882
065 40633 31.692137 30.057141 0.96968 0.96854
066 40800 32.243802 30.073327 0.97241 0.96863
067 40851 32.291995 30.050622 0.97416 0.96859
068 40647 31.718799 30.000476 0.97053 0.96875
069 40928 32.031959 30.045201 0.97247 0.96829
070 40787 31.832055 30.046842 0.97137 0.96888
071 40822 31.782141 30.076712 0.97065 0.96887
072 40774 32.209011 30.047285 0.97138 0.96857
073 40871 31.850885 30.066811 0.97109 0.96855
074 40982 32.256314 30.093498 0.97227 0.96879
075 40885 32.424326 30.090792 0.97347 0.96897
076 40996 31.938760 30.155427 0.97157 0.96946
077 40995 31.801815 30.181099 0.97087 0.96934
078 40998 31.736845 30.124619 0.97071 0.96922
079 40728 31.780161 30.144372 0.97024 0.96930
080 40636 31.826435 30.139909 0.97064 0.96934
081 40663 32.124089 30.047998 0.97177 0.96903
082 40985 31.956055 30.139208 0.97198 0.96920
083 40949 31.782727 30.130774 0.97081 0.96932
084 40957 31.704614 30.077861 0.97029 0.96891
085 40818 32.225857 30.146933 0.97278 0.96911
086 40683 31.893727 30.108903 0.97146 0.96915
087 40615 31.604648 29.988741 0.96974 0.96839
088 40518 31.702867 30.057882 0.97029 0.96940
089 40803 31.834906 30.164960 0.97100 0.96936
090 40929 31.470412 30.059445 0.96889 0.96884
091 40619 31.636607 30.024242 0.97028 0.96886
092 40590 31.660121 30.038669 0.96968 0.96891
093 40783 31.550500 29.930016 0.96997 0.96857
094 40964 31.710368 29.989873 0.97093 0.96883
095 40862 31.706257 30.018506 0.97101 0.96941
096 40493 31.649711 29.882513 0.97053 0.96877
