006 20891 32.579165 17.308080 0.97820 0.82055
007 20801 32.282181 17.303449 0.97658 0.81920
008 20840 32.148866 17.811094 0.97552 0.82935
009 20591 31.486926 17.298066 0.97101 0.82011
010 20843 31.132136 17.294063 0.96806 0.81704
011 20987 31.163061 17.812849 0.96664 0.83094
012 20945 31.088258 17.805536 0.96616 0.82844
013 20994 31.081036 17.813711 0.96500 0.82998
014 20775 30.931650 17.316052 0.96552 0.81922
015 20958 30.851918 17.804667 0.96444 0.82811
016 20912 30.681901 17.816895 0.96360 0.82960
017 20550 30.617294 17.304838 0.96286 0.81774
018 20622 30.484388 17.311179 0.96039 0.81883
019 20575 30.574900 17.309879 0.96145 0.81798
020 20674 30.092363 17.311159 0.95762 0.81784
021 20583 30.152886 17.312778 0.95790 0.81891
022 20642 29.899388 17.299657 0.95510 0.81800
023 20770 29.742813 17.310170 0.95584 0.81846
024 20772 29.783169 17.300009 0.95427 0.81751
025 20823 29.778902 17.295449 0.95460 0.81734
026 20807 29.736934 17.305069 0.95350 0.81846
027 20863 29.671488 17.291506 0.95312 0.81703
028 20852 29.901702 17.320906 0.95528 0.82058
029 20866 29.660879 17.311411 0.95255 0.81801
030 20768 29.851734 17.309230 0.95453 0.81783
031 20621 29.734253 17.313601 0.95216 0.81949
032 20905 29.713233 17.292850 0.95406 0.81582
033 20680 29.498245 17.308900 0.95498 0.81992
034 20626 29.580408 17.299102 0.95293 0.81629
035 20826 29.725693 17.303250 0.95517 0.81735
036 20904 29.759101 17.813607 0.95365 0.82941
037 20765 29.821639 17.292517 0.95633 0.81588
038 20855 29.455608 17.305441 0.95016 0.81871
039 20927 29.514119 17.292433 0.95094 0.81462
040 20905 29.082459 17.307678 0.94765 0.81812
041 20618 28.913701 16.790675 0.94681 0.80591
042 20972 28.801641 17.811395 0.94467 0.82827
043 20617 28.768606 16.804813 0.94343 0.80602
044 20983 28.662934 17.803367 0.94377 0.82586
045 20901 28.657465 17.315434 0.94409 0.81673
046 20735 28.968088 17.316548 0.94749 0.81667
047 20995 28.607996 17.833481 0.94339 0.82889
048 20797 28.901599 17.341127 0.94528 0.81781
049 20877 28.419591 17.325094 0.94389 0.81748
050 20545 28.456802 17.331592 0.94273 0.81669
051 20700 28.352272 17.343328 0.94123 0.81876
052 20952 28.443787 17.853588 0.94372 0.82880
053 20784 28.571049 17.359477 0.94276 0.81796
054 20937 28.459371 17.878319 0.93852 0.82880
055 20806 28.256499 17.352856 0.93886 0.81702
056 20947 28.575278 17.366408 0.93987 0.82037
057 20792 28.889541 17.368859 0.94628 0.81920
058 20708 28.428471 17.371010 0.94131 0.81834
059 20935 28.504920 17.374333 0.94391 0.81960
060 20853 28.471388 17.380931 0.94052 0.81788
061 20873 28.616645 17.392475 0.94737 0.82056
062 20865 28.685192 17.401999 0.94508 0.82101
063 20901 28.612901 17.399519 0.94951 0.81898
064 20981 28.349394 17.408159 0.94080 0.82037
065 20754 28.669068 17.406267 0.94766 0.81986
066 20998 28.219879 17.399593 0.93918 0.81933
067 20826 28.890516 17.397786 0.95088 0.81867
068 20777 28.283115 17.410950 0.93962 0.81961
069 20474 28.944962 16.947880 0.95049 0.80769
070 20585 28.542593 17.398652 0.94274 0.81794
071 20833 28.673374 17.415648 0.94741 0.82002
072 20881 28.686739 17.409736 0.94190 0.81944
073 20796 29.009493 17.409013 0.95123 0.81745
074 20906 28.670270 17.422818 0.94126 0.82022
075 20698 29.025020 17.432381 0.95108 0.82047
076 20728 28.563081 17.438837 0.94119 0.81897
077 20699 29.167260 17.000070 0.94875 0.80914
078 20625 28.841868 16.998655 0.94131 0.81029
079 20812 29.275706 17.458457 0.95315 0.81961
080 20781 29.411800 17.456742 0.94692 0.81959
081 20892 29.599056 17.450810 0.95491 0.81999
082 20962 29.449694 17.465433 0.95015 0.81996
083 20772 29.659334 17.469848 0.95373 0.82019
084 20621 29.282044 16.999059 0.95125 0.80758
085 20854 29.394023 17.480768 0.95362 0.81964
086 20829 29.344876 17.484526 0.95048 0.82109
087 20827 29.014543 17.463092 0.94862 0.81901
088 20906 29.091803 17.481918 0.94750 0.81748
089 20941 29.242452 17.499043 0.95277 0.81946
090 20920 29.203837 17.486772 0.94744 0.81957
091 20870 28.316208 17.495545 0.94040 0.81784
092 20619 28.744036 17.029832 0.94401 0.80563
093 20837 28.148611 17.481501 0.94253 0.81672
094 20912 28.250917 17.498857 0.93596 0.81761
095 20899 28.207895 17.512640 0.93968 0.81801
096 20803 28.360528 17.494678 0.94274 0.81568
