006 10926 32.663864 12.901037 0.98034 0.57714
007 10807 32.075084 12.903993 0.97712 0.57614
008 10766 31.599252 12.905457 0.97387 0.57640
009 10978 31.040173 12.901580 0.97047 0.57670
010 10987 30.476275 12.904830 0.96552 0.57471
011 10737 30.390795 12.916431 0.96279 0.57685
012 10807 29.536210 12.911676 0.95781 0.57503
013 10792 29.007267 12.921437 0.95102 0.57695
014 10804 28.560636 12.926410 0.94646 0.57667
015 10674 27.895268 12.771049 0.94119 0.56023
016 10830 27.099833 12.930293 0.93151 0.57544
017 10554 27.407751 12.778049 0.93550 0.56062
018 10649 26.921781 12.784928 0.92690 0.56154
019 10713 27.125750 12.789301 0.91940 0.56125
020 10654 26.450345 12.790078 0.91353 0.56059
021 10794 26.539663 12.795720 0.91257 0.56169
022 10906 26.240341 12.952561 0.90547 0.57509
023 10743 25.816112 12.802049 0.89574 0.56127
024 10823 25.480458 12.806720 0.88962 0.56049
025 10837 25.403057 12.972467 0.87507 0.57562
026 10740 24.611927 12.823564 0.86729 0.56120
027 10940 24.480537 12.986577 0.85648 0.57497
028 10654 24.416833 12.842281 0.86019 0.56289
029 10915 23.385158 13.012248 0.82008 0.57659
030 10764 23.852132 12.853221 0.82200 0.56146
031 10995 23.766433 13.019855 0.83568 0.57666
032 10985 23.330926 13.028906 0.80807 0.57468
033 10988 23.433135 13.030187 0.81967 0.57772
034 10738 23.228279 12.877561 0.80352 0.56087
035 10695 23.120705 12.882401 0.80469 0.56161
036 10868 23.105919 13.057228 0.79644 0.57715
037 10921 22.872592 13.053159 0.80910 0.57496
038 10929 23.081557 13.058947 0.80557 0.57688
039 10885 22.938670 13.054990 0.80358 0.57406
040 10919 23.039806 13.064196 0.80737 0.57576
041 10793 22.423869 13.069042 0.77603 0.57571
042 10955 22.542133 13.074134 0.77395 0.57572
043 10889 22.728287 13.080456 0.80456 0.57601
044 10461 22.396834 12.918543 0.77283 0.56023
045 10936 22.312094 13.081944 0.78408 0.57434
046 10647 22.185755 12.926636 0.78285 0.55985
047 10879 22.197996 13.098167 0.75668 0.57549
048 10805 21.933423 12.943538 0.74912 0.56151
049 10883 21.820946 13.107973 0.74938 0.57575
050 10708 21.940696 12.952112 0.75771 0.55995
051 10903 21.458395 13.121047 0.73001 0.57515
052 10488 21.202889 12.965609 0.67739 0.56046
053 10998 21.293996 13.141434 0.71780 0.57558
054 10973 21.145417 13.143620 0.73638 0.57548
055 10803 21.664191 13.150608 0.74285 0.57424
056 10908 21.393239 13.160321 0.73508 0.57605
057 10664 21.543628 13.011924 0.71531 0.56198
058 10665 21.515324 13.019635 0.71803 0.56113
059 10706 21.215453 13.027558 0.71313 0.56218
060 10907 21.534663 13.192046 0.71494 0.57493
061 10992 21.319520 13.195316 0.71414 0.57627
062 10883 20.836207 13.210041 0.71385 0.57796
063 10788 21.414773 13.069368 0.71339 0.56289
064 10696 21.364204 13.076678 0.72706 0.56237
065 10627 21.194600 13.074511 0.71741 0.56288
066 10527 21.163981 13.079423 0.72268 0.56271
067 10714 21.070797 13.075609 0.70944 0.56169
068 10624 21.274413 13.088951 0.73315 0.56249
069 10716 21.475321 13.082512 0.71788 0.56170
070 10601 21.022785 13.085745 0.71610 0.56069
071 10996 21.041965 13.229617 0.69953 0.57758
072 10705 20.735775 13.107005 0.70367 0.56292
073 10954 20.558814 13.234831 0.67993 0.57526
074 10826 20.801677 13.240060 0.71424 0.57756
075 10906 21.238785 13.247595 0.72316 0.57788
076 10990 21.022399 13.252931 0.71170 0.57686
077 10941 20.746458 13.265072 0.69288 0.57767
078 10949 20.587513 13.265421 0.69300 0.57809
079 10756 20.521470 13.150173 0.68823 0.56269
080 10594 20.312171 13.152464 0.70355 0.56305
081 10480 20.455012 13.149148 0.68455 0.56236
082 10870 20.799155 13.269647 0.70118 0.57733
083 10694 20.684041 13.162209 0.70541 0.56425
084 10863 20.993981 13.155454 0.70096 0.56327
085 10972 20.619116 13.268170 0.69128 0.57786
086 10990 20.653726 13.268685 0.67688 0.57960
087 10998 20.102450 13.257030 0.61259 0.57891
088 10619 20.247167 13.159754 0.64224 0.56208
089 10998 20.301622 13.263392 0.65333 0.57924
090 10987 20.778566 13.254161 0.68775 0.57949
091 10932 20.425496 13.252091 0.66351 0.57810
092 10948 19.951366 13.260974 0.66996 0.57759
093 10865 20.328720 13.255794 0.64436 0.57744
094 10596 20.244135 13.169430 0.64879 0.56268
095 10952 20.178676 13.272500 0.66437 0.57812
096 10632 20.553753 13.177212 0.66811 0.56175
