002 4379 9.218028 32.233719 0.40128 0.87333
003 4857 33.688897 33.221464 0.88602 0.87865
004 4967 21.188351 33.413037 0.86253 0.88028
005 4989 33.930137 33.456069 0.89122 0.88260
006 4973 21.191182 33.451746 0.86410 0.88050
007 4991 33.901867 33.488729 0.88988 0.88072
008 4609 21.172897 32.786606 0.86073 0.87864
009 4996 33.972429 33.466319 0.89062 0.88096
010 4620 21.175405 32.841652 0.86015 0.87839
011 4990 33.951350 33.459054 0.89221 0.88243
012 4607 21.170225 32.797419 0.85870 0.87682
013 4972 33.899465 33.410130 0.89048 0.88138
014 4608 21.171222 32.795535 0.85994 0.87798
015 4972 33.922861 33.464501 0.89259 0.88339
016 4620 21.170239 32.796023 0.85978 0.87800
017 4975 33.947787 33.489002 0.89037 0.88171
018 4615 21.168223 32.710571 0.85836 0.87633
019 4981 33.907689 33.404543 0.88993 0.88061
020 4969 21.187779 33.391255 0.86465 0.88124
021 4949 33.898008 33.371608 0.89089 0.88100
022 4964 21.186698 33.330376 0.86431 0.88073
023 4966 33.885855 33.400200 0.88945 0.88035
024 4990 21.187703 33.468136 0.86413 0.88068
025 4963 33.978710 33.491494 0.89329 0.88371
026 4676 21.165395 32.725936 0.85701 0.87492
027 4996 33.749925 33.304914 0.88701 0.87775
028 4657 21.165184 32.642259 0.85571 0.87357
029 4996 33.684432 33.181993 0.88627 0.87659
030 4630 21.167804 32.717721 0.85907 0.87764
031 4998 33.684114 33.192717 0.88835 0.87860
032 4683 21.171536 32.951272 0.85751 0.88001
033 4972 33.638143 33.184623 0.88306 0.87768
034 4736 21.167336 32.815905 0.85551 0.87724
035 4983 33.690707 33.263835 0.88187 0.87659
036 4978 21.178946 33.142330 0.85496 0.87496
037 4963 33.724405 33.303123 0.88304 0.87794
038 4755 21.168998 32.838286 0.85207 0.87366
039 4995 33.956678 33.709673 0.88907 0.88366
040 4985 21.188630 33.395521 0.86014 0.88087
041 4998 34.272200 33.985230 0.89791 0.89172
042 4976 21.203483 33.878767 0.86707 0.88812
043 4979 34.216248 33.955299 0.89428 0.88870
044 4668 21.172444 32.968502 0.85605 0.87814
045 4980 33.925305 33.537598 0.88882 0.88313
046 4727 21.169677 32.895180 0.85382 0.87557
047 4992 33.750398 33.403168 0.88321 0.87852
048 4754 21.168248 32.823719 0.85245 0.87429
049 4981 33.606535 33.161925 0.88094 0.87544
050 4988 21.187546 33.269985 0.85931 0.87966
