002 5672 9.218062 34.121955 0.40190 0.89279
003 6990 35.709395 35.295145 0.91552 0.91056
004 6971 21.284474 35.333731 0.89285 0.91068
005 7000 36.954514 35.371934 0.92571 0.91063
006 6971 21.297513 35.348056 0.89752 0.91080
007 6999 37.589987 35.359996 0.93397 0.91163
008 6998 16.232965 35.340094 0.84655 0.91102
009 6951 39.401089 35.346505 0.95309 0.91154
010 1943 9.552543 13.563735 0.43800 0.64515
011 6999 36.433777 35.322805 0.92462 0.91097
012 6972 14.547231 35.367606 0.79889 0.91156
013 6949 38.253034 35.278360 0.94223 0.91075
014 3380 12.602959 28.776841 0.71007 0.83445
015 6979 37.756800 35.287397 0.93678 0.91093
016 6944 12.598826 35.259447 0.71836 0.90999
017 6996 39.220295 35.369363 0.95156 0.91095
018 3077 10.013528 28.327526 0.50760 0.82171
019 6970 36.518346 35.295940 0.92724 0.91086
020 6932 15.809482 35.236829 0.82938 0.91029
021 6970 37.015525 35.278508 0.93076 0.91000
022 4264 15.108075 31.882953 0.80322 0.87263
023 6979 37.473493 35.254167 0.93432 0.90943
024 6958 15.121813 35.231290 0.82065 0.91073
025 6972 39.181084 35.348369 0.95261 0.91229
026 6843 10.836085 34.978024 0.58928 0.90633
027 6981 37.298967 35.124143 0.93532 0.90804
028 6910 14.569446 35.007428 0.81245 0.90684
029 6998 39.859922 35.005436 0.95720 0.90690
030 6847 11.742539 34.983848 0.66431 0.90813
031 4242 37.030917 31.026744 0.93333 0.86778
032 4087 21.307506 30.657188 0.90444 0.86708
033 4302 36.933798 32.045229 0.92997 0.87060
034 6995 21.351903 35.066645 0.92038 0.90810
035 3424 38.258537 28.877936 0.94410 0.83265
036 6930 12.022552 35.017847 0.68893 0.90571
037 6934 39.195935 35.150224 0.95291 0.90909
038 2786 11.653513 27.283577 0.65908 0.80041
039 6945 38.333658 35.421781 0.94548 0.91232
040 6992 13.510628 35.233459 0.76848 0.90936
041 6987 39.579321 35.910629 0.95758 0.91753
042 2523 11.287021 16.781117 0.62820 0.74076
043 6974 38.253077 35.811199 0.94413 0.91591
044 6952 12.009016 35.310995 0.68719 0.91011
045 6896 39.710174 35.345578 0.95718 0.91118
046 3104 10.840227 28.253608 0.59077 0.81939
047 6941 37.795575 35.167142 0.94113 0.90779
048 6960 12.607327 35.064431 0.72320 0.90611
049 6991 39.771797 35.085955 0.95565 0.90645
050 3028 10.845712 28.119774 0.59129 0.81746
