002 1889 9.217942 13.366643 0.39889 0.63558
003 6000 34.480546 34.437004 0.90132 0.90021
004 5994 21.248124 34.455661 0.87991 0.90068
005 5963 35.043175 34.445346 0.90651 0.90006
006 5970 21.248154 34.461590 0.87997 0.89954
007 5985 35.049283 34.454737 0.90691 0.90010
008 5946 21.248342 34.432417 0.88237 0.89996
009 6000 35.061781 34.496083 0.90677 0.90012
010 5999 21.249353 34.499391 0.88132 0.90040
011 5980 35.049396 34.443161 0.90743 0.90028
012 5984 21.246810 34.476550 0.88064 0.90010
013 5997 35.035302 34.446021 0.90572 0.90106
014 5949 21.245658 34.437476 0.88261 0.90010
015 5993 35.057573 34.451775 0.90802 0.90186
016 5964 21.248315 34.418630 0.88107 0.89965
017 5977 34.996853 34.454345 0.90669 0.90081
018 5977 21.247391 34.416045 0.88172 0.89924
019 5961 34.980374 34.400727 0.90520 0.89953
020 5951 21.245011 34.388849 0.88141 0.89874
021 5963 35.034181 34.418756 0.90663 0.89904
022 5965 21.248675 34.371114 0.88148 0.89945
023 5996 34.968833 34.453643 0.90622 0.90017
024 5990 21.246321 34.400674 0.88172 0.89974
025 5968 35.081620 34.464559 0.90869 0.90187
026 5969 21.240891 34.223450 0.87967 0.89575
027 5999 35.020935 34.285559 0.90644 0.89671
028 5998 21.243306 34.244603 0.87873 0.89692
029 5997 34.799529 34.201967 0.90478 0.89540
030 5970 21.238194 34.269743 0.87800 0.89868
031 5998 34.705512 34.193160 0.90319 0.89683
032 5998 21.248463 34.396088 0.88105 0.90156
033 5997 34.794669 34.246577 0.90314 0.89597
034 5941 21.231748 34.157946 0.87652 0.89664
035 5974 34.792991 34.289739 0.90187 0.89544
036 5973 21.230907 34.194759 0.87395 0.89392
037 5976 34.919232 34.338935 0.90334 0.89688
038 5993 21.235085 34.233880 0.87475 0.89496
039 5982 35.146607 34.546404 0.90951 0.90216
040 5979 21.243042 34.371672 0.87946 0.89933
041 5957 35.487839 34.821476 0.91497 0.90898
042 5997 21.259459 34.709464 0.88570 0.90553
043 5961 35.341399 34.840472 0.91247 0.90759
044 5958 21.245231 34.402477 0.88019 0.90020
045 5958 34.960497 34.540808 0.90863 0.90183
046 5987 21.242302 34.297703 0.87702 0.89587
047 5991 34.805332 34.371785 0.90307 0.89741
048 5994 21.238186 34.265095 0.87597 0.89643
049 5983 34.668614 34.224449 0.90094 0.89507
050 5973 21.241241 34.313579 0.87735 0.89792
