002 2941 9.217980 27.735717 0.40027 0.81224
003 2982 16.693112 27.948408 0.74783 0.81557
004 2998 21.166353 28.166216 0.85815 0.81823
005 2958 33.669901 27.969172 0.88769 0.81766
006 2977 21.172574 28.173850 0.85945 0.81906
007 2976 33.695539 28.189651 0.88802 0.81917
008 2945 21.174410 27.794568 0.86101 0.81502
009 2947 33.737706 27.963613 0.88844 0.81593
010 2953 21.175321 28.010499 0.86043 0.81821
011 2947 33.739692 27.794383 0.88886 0.81480
012 2985 21.173549 28.170559 0.86049 0.81919
013 2894 33.634816 27.607107 0.88695 0.81192
014 2984 21.174491 27.960568 0.86048 0.81768
015 2939 33.721749 27.760501 0.88928 0.81500
016 2940 21.170540 27.769626 0.86018 0.81447
017 2972 33.782213 27.773934 0.88886 0.81408
018 2902 21.173748 27.739709 0.86064 0.81251
019 2982 33.731738 27.953306 0.88776 0.81633
020 2942 21.169633 27.755544 0.85938 0.81415
021 2953 33.708836 27.928341 0.88736 0.81709
022 2991 21.171098 27.944885 0.86005 0.81707
023 2991 33.755470 27.952683 0.88871 0.81665
024 2903 21.176326 27.721519 0.86127 0.81191
025 2991 33.740163 27.991128 0.88923 0.81911
026 2976 21.156054 27.806524 0.85611 0.81206
027 2992 33.549302 28.019661 0.88512 0.81462
028 2939 21.166607 27.603964 0.85701 0.80778
029 2964 33.527343 27.785376 0.88481 0.81032
030 2975 21.164725 27.902995 0.85880 0.81496
031 2968 33.421202 27.624632 0.88396 0.80983
032 3000 21.169013 28.013676 0.86065 0.81825
033 2997 33.449902 27.840871 0.88433 0.81277
034 2896 21.166770 27.425470 0.85894 0.80631
035 2925 33.535085 27.792645 0.88423 0.80999
036 2945 21.169621 27.774554 0.85642 0.80936
037 2992 33.705681 27.878284 0.88675 0.81272
038 2932 21.171710 27.784884 0.85724 0.80986
039 2991 33.780824 28.041097 0.88911 0.81929
040 2989 21.176704 27.913522 0.85936 0.81520
041 2935 34.021469 27.911737 0.89542 0.82233
042 2999 21.188379 28.190770 0.86602 0.82404
043 2990 34.088888 28.261327 0.89553 0.82472
044 2994 21.178716 28.187243 0.86241 0.81877
045 2982 33.813811 28.034495 0.89014 0.81788
046 2965 21.167792 27.865312 0.85745 0.81281
047 2876 33.688322 27.655188 0.88659 0.80932
048 2988 21.170843 28.027688 0.85806 0.81361
049 2998 33.529100 28.117231 0.88436 0.81439
050 2991 21.174536 27.888622 0.85852 0.81386
