002 2606 9.217971 17.853415 0.40009 0.75187
003 7986 36.377377 36.163360 0.92390 0.91801
004 5223 14.530399 33.702962 0.78494 0.88430
005 7906 37.034559 36.203093 0.92945 0.91727
006 7935 14.543242 36.204351 0.80448 0.91806
007 4099 37.972788 30.795241 0.93982 0.86786
008 3414 12.593564 28.954959 0.71433 0.83678
009 7975 39.499684 36.213082 0.95205 0.91877
010 2446 9.553855 16.765327 0.43877 0.73536
011 7976 36.732965 36.242893 0.92961 0.91804
012 7983 12.597400 36.235991 0.71858 0.91904
013 7919 39.774387 36.206159 0.95408 0.91812
014 7697 10.009793 36.147681 0.51224 0.91630
015 7963 37.549522 36.178264 0.93862 0.91818
016 3416 12.595744 28.921589 0.70936 0.83647
017 7973 38.152300 36.221168 0.93977 0.91804
018 7734 12.600402 36.131766 0.72206 0.91530
019 7919 39.133121 36.219499 0.95248 0.91806
020 7895 12.025139 36.204111 0.69083 0.91760
021 7916 37.830456 36.155533 0.95063 0.91680
022 7961 11.461706 36.194391 0.64870 0.91765
023 7997 38.569060 36.179315 0.94993 0.91699
024 7974 12.080086 36.177820 0.69324 0.91852
025 7987 39.285715 36.307193 0.95816 0.91941
026 7344 11.415298 35.523666 0.63843 0.90921
027 7955 37.970083 36.070833 0.94601 0.91540
028 3554 12.608299 29.180742 0.71288 0.83804
029 4860 36.327893 32.964464 0.92661 0.87511
030 4491 21.288215 32.530591 0.89973 0.87670
031 7978 38.474332 36.017929 0.94627 0.91542
032 7444 14.037505 35.981917 0.79392 0.91353
033 7995 38.983999 36.042563 0.95704 0.91492
034 2666 10.844309 17.871743 0.58756 0.75056
035 7964 37.231705 36.053103 0.93353 0.91438
036 7997 13.504437 35.946047 0.76589 0.91368
037 7944 39.525083 36.123807 0.95504 0.91606
038 2904 10.850027 27.590711 0.58777 0.80681
039 5226 36.675151 33.879954 0.92818 0.88763
040 7995 21.341059 36.167034 0.91404 0.91712
041 7964 39.579543 36.683039 0.95493 0.92524
042 2231 10.839956 15.172327 0.58811 0.71008
043 7953 38.553487 36.630053 0.94562 0.92388
044 7940 12.008456 36.264383 0.68568 0.91764
045 7992 39.896781 36.347832 0.95718 0.91918
046 2631 10.839586 19.272655 0.58868 0.76802
047 5001 36.777305 33.403168 0.92758 0.87852
048 5132 21.294843 33.528624 0.89650 0.87852
049 7935 38.150504 35.972209 0.94005 0.91273
050 3582 12.604647 29.271442 0.71209 0.84096
