002 5672 9.218062 34.121955 0.40190 0.89279
003 7232 36.038189 35.630854 0.91723 0.91200
004 6381 21.273207 34.787508 0.88905 0.90577
005 9966 38.251100 37.466482 0.94121 0.93570
006 9952 13.358197 37.484798 0.75800 0.93502
007 9970 40.345211 37.462435 0.96049 0.93556
008 9226 10.245002 36.903809 0.53146 0.93096
009 9953 39.102246 37.416646 0.95007 0.93506
010 4814 12.221528 33.218008 0.70195 0.88009
011 4975 38.590884 33.406361 0.94534 0.88215
012 3535 12.598055 29.392271 0.72041 0.84306
013 5053 38.982653 33.628716 0.94833 0.88266
014 3507 10.011925 29.311046 0.50830 0.84266
015 9995 38.293355 37.473268 0.94509 0.93488
016 9654 12.221165 37.175342 0.70378 0.93275
017 9974 40.031426 37.441809 0.95759 0.93408
018 7042 10.015339 35.366688 0.51052 0.91052
019 9931 38.188590 37.411621 0.94122 0.93416
020 9985 12.605820 37.439874 0.72430 0.93481
021 9957 39.747189 37.396421 0.95700 0.93429
022 9780 10.839767 37.236451 0.59455 0.93346
023 9979 37.506717 37.451524 0.95155 0.93444
024 4300 12.077256 32.177223 0.68789 0.87341
025 9984 38.997848 37.555823 0.95828 0.93530
026 3401 10.838256 28.640678 0.58731 0.83037
027 9952 38.028024 37.180245 0.94840 0.93151
028 9893 12.226330 37.132602 0.70827 0.93126
029 9976 39.329248 37.154911 0.96173 0.93101
030 6592 10.846024 34.773344 0.59298 0.90650
031 9967 38.585317 37.197251 0.95341 0.93218
032 4576 12.614644 32.726926 0.72361 0.87896
033 4990 37.773409 33.201410 0.94384 0.87791
034 9424 12.606359 36.794266 0.72551 0.92969
035 4590 38.051938 32.573841 0.94835 0.87237
036 3465 10.845036 28.838512 0.58827 0.83195
037 9985 38.593400 37.307554 0.95380 0.93343
038 9206 12.027581 36.700670 0.69090 0.92676
039 4903 37.910150 33.446442 0.94773 0.88250
040 9673 12.609654 37.162926 0.72674 0.93236
041 9989 39.604085 38.077181 0.96647 0.94122
042 3280 10.844467 28.914436 0.59145 0.83903
043 10000 39.690630 38.004272 0.95625 0.94018
044 3595 12.020961 29.496625 0.68610 0.84436
045 4897 38.545245 33.410330 0.94488 0.88221
046 3841 14.571472 30.007062 0.80962 0.85229
047 4068 38.930545 30.711756 0.95011 0.86351
048 3502 11.736976 29.145701 0.65678 0.83635
049 9956 39.366851 37.110758 0.95524 0.93059
050 3676 10.845095 29.431044 0.58960 0.84455
