002 1049 9.217684 10.576076 0.39687 0.47825
003 1963 13.781223 13.718924 0.65540 0.65293
004 1987 18.973397 13.752963 0.80196 0.65458
005 1940 33.698267 13.786512 0.88661 0.65563
006 1991 21.155748 13.825969 0.85556 0.65746
007 1943 33.388908 13.527464 0.88368 0.64324
008 1986 21.167595 13.893766 0.85780 0.66057
009 1985 33.606830 13.902878 0.88491 0.66140
010 1980 21.160852 13.902989 0.85588 0.66107
011 1963 33.638609 13.899240 0.88509 0.66052
012 1964 21.161708 13.895267 0.85676 0.66073
013 1972 33.403848 13.892876 0.88314 0.66069
014 1952 21.164025 13.889310 0.85693 0.66002
015 1932 33.537933 13.550343 0.88486 0.64475
016 1992 21.154552 13.886877 0.85583 0.65980
017 1962 33.556658 13.549823 0.88495 0.64480
018 1977 21.158680 13.883795 0.85647 0.65986
019 1927 33.349282 13.548532 0.88325 0.64393
020 1935 21.143397 13.549790 0.85408 0.64379
021 1960 33.269215 13.887016 0.88254 0.65962
022 1937 21.159197 13.552540 0.85584 0.64363
023 1986 33.448074 13.890149 0.88369 0.66053
024 1991 21.146161 13.888570 0.85509 0.65911
025 1999 33.262055 13.894372 0.88477 0.66118
026 1972 21.132053 13.889182 0.85245 0.65526
027 1988 33.044414 13.891959 0.88002 0.65641
028 1959 21.142589 13.894268 0.85275 0.65523
029 1988 33.075289 13.895081 0.87927 0.65519
030 2000 21.120239 13.904199 0.85328 0.65795
031 1972 33.214201 13.904664 0.88283 0.65595
032 1967 21.149962 13.916648 0.85827 0.66091
033 1967 33.074977 13.909457 0.88129 0.65605
034 1973 21.126485 13.580000 0.85319 0.64196
035 1966 32.973845 13.916462 0.87935 0.65538
036 1987 21.130068 13.919456 0.85174 0.65523
037 1984 33.377541 13.929223 0.88426 0.65794
038 1906 21.145307 13.593486 0.85353 0.64016
039 1964 33.294214 13.944868 0.88554 0.66304
040 1950 21.158503 13.941902 0.85729 0.65933
041 1912 33.732501 13.416642 0.89380 0.64926
042 1999 21.175229 13.942912 0.86356 0.66683
043 1932 33.800775 13.606804 0.89283 0.65320
044 1970 21.166591 13.937112 0.86000 0.66188
045 1952 33.536810 13.940372 0.88663 0.66172
046 1972 21.142080 13.936237 0.85355 0.65756
047 1954 33.405081 13.939638 0.88338 0.65875
048 1981 21.152096 13.939323 0.85459 0.65685
049 1944 33.151777 13.940574 0.88101 0.65703
050 1954 21.147903 13.946714 0.85487 0.65905
