002 1368 9.217840 11.771473 0.39789 0.55680
003 3961 22.904880 30.393920 0.83922 0.86008
004 3970 21.169439 30.397169 0.85802 0.86052
005 3914 33.699936 30.333032 0.88776 0.85978
006 3994 21.174156 30.553451 0.85973 0.86304
007 3928 33.700542 30.350551 0.88749 0.85982
008 3977 21.174034 30.426893 0.86001 0.86243
009 3943 33.763764 30.381245 0.88826 0.86043
010 3970 21.175083 30.436069 0.85945 0.86212
011 3929 33.718954 30.260798 0.88772 0.85896
012 3990 21.173691 30.577306 0.86000 0.86370
013 3989 33.652275 30.414847 0.88631 0.86203
014 3917 21.173825 30.247456 0.85948 0.85821
015 3988 33.742358 30.423576 0.88891 0.86300
016 3985 21.170076 30.434043 0.85946 0.86218
017 3935 33.785229 30.264526 0.88880 0.85832
018 3941 21.172016 30.335389 0.85991 0.85935
019 3974 33.728300 30.384562 0.88780 0.86085
020 3911 21.172919 30.226697 0.85957 0.85833
021 3963 33.713476 30.381317 0.88696 0.86187
022 3897 21.169736 30.081394 0.85888 0.85607
023 3958 33.759410 30.378457 0.88803 0.86040
024 3932 21.173945 30.334917 0.86035 0.85956
025 3991 33.754252 30.486566 0.88907 0.86450
026 3951 21.165185 30.184863 0.85670 0.85512
027 3973 33.607340 30.252283 0.88563 0.85694
028 3972 21.168117 30.234717 0.85716 0.85651
029 4000 33.569232 30.347071 0.88491 0.85819
030 3976 21.166738 30.342783 0.85884 0.86016
031 3951 33.510686 30.191735 0.88432 0.85540
032 3954 21.170889 30.396564 0.86052 0.86103
033 3981 33.527802 30.268788 0.88380 0.85778
034 3931 21.166034 30.093071 0.85805 0.85572
035 3993 33.620636 30.400600 0.88436 0.85839
036 3920 21.167282 30.160161 0.85399 0.85382
037 3986 33.629949 30.337100 0.88393 0.85791
038 3901 21.168956 30.135119 0.85481 0.85262
039 3930 33.781635 30.424126 0.88869 0.86070
040 3921 21.174535 30.197482 0.85872 0.85696
041 3973 34.019857 30.750639 0.89558 0.86973
042 3988 21.187258 30.701945 0.86586 0.86857
043 3888 34.025314 30.576318 0.89438 0.86532
044 3907 21.177254 30.373112 0.86081 0.85835
045 3905 33.787655 30.293759 0.88844 0.85883
046 3917 21.170013 30.264714 0.85660 0.85623
047 3965 33.695988 30.334064 0.88560 0.85779
048 3991 21.172143 30.269608 0.85731 0.85623
049 3974 33.562838 30.210055 0.88392 0.85488
050 3944 21.175316 30.265919 0.85819 0.85722
