002 656 9.217271 9.789011 0.39415 0.41488
003 985 11.688016 10.461974 0.54587 0.46853
004 979 13.066291 10.471854 0.62076 0.46958
005 960 15.950276 10.480928 0.72420 0.47005
006 993 17.539244 10.615837 0.76880 0.48169
007 920 30.762719 10.494554 0.87175 0.47108
008 935 21.165873 10.498393 0.85792 0.47137
009 925 33.577494 10.504178 0.88475 0.47181
010 948 21.161406 10.507994 0.85654 0.47198
011 992 33.462276 10.510539 0.88396 0.47228
012 944 21.164110 10.513377 0.85737 0.47288
013 972 33.577220 10.515951 0.88474 0.47296
014 918 21.158332 10.517561 0.85623 0.47316
015 986 33.376137 10.519359 0.88410 0.47396
016 962 21.162783 10.521909 0.85720 0.47358
017 975 33.530805 10.524184 0.88488 0.47343
018 923 21.153027 10.525644 0.85570 0.47393
019 982 33.261943 10.527773 0.88308 0.47386
020 966 21.135251 10.528985 0.85442 0.47400
021 961 33.079537 10.531627 0.88278 0.47402
022 921 21.127576 10.533011 0.85416 0.47417
023 996 33.311608 10.535270 0.88406 0.47424
024 955 21.143744 10.535589 0.85561 0.47431
025 988 33.223541 10.537280 0.88396 0.47571
026 988 21.115114 10.535191 0.84998 0.47173
027 994 33.304471 10.537148 0.88197 0.47254
028 965 21.136864 10.539218 0.85215 0.47198
029 925 32.956674 10.538981 0.87863 0.47190
030 956 21.136811 10.545931 0.85342 0.47416
031 969 33.062939 10.544607 0.87960 0.47245
032 916 21.138270 10.551079 0.85543 0.47607
033 993 32.832520 10.546577 0.87807 0.47257
034 962 21.137683 10.548874 0.85251 0.47321
035 952 33.024817 10.548235 0.87824 0.47265
036 974 21.117953 10.550417 0.84801 0.47211
037 953 33.040019 10.553443 0.88057 0.47420
038 1000 21.130392 10.553332 0.85035 0.47263
039 992 33.200542 10.560415 0.88349 0.47759
040 972 21.131113 10.559150 0.85209 0.47480
041 968 33.460296 10.570278 0.89037 0.48292
042 999 21.162631 10.546409 0.86113 0.47838
043 953 33.458057 10.545398 0.88959 0.48016
044 956 21.148772 10.541954 0.85995 0.47502
045 988 33.596824 10.543050 0.89070 0.47574
046 993 21.161428 10.543254 0.85896 0.47307
047 949 33.407935 10.545597 0.88639 0.47371
048 974 21.150629 10.546635 0.85697 0.47268
049 980 33.405812 10.547958 0.88527 0.47278
050 945 21.161211 10.551977 0.85876 0.47404
