002 2606 9.217971 17.853415 0.40009 0.75187
003 8977 36.938020 36.738476 0.93127 0.92951
004 8949 12.592567 36.796173 0.72012 0.92958
005 8951 40.272263 36.766334 0.95850 0.92984
006 6859 9.553521 35.237744 0.44224 0.91006
007 8978 37.543736 36.765632 0.93681 0.92995
008 8982 12.595165 36.771611 0.72096 0.92991
009 8922 39.760900 36.699681 0.95763 0.92914
010 2446 9.553264 16.765327 0.43721 0.73536
011 6592 36.186768 34.944233 0.91949 0.90798
012 8980 21.327525 36.756128 0.91170 0.92958
013 8941 39.101689 36.748672 0.95085 0.92942
014 2623 9.554612 17.873377 0.43695 0.75413
015 8940 37.119804 36.723501 0.93304 0.92877
016 4200 12.595679 31.178282 0.70757 0.87104
017 8939 38.346578 36.730433 0.94346 0.92859
018 8646 12.611678 36.545770 0.72299 0.92547
019 8897 39.430590 36.715953 0.95503 0.92856
020 8921 10.833510 36.723381 0.59287 0.92910
021 8994 37.250253 36.732077 0.94369 0.92857
022 8939 12.070326 36.709299 0.69002 0.92906
023 8888 39.372962 36.676764 0.95606 0.92803
024 3749 10.838928 29.815781 0.58766 0.85176
025 8894 38.335084 36.811716 0.94456 0.93001
026 8979 14.578877 36.525534 0.81304 0.92549
027 8957 39.358765 36.551883 0.95817 0.92630
028 2694 10.841504 21.256344 0.58675 0.78031
029 8905 38.277024 36.423318 0.94176 0.92419
030 8921 14.582057 36.600647 0.81305 0.92730
031 8832 39.283212 36.406089 0.95721 0.92487
032 2634 10.846386 17.890125 0.58872 0.75442
033 8981 38.839008 36.524823 0.94857 0.92561
034 3744 12.229720 29.584063 0.70031 0.84749
035 8986 39.164486 36.572028 0.95087 0.92558
036 8690 12.027781 36.242536 0.68857 0.92099
037 8982 39.712844 36.621864 0.95761 0.92752
038 6673 10.850774 34.809134 0.59002 0.90496
039 8980 38.586828 36.889646 0.94808 0.93091
040 8893 12.232122 36.646445 0.70420 0.92743
041 4265 38.531733 32.091297 0.94835 0.88280
042 8949 14.572881 37.098487 0.81991 0.93321
043 8643 40.049831 36.974376 0.96621 0.93192
044 2333 10.842208 15.969021 0.58895 0.71990
045 5537 36.597364 34.154123 0.92630 0.89396
046 8996 21.345198 36.594795 0.91693 0.92595
047 8801 39.274402 36.524835 0.95425 0.92434
048 0    
