002 3966 39.111634 30.341069 0.97609 0.86001
003 3937 42.778273 30.358114 0.97485 0.85914
004 3995 41.097090 30.397169 0.97371 0.86052
005 3994 39.619293 30.413981 0.97245 0.86283
006 3969 41.942974 30.553451 0.97041 0.86304
007 3986 41.926894 30.550653 0.97065 0.86369
008 3987 41.780717 30.430179 0.97006 0.86246
009 3979 41.715724 30.381245 0.96999 0.86043
010 3984 41.631087 30.436069 0.97000 0.86212
011 3990 41.539901 30.422999 0.96979 0.86202
012 3920 41.350869 30.374304 0.96949 0.85986
013 3992 41.445615 30.414847 0.96981 0.86203
014 3981 41.371986 30.431008 0.96994 0.86219
015 3955 40.936640 30.356736 0.96927 0.86086
016 3990 40.404534 30.434043 0.96873 0.86218
017 3961 39.818012 30.363816 0.96799 0.85922
018 3937 39.418670 30.335389 0.96783 0.85935
019 3929 39.631437 30.300868 0.96344 0.85809
020 3955 39.839673 30.379311 0.96501 0.86116
021 3884 39.068224 30.184158 0.96212 0.85788
022 3936 38.785959 30.287368 0.95871 0.85826
023 3976 37.164923 30.382656 0.96119 0.86044
024 3988 38.853529 30.520276 0.96098 0.86314
025 3885 38.284288 30.190220 0.96437 0.85922
026 3940 38.688158 30.184863 0.95945 0.85512
027 3991 38.383292 30.420979 0.95902 0.85988
028 3933 37.539120 30.197168 0.95667 0.85553
029 3989 38.212136 30.207172 0.96172 0.85578
030 3977 38.089481 30.342783 0.95785 0.86016
031 3964 37.060112 30.223381 0.95183 0.85666
032 3994 37.254721 30.463452 0.95285 0.86315
033 3968 38.398852 30.268788 0.95738 0.85778
034 3926 38.286350 30.093071 0.95406 0.85572
035 3993 38.062149 30.400600 0.95265 0.85839
036 3972 38.261835 30.197096 0.95692 0.85478
037 3972 38.836417 30.333883 0.95646 0.85788
038 3976 37.346315 30.219747 0.94779 0.85543
039 3967 37.575500 30.511065 0.95097 0.86381
040 3918 38.502439 30.197482 0.95519 0.85696
041 3921 38.676442 30.524666 0.95718 0.86704
042 3992 38.118224 30.701945 0.95214 0.86857
043 3987 38.919416 30.904857 0.95832 0.87132
044 3957 39.338277 30.458929 0.95608 0.86120
045 3890 39.490047 30.192815 0.95773 0.85720
046 3957 38.559540 30.315429 0.95057 0.85813
047 3943 39.127338 30.312350 0.95504 0.85705
048 3949 38.461709 30.251372 0.94993 0.85556
049 3963 38.896821 30.210055 0.95369 0.85488
050 3939 38.431958 30.152901 0.95060 0.85615
051 3957 38.915070 30.312283 0.95431 0.85842
