002 4947 39.169124 33.328214 0.97726 0.87959
003 4903 43.292381 33.285149 0.97688 0.87915
004 4883 41.439956 33.247899 0.97556 0.87896
005 4982 39.889448 33.456069 0.97446 0.88260
006 4905 42.473330 33.328685 0.97347 0.87964
007 4893 42.447712 33.281193 0.97338 0.87951
008 4967 42.294351 33.451993 0.97307 0.88215
009 4902 42.201599 33.311692 0.97280 0.87975
010 4983 42.156657 33.507445 0.97304 0.88194
011 4938 42.021246 33.365965 0.97277 0.88192
012 4929 41.871628 33.331394 0.97270 0.87983
013 4944 41.876732 33.410130 0.97270 0.88138
014 4917 41.811321 33.337082 0.97274 0.88085
015 4980 41.389298 33.464501 0.97231 0.88339
016 4998 40.766772 33.429104 0.97171 0.88145
017 4960 40.140903 33.435715 0.97096 0.88143
018 4982 40.350558 33.400009 0.96774 0.88004
019 4982 40.520437 33.404543 0.96878 0.88061
020 4989 39.845418 33.443056 0.96739 0.88150
021 4967 39.575110 33.442674 0.96398 0.88141
022 4774 37.596791 33.034133 0.96593 0.87872
023 4958 38.939701 33.382224 0.96543 0.88025
024 4987 38.777034 33.468136 0.96862 0.88068
025 4951 40.520725 33.491494 0.96743 0.88371
026 4974 38.934608 33.175480 0.96319 0.87746
027 4985 38.605016 33.253993 0.96315 0.87747
028 4907 38.502962 33.096385 0.96648 0.87616
029 4998 39.624110 33.181993 0.96465 0.87659
030 4986 38.213843 33.327550 0.96125 0.88118
031 4987 37.197245 33.192717 0.95690 0.87860
032 4982 37.451067 33.446896 0.95748 0.88302
033 4880 39.076911 33.037118 0.96333 0.87659
034 4960 39.076858 33.154401 0.96001 0.87938
035 4908 37.620883 33.185586 0.95423 0.87572
036 4968 37.927125 33.142330 0.95391 0.87496
037 4946 39.246204 33.257060 0.96217 0.87748
038 4969 39.275147 33.179792 0.95791 0.87577
039 4986 39.228682 33.622686 0.95992 0.88336
040 4876 39.939859 33.200602 0.96395 0.87946
041 4996 39.989690 33.985230 0.96333 0.89172
042 4886 40.186399 33.656750 0.96519 0.88683
043 4993 40.182962 33.955299 0.96299 0.88870
044 4961 40.001738 33.429333 0.96325 0.88089
045 4986 40.059341 33.594666 0.96070 0.88338
046 4944 39.720185 33.219120 0.96175 0.87742
047 4997 39.977352 33.403168 0.95990 0.87852
048 4861 39.073371 32.988775 0.95744 0.87525
049 4943 40.234040 33.114943 0.96331 0.87501
050 4973 39.673195 33.269985 0.95900 0.87966
051 4983 40.147211 33.262471 0.96277 0.87844
