002 973 38.002214 10.449303 0.96739 0.46715
003 960 38.817998 10.461974 0.95939 0.46853
004 994 37.880676 10.599596 0.95604 0.48077
005 1000 37.011787 10.609223 0.95453 0.48124
006 935 36.992129 10.487532 0.94495 0.47049
007 949 37.028279 10.494554 0.94568 0.47108
008 938 36.973599 10.498393 0.94504 0.47137
009 949 36.996813 10.504178 0.94533 0.47181
010 939 37.013901 10.507994 0.94554 0.47198
011 954 37.023399 10.510539 0.94530 0.47228
012 954 37.021991 10.513377 0.94525 0.47288
013 940 36.946591 10.515951 0.94515 0.47296
014 963 36.979304 10.517561 0.94556 0.47316
015 951 36.749019 10.519359 0.94464 0.47396
016 940 36.555186 10.521909 0.94393 0.47358
017 962 36.350613 10.524184 0.94403 0.47343
018 947 36.041285 10.525644 0.94312 0.47393
019 941 35.832809 10.527773 0.94234 0.47386
020 933 35.604290 10.528985 0.94181 0.47400
021 990 35.725581 10.665353 0.94203 0.48574
022 955 35.636754 10.533011 0.94239 0.47417
023 979 35.504419 10.535270 0.93195 0.47424
024 998 35.177290 10.676199 0.92723 0.48636
025 970 34.857290 10.537280 0.92204 0.47571
026 965 34.207327 10.535191 0.91543 0.47173
027 963 34.213998 10.537148 0.91551 0.47254
028 954 34.848309 10.539218 0.92023 0.47198
029 962 34.983295 10.538981 0.91771 0.47190
030 945 34.537577 10.545931 0.91517 0.47416
031 963 34.497684 10.544607 0.91449 0.47245
032 953 34.181634 10.551079 0.91393 0.47607
033 930 33.987934 10.546577 0.91102 0.47257
034 992 34.881906 10.548874 0.91722 0.47321
035 953 34.963732 10.548235 0.91638 0.47265
036 1000 34.555178 10.550417 0.91333 0.47211
037 984 34.667815 10.553443 0.91545 0.47420
038 968 34.185583 10.553332 0.91233 0.47263
039 971 35.423467 10.560415 0.92283 0.47759
040 962 35.102469 10.559150 0.91934 0.47480
041 988 35.316962 10.570278 0.92324 0.48292
042 945 34.951496 10.546409 0.92045 0.47838
043 957 34.826266 10.545398 0.92097 0.48016
044 999 35.399088 10.685023 0.92248 0.48722
045 959 35.226959 10.543050 0.92023 0.47574
046 957 34.700575 10.543254 0.91411 0.47307
047 943 34.665919 10.545597 0.91337 0.47371
048 950 34.845404 10.546635 0.91284 0.47268
049 945 34.786916 10.547958 0.91180 0.47278
050 954 34.611700 10.551977 0.91085 0.47404
051 968 34.554354 10.551717 0.91072 0.47386
