002 2764 41.888106 31.929134  
003 2873 41.014095 32.360451  
004 2890 40.975347 32.399125  
005 2889 41.049914 32.385338  
006 2863 41.030075 32.308301  
007 2882 41.109044 32.402529  
008 2875 40.957257 32.413355  
009 2873 40.841129 32.383270  
010 2838 40.737652 32.326774  
011 2875 40.504426 32.410135  
012 2849 40.420021 32.415464  
013 2935 40.530373 32.464615  
014 2822 40.346663 32.283281  
015 2728 39.661038 31.699056  
016 2929 39.018955 32.479503  
017 2909 39.030364 32.424621  
018 2723 38.309160 31.498373  
019 2934 39.017289 32.431694  
020 2913 38.965460 32.412104  
021 2719 38.207187 31.666550  
022 2722 38.499544 31.655729  
023 2749 38.402430 31.709088  
024 2743 38.327003 31.490041  
025 2746 38.446889 31.732764  
026 2749 38.203622 31.547284  
027 2738 38.293213 31.585114  
028 2727 38.187237 31.344229  
029 2752 38.172618 31.539389  
030 2748 38.069864 31.626484  
031 2741 38.257245 31.545342  
032 2723 38.196090 31.730441  
033 2744 38.208384 31.814334  
034 2719 38.117282 31.568839  
035 2690 38.168135 31.333264  
036 2734 38.136436 31.517999  
037 2706 38.329118 31.600940  
038 2710 38.197389 31.333791  
039 2751 38.558080 31.783653  
040 2756 38.439183 31.643589  
041 2787 38.705503 32.060490  
042 2848 38.887679 32.551097  
043 2723 38.837814 31.792314  
044 2725 38.555811 31.720942  
045 2759 38.544446 31.784053  
046 2729 38.275995 31.605836  
047 2750 38.383020 31.606443  
048 2706 38.111621 31.344206  
049 2724 38.138071 31.526661  
050 2768 38.221947 31.624527  
