002 4616 44.716307 37.300804  
003 4698 43.360127 37.606352  
004 4734 43.249971 37.685482  
005 4783 43.497266 37.795683  
006 4728 43.388684 37.719774  
007 4741 43.408989 37.732815  
008 4732 43.283608 37.714317  
009 4670 43.037674 37.603175  
010 4646 42.873668 37.553181  
011 4699 42.422269 37.658289  
012 4600 42.300230 37.452835  
013 4357 41.709375 36.901146  
014 4369 41.579015 36.941484  
015 4432 41.536098 37.034055  
016 4383 41.553018 36.916720  
017 4342 41.447584 36.904207  
018 4405 41.494599 36.967945  
019 4362 41.462978 36.901207  
020 4397 41.402198 36.968741  
021 4370 41.270973 36.890673  
022 4377 41.321921 36.889433  
023 4396 41.296669 36.942628  
024 4404 41.266479 36.964402  
025 4433 41.457654 37.180722  
026 4373 41.081453 36.709500  
027 4414 41.336386 36.794867  
028 4372 41.027072 36.688495  
029 4365 41.103053 36.640253  
030 4389 40.565353 36.844739  
031 4366 41.151785 36.704382  
032 4383 40.810990 37.066174  
033 4408 41.049382 36.813303  
034 4361 40.830767 36.691807  
035 4396 41.107058 36.692379  
036 4379 41.001782 36.650473  
037 4479 41.474787 37.032778  
038 4447 41.262593 36.724637  
039 4459 41.729940 37.318450  
040 4456 41.535285 37.023485  
041 4454 41.572804 37.713931  
042 4429 41.733254 37.469557  
043 4491 41.728359 37.723448  
044 4427 41.687861 37.060338  
045 4486 41.671317 37.272289  
046 4454 41.431044 36.876122  
047 4459 41.640673 36.922658  
048 4399 41.092985 36.699294  
049 4443 41.288469 36.704384  
050 4383 41.100377 36.759853  
