002 7757 46.528581 40.360050  
003 7570 44.660555 40.257201  
004 7656 44.528256 40.358525  
005 7616 44.859732 40.262989  
006 7696 44.797697 40.335643  
007 7728 44.799235 40.356929  
008 7710 44.664737 40.326358  
009 7680 44.357825 40.335277  
010 7606 44.116888 40.282415  
011 7535 43.413197 40.237666  
012 7990 42.932270 40.513624  
013 7746 42.985341 40.408074  
014 7753 42.784501 40.398284  
015 7999 42.694833 40.527122  
016 7747 42.700247 40.400709  
017 7724 42.589953 40.402400  
018 7733 42.639895 40.367167  
019 7744 42.633084 40.390320  
020 7757 42.457222 40.393286  
021 7748 42.332563 40.384281  
022 7748 42.493011 40.345358  
023 7736 42.418893 40.378590  
024 7752 42.352622 40.402162  
025 7739 42.570372 40.476090  
026 7741 42.139988 40.149845  
027 7776 42.445722 40.249890  
028 7750 42.087666 40.184704  
029 7778 42.231071 40.108986  
030 7728 41.466305 40.256344  
031 7757 42.245019 40.170246  
032 7988 41.778187 40.588770  
033 7813 42.039173 40.200486  
034 7749 41.750497 40.237292  
035 7794 42.254856 40.176201  
036 7821 42.118910 40.106030  
037 7784 42.649605 40.291476  
038 7775 42.459524 40.154953  
039 7726 42.963707 40.530155  
040 7786 42.692076 40.326218  
041 7758 42.657448 40.921067  
042 7976 43.031361 40.878240  
043 7993 42.959253 40.979364  
044 7753 42.949861 40.439276  
045 7784 42.911934 40.517224  
046 7767 42.594377 40.223972  
047 7795 42.906224 40.295687  
048 7777 42.239724 40.194189  
049 7787 42.454644 40.119417  
050 7782 42.208658 40.267363  
