002 623 39.383909 24.087778  
003 630 39.262002 24.064822  
004 627 39.442244 24.078936  
005 624 39.474789 24.069427  
006 629 39.356352 24.074526  
007 617 39.416005 24.082937  
008 629 39.281197 24.059219  
009 626 39.532638 24.063415  
010 631 39.661118 24.078322  
011 622 39.400825 24.058265  
012 627 39.475782 24.060019  
013 629 39.520576 24.058684  
014 628 39.289584 24.045374  
015 620 39.148868 24.045634  
016 621 39.367043 24.049000  
017 619 39.361829 24.055005  
018 620 39.178918 24.047982  
019 621 38.975915 24.040873  
020 619 38.804230 24.037576  
021 622 38.833533 24.033253  
022 621 38.864122 24.036165  
023 620 38.788105 24.041788  
024 621 38.644939 24.036626  
025 623 38.722280 24.051150  
026 623 38.273976 24.007578  
027 620 38.489350 24.015119  
028 617 38.321137 24.006189  
029 614 38.542363 24.011739  
030 617 38.140778 24.037147  
031 618 38.599867 24.022889  
032 619 38.263994 24.053493  
033 598 38.407835 24.016363  
034 616 38.211405 24.018166  
035 628 38.487289 24.006648  
036 597 38.300663 23.997883  
037 624 38.581208 24.018969  
038 620 38.386271 23.989048  
039 623 38.676303 24.049238  
040 622 38.581807 24.020760  
041 629 38.596279 24.114577  
042 620 38.687557 24.124603  
043 627 38.635247 24.151917  
044 623 38.638160 24.079350  
045 623 38.659870 24.093893  
046 593 38.441658 24.061897  
047 622 38.669900 24.063150  
048 618 38.365602 24.043691  
049 618 38.463544 24.043626  
050 618 38.265355 24.052438  
