002 3971 43.895235 36.022404  
003 3700 42.269245 34.526439  
004 3690 42.134899 34.452415  
005 3758 42.415235 34.775303  
006 3728 42.283294 34.560339  
007 3711 42.311568 34.781530  
008 3715 42.200692 34.759349  
009 3691 42.049979 34.427297  
010 3693 41.915161 34.773545  
011 3712 41.546994 34.469107  
012 3983 41.719803 36.173213  
013 3926 41.137265 35.932002  
014 3900 41.006964 35.958235  
015 3947 40.937479 36.015028  
016 3977 40.508116 36.134788  
017 3895 39.654097 35.894870  
018 3914 39.876121 35.938212  
019 3883 39.636809 35.868915  
020 3873 39.743004 35.894974  
021 3898 39.647094 35.888251  
022 3920 39.660835 35.848194  
023 3942 39.640006 35.977837  
024 3907 39.629623 35.893264  
025 3923 39.719540 36.089329  
026 3875 39.448950 35.627761  
027 3886 39.613852 35.674109  
028 3880 39.425472 35.608985  
029 3864 39.419873 35.558042  
030 3887 39.180554 35.822254  
031 3893 39.501057 35.703602  
032 3884 39.388833 36.058375  
033 3908 39.526774 35.787213  
034 3813 39.338492 35.618818  
035 3887 39.428597 35.671639  
036 3880 39.376189 35.607598  
037 3955 39.709828 36.013406  
038 3984 39.535563 35.849337  
039 3950 39.944272 36.256321  
040 3959 39.813144 35.983090  
041 3943 39.999103 36.733469  
042 3918 39.997695 36.416747  
043 3982 40.042555 36.664848  
044 3910 39.902232 36.058506  
045 3915 39.888501 36.050113  
046 3948 39.699572 35.876106  
047 3956 39.831371 35.912920  
048 3896 39.461808 35.709296  
049 3905 39.541260 35.637813  
050 3897 39.514092 35.796094  
