002 9700 47.024073 41.839988  
003 9962 45.228971 41.958785  
004 9824 44.977460 41.922520  
005 8833 45.203036 41.001192  
006 9883 45.283452 41.939319  
007 9935 45.278020 41.994871  
008 9961 45.177448 41.946759  
009 9842 44.778392 41.925770  
010 9992 44.555828 41.985492  
011 9736 43.757742 41.835344  
012 8761 43.056780 40.969132  
013 8778 43.171412 41.042695  
014 8823 42.966415 41.042649  
015 8808 42.817538 41.029380  
016 8833 42.863711 41.039897  
017 8841 42.750335 41.069779  
018 8814 42.795243 41.031014  
019 8865 42.814332 41.089958  
020 8778 42.628989 40.999845  
021 8825 42.490103 41.020990  
022 8864 42.653541 41.016924  
023 8865 42.576279 41.063064  
024 8868 42.492984 41.104603  
025 8856 42.724701 41.188147  
026 8820 42.282018 40.808015  
027 8784 42.608865 40.853341  
028 8807 42.254449 40.814440  
029 8868 42.406859 40.773834  
030 8813 41.601140 40.958477  
031 8847 42.414950 40.810993  
032 8779 41.868871 41.090806  
033 8830 42.204398 40.841293  
034 8834 41.901111 40.911358  
035 8826 42.420934 40.792391  
036 8875 42.286955 40.743900  
037 8803 42.847362 40.882681  
038 8842 42.629120 40.774821  
039 8855 43.127554 41.221040  
040 8859 42.876469 41.009994  
041 8829 42.799900 41.643719  
042 8805 43.127591 41.405785  
043 8797 43.050758 41.486968  
044 8807 43.125942 41.073288  
045 8844 43.088533 41.141200  
046 8865 42.777657 40.866431  
047 8809 43.093682 40.893236  
048 8876 42.398146 40.842524  
049 8849 42.621822 40.731801  
050 8836 42.365371 40.913439  
