002 7000 46.112592 39.923159  
003 6507 44.321495 39.425458  
004 6528 44.187679 39.480800  
005 6457 44.476144 39.351493  
006 6482 44.365928 39.468146  
007 6540 44.389747 39.530721  
008 6468 44.247478 39.395462  
009 6474 43.978448 39.420713  
010 6458 43.768935 39.413618  
011 6935 43.224192 39.925870  
012 6518 43.132876 39.480542  
013 6580 42.679621 39.559892  
014 6541 42.508435 39.509411  
015 6519 42.399469 39.470346  
016 6563 42.447615 39.508180  
017 6644 42.392047 39.624157  
018 6622 42.397880 39.595971  
019 6490 42.342876 39.439551  
020 6507 42.217118 39.473347  
021 6566 42.113195 39.511296  
022 6559 42.221513 39.507737  
023 6519 42.160582 39.481275  
024 6567 42.098482 39.547750  
025 6570 42.284415 39.624921  
026 6422 41.872775 39.108541  
027 6612 42.174111 39.389931  
028 6470 41.842258 39.140426  
029 6538 41.941724 39.214514  
030 6458 41.277730 39.272589  
031 6498 41.990691 39.171695  
032 6644 41.565078 39.672866  
033 6481 41.810106 39.181506  
034 6515 41.544390 39.224017  
035 6413 41.910412 39.111777  
036 6607 41.830561 39.153742  
037 6550 42.318437 39.409369  
038 6486 42.108552 39.167257  
039 6681 42.644150 39.835227  
040 6738 42.455406 39.651336  
041 6657 42.373509 40.269590  
042 6639 42.643008 39.960533  
043 6801 42.586707 40.289591  
044 6505 42.557081 39.492884  
045 6645 42.529156 39.726891  
046 6544 42.309287 39.252849  
047 6544 42.549770 39.357202  
048 6409 41.933553 39.118510  
049 6516 42.151345 39.089486  
050 6503 41.945355 39.283611  
