002 8866 46.883633 41.052913  
003 8709 44.968773 40.926645  
004 8771 44.816655 41.028831  
005 8833 45.202378 41.001192  
006 8755 45.098667 40.988954  
007 8787 45.097496 41.011637  
008 8823 45.001490 41.008879  
009 8781 44.628665 40.986862  
010 8750 44.389656 41.008304  
011 8760 43.648464 40.940597  
012 8761 43.039617 40.969132  
013 8778 43.150438 41.042695  
014 8823 42.947435 41.042649  
015 8808 42.795849 41.029380  
016 8833 42.843923 41.039897  
017 8841 42.739493 41.069779  
018 8814 42.785904 41.031014  
019 8865 42.798541 41.089958  
020 8778 42.608972 40.999845  
021 8825 42.475987 41.020990  
022 8864 42.637341 41.016924  
023 8865 42.561269 41.063064  
024 8868 42.480752 41.104603  
025 8856 42.713242 41.188147  
026 8820 42.258818 40.808015  
027 8784 42.587437 40.853341  
028 8807 42.228155 40.814440  
029 8868 42.386690 40.773834  
030 8813 41.590813 40.958477  
031 8847 42.391628 40.810993  
032 8779 41.858087 41.090806  
033 8830 42.183170 40.841293  
034 8834 41.883269 40.911358  
035 8826 42.390625 40.792391  
036 8875 42.261172 40.743900  
037 8803 42.828201 40.882681  
038 8842 42.606413 40.774821  
039 8855 43.121063 41.221040  
040 8859 42.855777 41.009994  
041 8829 42.814585 41.643719  
042 8805 43.127225 41.405785  
043 8797 43.053042 41.486968  
044 8807 43.102115 41.073288  
045 8844 43.079158 41.141200  
046 8865 42.760103 40.866431  
047 8809 43.072811 40.893236  
048 8876 42.377303 40.842524  
049 8849 42.599876 40.731801  
050 8836 42.350739 40.913439  
