002 1240 40.220111 27.166515  
003 1255 40.238533 27.172778  
004 1260 40.320646 27.184197  
005 1246 40.243259 27.171374  
006 1265 40.231409 27.190321  
007 1235 40.264332 27.183815  
008 1253 40.296344 27.179358  
009 1243 40.358869 27.169706  
010 1246 40.443921 27.180886  
011 1249 40.262608 27.178423  
012 1249 40.208305 27.163132  
013 1246 40.156781 27.159728  
014 1261 40.302868 27.164882  
015 1228 40.035585 27.156750  
016 1237 40.041520 27.172439  
017 1246 39.973876 27.169562  
018 1246 39.980300 27.147957  
019 1239 39.938037 27.148810  
020 1236 39.957855 27.152196  
021 1241 39.872594 27.141597  
022 1244 39.844872 27.132794  
023 1236 39.923619 27.152905  
024 1243 39.867668 27.147673  
025 1247 39.990757 27.163624  
026 1236 39.504995 27.069999  
027 1238 39.761201 27.087273  
028 1230 39.418039 27.075049  
029 1212 39.487361 27.066218  
030 1227 39.003231 27.115326  
031 1231 39.632022 27.082727  
032 1231 39.240978 27.160030  
033 1214 39.421001 27.087279  
034 1227 39.185791 27.086981  
035 1230 39.537816 27.067297  
036 1211 39.406346 27.055593  
037 1236 39.753549 27.105560  
038 1232 39.495585 27.052771  
039 1228 39.809512 27.164434  
040 1241 39.629609 27.110427  
041 1251 39.668908 27.295407  
042 1230 39.841346 27.263215  
043 1254 39.868044 27.316602  
044 1250 39.937437 27.183200  
045 1247 39.904006 27.204764  
046 1222 39.608755 27.134640  
047 1249 39.752500 27.127848  
048 1233 39.321054 27.097422  
049 1242 39.391401 27.087052  
050 1239 39.143745 27.122362  
