002 5828 45.629518 38.772677  
003 5816 44.014486 38.775167  
004 5978 43.965319 38.932659  
005 5852 44.108298 38.775778  
006 5852 44.043121 38.847905  
007 5824 44.071151 38.837409  
008 5828 43.921319 38.827167  
009 5794 43.639561 38.773377  
010 5801 43.495745 38.793858  
011 5727 41.874438 38.724477  
012 5993 42.864854 39.005668  
013 5695 42.476082 38.686905  
014 5657 42.315852 38.659481  
015 5675 42.209954 38.649094  
016 5638 42.244211 38.620213  
017 5661 42.177959 38.683218  
018 5657 42.178203 38.700992  
019 5648 42.153503 38.648939  
020 5957 42.102718 38.941214  
021 5638 41.929689 38.602211  
022 5692 42.045962 38.668100  
023 5701 41.998127 38.683762  
024 5626 41.891622 38.612166  
025 5621 42.066319 38.686380  
026 5986 41.773140 38.719768  
027 5667 41.965317 38.539077  
028 5612 41.668365 38.395728  
029 5601 41.757216 38.382816  
030 5654 41.128046 38.546676  
031 5644 41.772110 38.421946  
032 5673 41.375599 38.752890  
033 5708 41.668208 38.518217  
034 5625 41.404137 38.442647  
035 5976 41.799945 38.730300  
036 5625 41.617574 38.293050  
037 5604 42.106958 38.533174  
038 5699 41.941597 38.438036  
039 5668 42.432922 38.819298  
040 5671 42.200506 38.566009  
041 5723 42.205926 39.241084  
042 5674 42.423840 38.972847  
043 5709 42.345529 39.159988  
044 5934 42.403420 38.973776  
045 5673 42.319484 38.744694  
046 5682 42.101557 38.486715  
047 5718 42.350437 38.591107  
048 5940 41.804328 38.676368  
049 5659 41.941143 38.373563  
050 5674 41.757987 38.535897  
