006 10955 32.607437 12.901037 0.97992 0.57714
007 10970 31.962099 12.903993 0.97626 0.57614
008 10989 31.091086 12.905457 0.97115 0.57640
009 10572 30.223713 12.753933 0.96519 0.56234
010 10961 29.232327 12.904830 0.95755 0.57471
011 10985 28.714794 12.916431 0.95050 0.57685
012 10798 28.119610 12.911676 0.94239 0.57503
013 10797 27.692076 12.921437 0.93338 0.57695
014 10851 27.351041 12.926410 0.92954 0.57667
015 10903 26.196408 12.921079 0.90720 0.57450
016 10983 26.162001 12.930293 0.91073 0.57544
017 10977 25.859757 12.929718 0.90079 0.57502
018 10905 25.556021 12.937901 0.89262 0.57628
019 10931 25.522998 12.943001 0.89151 0.57579
020 10676 24.788485 12.790078 0.87383 0.56059
021 10888 24.502373 12.951362 0.86095 0.57644
022 10998 24.492726 12.952561 0.86260 0.57509
023 10809 24.440537 12.961446 0.86235 0.57646
024 10954 24.345483 12.966165 0.85023 0.57567
025 10756 23.826361 12.972467 0.84406 0.57562
026 10783 23.983359 12.823564 0.83240 0.56120
027 10769 23.857811 12.986577 0.83769 0.57497
028 10739 24.032949 12.842281 0.83591 0.56289
029 10952 24.103643 13.012248 0.84776 0.57659
030 10793 23.491126 12.853221 0.82319 0.56146
031 10722 23.322477 12.857744 0.80533 0.56205
032 10913 23.255203 13.028906 0.80508 0.57468
033 10729 23.039998 12.867624 0.81553 0.56325
034 10663 23.318755 12.877561 0.80356 0.56087
035 10616 23.013215 12.882401 0.81091 0.56161
036 10513 22.870576 12.892592 0.79382 0.56228
037 10909 23.098691 13.053159 0.80050 0.57496
038 10974 22.902541 13.058947 0.78685 0.57688
039 10807 22.677409 13.054990 0.78917 0.57406
040 10594 22.600328 12.899809 0.77998 0.56125
041 10884 22.682984 13.069042 0.77622 0.57571
042 10827 22.276056 13.074134 0.77726 0.57572
043 10834 22.581747 13.080456 0.79094 0.57601
044 10789 22.444945 12.918543 0.77142 0.56023
045 10900 22.279062 13.081944 0.77851 0.57434
046 10662 22.155301 12.926636 0.75690 0.55985
047 10989 21.965719 13.098167 0.75244 0.57549
048 10874 22.322580 13.105497 0.75494 0.57611
049 10822 21.854817 13.107973 0.73959 0.57575
050 10706 21.890139 12.952112 0.74386 0.55995
051 10796 21.446405 13.121047 0.72869 0.57515
052 10704 21.362595 12.965609 0.71909 0.56046
053 10974 21.667596 13.141434 0.74381 0.57558
054 10943 21.898284 13.143620 0.74197 0.57548
055 10546 21.817872 12.995675 0.74262 0.56007
056 10781 21.894518 13.007175 0.73992 0.56212
057 10946 22.061843 13.165726 0.74158 0.57625
058 10841 21.684892 13.171948 0.74974 0.57516
059 10936 21.721322 13.179401 0.73536 0.57611
060 10734 21.821729 13.041306 0.72704 0.56104
061 10623 21.713272 13.045829 0.72556 0.56237
062 10992 21.789584 13.210041 0.73819 0.57796
063 10910 21.866756 13.218319 0.73989 0.57697
064 10908 22.069619 13.225152 0.73837 0.57691
065 10563 21.972873 13.074511 0.74781 0.56288
066 10942 22.124844 13.225753 0.75910 0.57741
067 10808 22.176244 13.220276 0.76357 0.57646
068 10818 22.488890 13.230883 0.75113 0.57706
069 10600 22.350329 13.082512 0.75667 0.56170
070 10618 21.975603 13.085745 0.75316 0.56069
071 10814 21.872565 13.229617 0.73805 0.57758
072 10430 21.918432 13.107005 0.74919 0.56292
073 10888 21.847890 13.234831 0.74188 0.57526
074 10894 21.996344 13.240060 0.73383 0.57756
075 10938 21.929978 13.247595 0.72426 0.57788
076 10976 22.134957 13.252931 0.74702 0.57686
077 10713 22.088208 13.141867 0.74832 0.56297
078 10568 21.634257 13.143447 0.75181 0.56335
079 10954 22.089487 13.269470 0.76628 0.57729
080 10597 21.867726 13.152464 0.72737 0.56305
081 10940 21.803378 13.265463 0.71394 0.57722
082 10690 22.040752 13.156136 0.73028 0.56249
083 10914 21.551700 13.273646 0.73274 0.57878
084 10789 21.786924 13.155454 0.70619 0.56327
085 10592 21.448195 13.160712 0.70121 0.56311
086 10761 21.285969 13.163883 0.71101 0.56504
087 10899 21.597424 13.257030 0.68874 0.57891
088 10775 21.135030 13.263038 0.68338 0.57724
089 10636 20.973673 13.163180 0.66169 0.56433
090 10943 20.949867 13.254161 0.68162 0.57949
091 10931 21.113224 13.252091 0.67236 0.57810
092 10705 20.833983 13.164846 0.68134 0.56238
093 10990 21.204837 13.255794 0.67940 0.57744
094 10684 20.908313 13.169430 0.67303 0.56268
095 10773 20.693952 13.179358 0.65596 0.56339
096 10635 20.606956 13.177212 0.66840 0.56175
