006 20905 32.551685 17.823320 0.97870 0.83190
007 20690 32.139022 17.303449 0.97621 0.81920
008 20865 31.667552 17.811094 0.97294 0.82935
009 20748 31.124871 17.298066 0.96885 0.82011
010 20955 30.967167 17.802017 0.96772 0.82824
011 20846 30.748291 17.304244 0.96432 0.81969
012 20793 30.669199 17.298776 0.96351 0.81731
013 20957 30.451635 17.813711 0.96071 0.82998
014 20896 30.133489 17.822367 0.95933 0.83013
015 20846 30.031620 17.804667 0.95794 0.82811
016 20916 30.009250 17.816895 0.95684 0.82960
017 20712 29.965004 17.304838 0.95673 0.81774
018 20751 30.013180 17.311179 0.95650 0.81883
019 20897 30.060808 17.309879 0.95690 0.81798
020 20654 29.680456 17.311159 0.95256 0.81784
021 20902 29.968218 17.312778 0.95843 0.81891
022 20903 29.826034 17.798324 0.95505 0.82891
023 20672 29.880078 17.310170 0.95741 0.81846
024 20672 29.746300 17.300009 0.95453 0.81751
025 20844 29.817316 17.295449 0.95586 0.81734
026 20944 29.594552 17.305069 0.95179 0.81846
027 20537 29.622131 17.291506 0.95423 0.81703
028 20483 29.576515 16.774576 0.95200 0.80844
029 20768 29.525923 17.311411 0.95581 0.81801
030 20844 29.849184 17.309230 0.95548 0.81783
031 20672 30.059090 17.313601 0.95849 0.81949
032 20591 29.751834 16.759734 0.95430 0.80362
033 20619 29.837310 17.308900 0.95683 0.81992
034 20904 29.930054 17.299102 0.95679 0.81629
035 20923 29.967715 17.799136 0.95672 0.82765
036 20793 29.774018 17.314762 0.95453 0.81886
037 20956 29.803599 17.788689 0.95582 0.82645
038 21000 29.870253 17.305441 0.95488 0.81871
039 20693 29.582996 17.292433 0.95564 0.81462
040 20734 29.657674 17.307678 0.95375 0.81812
041 20983 29.508171 17.812329 0.95276 0.82863
042 20950 29.505646 17.310873 0.95451 0.81767
043 20895 29.496131 17.322264 0.95263 0.81813
044 20971 29.369206 17.803367 0.95365 0.82586
045 20828 28.466676 17.315434 0.94367 0.81673
046 20861 28.874873 17.316548 0.94358 0.81667
047 20716 28.646846 17.326967 0.94726 0.81812
048 20706 29.196323 17.341127 0.94896 0.81781
049 20739 28.616642 17.325094 0.94609 0.81748
050 20606 28.952868 17.331592 0.94588 0.81669
051 20934 29.187985 17.343328 0.95288 0.81876
052 20921 29.251755 17.337420 0.94727 0.81785
053 20948 29.488269 17.359477 0.95279 0.81796
054 20646 29.509786 17.356733 0.95220 0.81769
055 20595 29.692662 16.879089 0.95495 0.80525
056 20840 29.762160 17.366408 0.95184 0.82037
057 20742 29.925240 17.368859 0.95808 0.81920
058 20928 29.652629 17.371010 0.95315 0.81834
059 20661 29.976553 17.374333 0.95825 0.81960
060 20845 30.059775 17.380931 0.95510 0.81788
061 20793 29.736929 17.392475 0.95396 0.82056
062 20851 29.591048 17.401999 0.95076 0.82101
063 20565 29.903455 16.944562 0.95373 0.80727
064 20755 30.074669 17.408159 0.95568 0.82037
065 20985 30.125677 17.951013 0.96059 0.83152
066 20777 29.884785 17.399593 0.95293 0.81933
067 20988 29.856303 17.946542 0.95620 0.83049
068 20900 29.876707 17.410950 0.95477 0.81961
069 20705 30.138748 17.391279 0.95868 0.81868
070 20838 30.244314 17.398652 0.95802 0.81794
071 20781 29.949535 17.415648 0.95664 0.82002
072 20806 30.132140 17.409736 0.95552 0.81944
073 20929 30.192016 17.968016 0.95995 0.82980
074 20945 30.274489 17.422818 0.95930 0.82022
075 20927 30.303465 17.432381 0.95913 0.82047
076 20853 30.175159 17.438837 0.95674 0.81897
077 20723 30.222391 17.448612 0.95872 0.82019
078 20998 30.346735 17.448224 0.95787 0.82142
079 20818 29.602505 17.458457 0.95240 0.81961
080 20768 29.986906 17.456742 0.95717 0.81959
081 20893 29.431210 17.450810 0.95310 0.81999
082 20924 29.730770 17.465433 0.95439 0.81996
083 20659 29.073460 17.012859 0.94512 0.80895
084 20933 29.465238 17.455602 0.95367 0.81897
085 20945 29.182848 17.480768 0.94829 0.81964
086 20686 29.157378 17.484526 0.94390 0.82109
087 20544 29.269562 17.004548 0.95163 0.80780
088 20664 29.261445 17.481918 0.95087 0.81748
089 20774 29.401906 17.499043 0.94781 0.81946
090 20968 29.139745 17.486772 0.95048 0.81957
091 20922 28.900841 17.495545 0.94816 0.81784
092 20888 28.955066 17.497596 0.94580 0.81686
093 20887 29.446363 17.481501 0.95101 0.81672
094 20957 29.337351 17.498857 0.95293 0.81761
095 20875 29.354227 17.512640 0.95192 0.81801
096 20744 29.325683 17.494678 0.95175 0.81568
