006 40805 32.257967 30.276259 0.97382 0.96812
007 40727 32.148165 30.234521 0.97332 0.96781
008 40753 31.969906 30.182446 0.97160 0.96787
009 40826 31.801052 30.150461 0.97102 0.96783
010 40945 31.737577 30.175210 0.97054 0.96763
011 40687 31.626440 30.162725 0.96860 0.96743
012 40923 31.602325 30.156580 0.96863 0.96711
013 40837 31.574302 30.182192 0.96859 0.96779
014 40966 31.497217 30.189377 0.96865 0.96782
015 40999 31.565648 30.114238 0.96868 0.96809
016 40893 31.570157 30.131565 0.96845 0.96745
017 40925 31.976535 30.114869 0.97063 0.96755
018 40797 31.685225 30.144899 0.96910 0.96777
019 40599 31.592887 30.106216 0.96801 0.96776
020 40967 31.652070 30.120715 0.96866 0.96783
021 40997 31.627118 30.135250 0.96853 0.96778
022 40814 31.661951 30.095806 0.96909 0.96767
023 40784 31.612777 30.075328 0.96853 0.96757
024 40936 31.595115 30.060465 0.96864 0.96751
025 40849 31.624149 30.048353 0.96895 0.96796
026 40901 31.600267 30.050206 0.96879 0.96785
027 40950 31.593756 30.102349 0.96912 0.96833
028 40879 31.665878 30.130875 0.96911 0.96807
029 40805 31.745984 30.146876 0.96967 0.96818
030 40992 31.785766 30.169940 0.96956 0.96815
031 40938 31.683663 30.121665 0.96867 0.96836
032 40836 31.689170 30.049525 0.96958 0.96824
033 40946 31.620197 30.067271 0.96876 0.96748
034 40769 31.599505 30.031467 0.96885 0.96790
035 40985 31.642709 30.075269 0.96841 0.96739
036 40863 31.871030 30.103116 0.96870 0.96788
037 40892 31.767705 30.013361 0.97008 0.96785
038 40775 31.523749 29.955564 0.96874 0.96792
039 40719 31.445922 29.964187 0.96861 0.96779
040 40738 31.526756 29.985037 0.96876 0.96771
041 40933 31.512875 30.040257 0.96903 0.96805
042 40731 31.615701 29.979692 0.96858 0.96757
043 40738 31.482295 29.966540 0.96863 0.96780
044 40827 31.472058 29.941967 0.96833 0.96759
045 40915 31.468387 29.929746 0.96815 0.96759
046 40580 31.412898 29.938987 0.96782 0.96746
047 40897 31.441802 30.022289 0.96861 0.96824
048 40717 31.552387 30.032364 0.96927 0.96778
049 40884 31.544015 29.950354 0.96865 0.96791
050 40706 31.535334 29.926553 0.96830 0.96778
051 40851 31.499143 29.964266 0.96844 0.96831
052 40866 31.543999 30.030068 0.96955 0.96832
053 40847 31.582169 30.051956 0.96876 0.96826
054 40989 31.630970 30.039743 0.96927 0.96806
055 40689 31.551321 29.991754 0.96948 0.96831
056 40895 31.651994 30.044147 0.97011 0.96853
057 40867 31.678295 30.058210 0.97002 0.96854
058 40542 31.551589 30.002140 0.96871 0.96844
059 40671 32.102144 30.033921 0.97261 0.96871
060 40938 31.745317 30.089712 0.97090 0.96867
061 40974 32.053045 30.093728 0.97148 0.96886
062 40973 31.790327 30.150042 0.97075 0.96911
063 40940 31.828892 30.133419 0.97027 0.96927
064 40873 31.652722 30.107827 0.96978 0.96872
065 40929 31.691398 30.093680 0.96954 0.96860
066 40622 31.667821 30.051116 0.96954 0.96854
067 40704 31.628264 30.038866 0.97020 0.96857
068 40992 31.652839 30.035768 0.96969 0.96883
069 40995 31.629145 30.045201 0.96938 0.96829
070 40624 31.690031 30.028361 0.97027 0.96880
071 40693 31.706386 30.065983 0.96958 0.96886
072 40915 31.693718 30.072208 0.96934 0.96861
073 40612 31.696151 30.042233 0.96934 0.96847
074 40993 31.611770 30.093498 0.96921 0.96879
075 40989 32.135339 30.105587 0.97128 0.96899
076 40879 31.770144 30.127942 0.97036 0.96940
077 40751 31.726551 30.159108 0.97024 0.96929
078 40990 31.697263 30.124619 0.96944 0.96922
079 40656 31.689346 30.139215 0.97003 0.96929
080 40723 31.699017 30.151222 0.96992 0.96937
081 40646 31.633133 30.045872 0.96994 0.96903
082 40758 31.651817 30.105463 0.96989 0.96914
083 40538 31.645770 30.081850 0.97002 0.96920
084 40957 31.545703 30.077861 0.96934 0.96891
085 40961 31.743113 30.163337 0.96999 0.96915
086 40555 31.673720 30.093986 0.96973 0.96912
087 40994 31.495988 30.028390 0.96892 0.96847
088 40886 31.558264 30.103950 0.96948 0.96949
089 40800 31.724609 30.164960 0.97033 0.96936
090 40928 31.491827 30.059445 0.96816 0.96884
091 40931 31.556010 30.047262 0.96912 0.96890
092 40929 31.594620 30.078560 0.96925 0.96901
093 40969 31.476924 29.950432 0.96953 0.96861
094 41000 31.617179 29.989873 0.96945 0.96883
095 40896 31.645070 30.021844 0.96988 0.96942
096 40740 31.383556 29.908321 0.96896 0.96882
