006 30552 32.425685 27.312444 0.97609 0.93517
007 30958 32.220754 27.270964 0.97504 0.93426
008 30691 31.857518 27.210203 0.97227 0.93314
009 30799 31.618223 27.283989 0.97017 0.93568
010 30754 31.427674 27.227538 0.96913 0.93404
011 30867 31.200051 27.198704 0.96600 0.93432
012 30706 30.955258 27.189720 0.96469 0.93307
013 30629 31.250046 27.182827 0.96702 0.93331
014 30820 31.151592 27.320634 0.96608 0.93489
015 30792 31.034861 27.166686 0.96559 0.93298
016 30852 31.248312 27.164529 0.96678 0.93368
017 30937 31.142969 27.160273 0.96564 0.93420
018 30856 31.189968 27.201469 0.96626 0.93318
019 30943 31.226125 27.266216 0.96583 0.93463
020 30670 31.260519 27.156308 0.96759 0.93322
021 30712 31.453507 27.135049 0.96732 0.93396
022 30930 31.153164 27.213371 0.96560 0.93607
023 30898 31.202874 27.127105 0.96589 0.93300
024 30906 31.129487 27.033526 0.96539 0.93244
025 30899 31.099275 27.180965 0.96611 0.93485
026 30756 31.182704 27.014540 0.96730 0.93295
027 30991 31.185501 27.145914 0.96746 0.93610
028 30881 31.197763 27.178189 0.96618 0.93451
029 30648 31.378598 27.089491 0.96749 0.93273
030 30686 31.311504 27.075915 0.96665 0.93265
031 30759 31.410909 27.076904 0.96780 0.93356
032 30701 31.198949 26.913895 0.96512 0.93218
033 30600 31.154943 26.986612 0.96619 0.93351
034 30927 31.127195 27.085545 0.96620 0.93382
035 30811 31.257137 27.084327 0.96674 0.93483
036 30974 31.186713 27.130065 0.96593 0.93581
037 30909 31.178151 27.004130 0.96603 0.93496
038 30702 31.177513 26.867405 0.96643 0.93253
039 30910 31.016911 26.847428 0.96504 0.93042
040 30712 31.134574 26.887320 0.96637 0.93297
041 30799 31.025866 27.029055 0.96637 0.93542
042 30930 31.123819 27.007213 0.96603 0.93587
043 30896 31.197547 27.080487 0.96717 0.93649
044 30663 31.108115 26.886436 0.96624 0.93400
045 30832 31.051051 26.967746 0.96549 0.93531
046 30948 30.932737 26.985744 0.96536 0.93610
047 30603 30.985308 26.825379 0.96543 0.93356
048 30860 31.064353 27.038728 0.96557 0.93547
049 30879 31.134762 26.948977 0.96630 0.93572
050 30918 31.285476 26.957346 0.96622 0.93553
051 30723 31.113518 26.958800 0.96695 0.93593
052 30985 31.064994 26.977443 0.96649 0.93675
053 30878 31.303502 27.015279 0.96665 0.93561
054 30672 31.240448 26.979615 0.96689 0.93498
055 30719 31.364202 26.784774 0.96774 0.93238
056 30792 31.301000 26.973796 0.96797 0.93678
057 30989 31.430665 27.037237 0.96755 0.93738
058 30979 31.348430 27.011192 0.96780 0.93660
059 30856 31.363571 26.963848 0.96792 0.93628
060 30591 31.406353 26.960478 0.96786 0.93567
061 30630 31.216665 27.035187 0.96701 0.93744
062 30887 31.420894 27.053565 0.96836 0.93799
063 30895 31.351188 26.986992 0.96805 0.93625
064 30809 31.408687 27.025750 0.96840 0.93727
065 30699 31.278870 27.005622 0.96732 0.93702
066 30726 31.292755 26.911858 0.96761 0.93646
067 30751 31.395717 26.992866 0.96773 0.93729
068 30930 31.359467 26.978883 0.96821 0.93781
069 30920 31.400067 26.883072 0.96788 0.93701
070 30876 31.406294 26.971128 0.96875 0.93676
071 30696 31.386299 26.976002 0.96727 0.93624
072 30759 31.350297 26.869788 0.96720 0.93596
073 30725 31.355811 26.976282 0.96735 0.93650
074 30878 31.386442 26.989499 0.96804 0.93756
075 30749 31.498243 26.976397 0.96764 0.93693
076 30978 31.366451 27.044714 0.96830 0.93680
077 30611 31.421424 26.997389 0.96815 0.93612
078 30910 31.404164 26.986576 0.96771 0.93710
079 30987 31.262104 27.061104 0.96641 0.93666
080 30971 31.392694 27.039817 0.96788 0.93649
081 30843 31.273656 26.922143 0.96706 0.93596
082 30833 31.212195 27.016760 0.96563 0.93693
083 30981 31.337928 27.003145 0.96790 0.93637
084 30804 31.213945 26.903466 0.96682 0.93564
085 30673 31.178691 27.016501 0.96538 0.93621
086 30783 31.353413 27.000078 0.96724 0.93673
087 30954 31.057152 26.849835 0.96495 0.93470
088 30919 31.128708 27.003996 0.96590 0.93570
089 30939 31.294803 26.992427 0.96653 0.93498
090 30642 30.993940 26.854541 0.96490 0.93440
091 30654 31.097083 26.922421 0.96550 0.93460
092 30849 31.232771 26.883579 0.96591 0.93365
093 30852 31.145631 26.790965 0.96660 0.93414
094 30851 31.161202 26.899618 0.96662 0.93526
095 30578 31.069208 26.865690 0.96594 0.93422
096 30931 30.983550 26.757153 0.96555 0.93309
