006 50948 32.118672 32.118672 0.97097 0.97097
007 50888 32.493209 32.060808 0.97496 0.97068
008 50931 32.046169 32.046169 0.97078 0.97078
009 50965 32.027345 32.000519 0.97084 0.97081
010 50895 32.018943 31.977354 0.97048 0.97046
011 50978 32.015949 32.015949 0.97031 0.97031
012 50927 31.992812 31.967738 0.97012 0.97009
013 50968 32.022440 31.999479 0.97067 0.97064
014 50922 32.024331 31.983747 0.97069 0.97065
015 50865 31.959946 31.908025 0.97110 0.97093
016 51000 31.951360 31.925271 0.97051 0.97048
017 50771 32.457631 31.823838 0.97412 0.97030
018 50798 32.014375 31.934270 0.97071 0.97056
019 50933 31.989612 31.961720 0.97079 0.97075
020 50910 31.971922 31.924142 0.97072 0.97067
021 50936 31.954732 31.928776 0.97063 0.97060
022 50929 31.946468 31.927144 0.97059 0.97058
023 50961 31.942616 31.901571 0.97055 0.97043
024 50974 31.919664 31.872998 0.97032 0.97029
025 50986 31.904138 31.871212 0.97084 0.97084
026 50941 31.899038 31.854435 0.97065 0.97067
027 50999 31.927902 31.908806 0.97111 0.97108
028 50988 31.968818 31.951473 0.97090 0.97089
029 50936 31.992390 31.974854 0.97103 0.97101
030 50902 32.001219 31.982135 0.97083 0.97082
031 50970 31.968959 31.968959 0.97109 0.97109
032 50864 31.900030 31.846197 0.97101 0.97093
033 50965 31.887666 31.866391 0.97028 0.97024
034 50763 31.885620 31.766565 0.97055 0.97061
035 50888 31.894802 31.815603 0.97012 0.97009
036 50904 31.921637 31.871884 0.97060 0.97063
037 50994 31.867498 31.825949 0.97064 0.97061
038 50975 31.830606 31.778499 0.97075 0.97070
039 50682 31.828317 31.614220 0.97048 0.97047
040 50883 31.787628 31.765678 0.97043 0.97044
041 50972 31.870484 31.795225 0.97086 0.97082
042 50910 31.830231 31.776173 0.97037 0.97037
043 50979 31.824210 31.764477 0.97074 0.97068
044 50723 31.787275 31.620507 0.97043 0.97033
045 50737 31.777469 31.571547 0.97039 0.97037
046 50646 31.825830 31.614089 0.97031 0.97037
047 50910 31.844342 31.799133 0.97090 0.97087
048 50956 31.847106 31.847106 0.97052 0.97052
049 50992 31.802655 31.749631 0.97070 0.97058
050 50980 31.806082 31.780477 0.97063 0.97061
051 50662 31.811013 31.600973 0.97106 0.97108
052 50980 31.847486 31.809093 0.97105 0.97101
053 50915 31.872014 31.818275 0.97106 0.97095
054 50900 31.859794 31.827167 0.97072 0.97069
055 50983 31.860960 31.809022 0.97114 0.97109
056 50720 31.847861 31.696997 0.97117 0.97106
057 50950 31.884131 31.841455 0.97117 0.97120
058 50983 31.861277 31.820956 0.97129 0.97129
059 50933 31.866566 31.827632 0.97162 0.97158
060 50911 31.898607 31.859949 0.97134 0.97136
061 50918 31.915315 31.866933 0.97163 0.97162
062 50978 31.940004 31.940004 0.97192 0.97192
063 50912 31.963118 31.919143 0.97210 0.97204
064 50981 31.936020 31.936020 0.97152 0.97152
065 50856 31.909320 31.851082 0.97130 0.97126
066 50975 31.911355 31.890336 0.97149 0.97146
067 50980 31.872914 31.872914 0.97136 0.97136
068 50901 31.867830 31.816027 0.97159 0.97146
069 50896 31.866530 31.815826 0.97106 0.97097
070 50896 31.873733 31.851176 0.97163 0.97160
071 50990 31.916078 31.892657 0.97158 0.97154
072 50901 31.894784 31.894784 0.97140 0.97140
073 50900 31.908503 31.878677 0.97136 0.97135
074 50816 31.904709 31.904709 0.97150 0.97150
075 50863 31.943710 31.886649 0.97185 0.97176
076 50830 31.973840 31.932737 0.97221 0.97217
077 50997 32.007147 32.007147 0.97215 0.97215
078 50916 31.972223 31.950042 0.97209 0.97205
079 50916 31.995775 31.995775 0.97209 0.97209
080 50936 31.996529 31.996529 0.97226 0.97226
081 50985 31.906562 31.906562 0.97187 0.97187
082 50900 31.964884 31.964884 0.97214 0.97214
083 50959 31.974269 31.974269 0.97228 0.97228
084 50889 31.940837 31.891264 0.97199 0.97180
085 50950 32.010088 32.010088 0.97200 0.97200
086 50886 31.981556 31.981556 0.97224 0.97224
087 50928 31.875734 31.832115 0.97128 0.97129
088 50942 31.970053 31.970053 0.97249 0.97249
089 50956 32.048612 32.048612 0.97233 0.97233
090 50964 31.941053 31.910942 0.97178 0.97173
091 50990 31.956306 31.956306 0.97191 0.97191
092 50911 31.946301 31.925095 0.97196 0.97193
093 50877 31.848877 31.787058 0.97162 0.97154
094 50867 31.907465 31.856182 0.97170 0.97171
095 50854 31.949419 31.896889 0.97229 0.97229
096 50978 31.871776 31.826554 0.97190 0.97189
