004 5041 30.586431 11.798384
005 5325 27.932416 11.798386
006 5073 25.966528 11.806776
007 5051 24.848129 11.807019
008 5219 23.844706 11.810028
009 5315 23.480965 11.801911
010 5096 22.948560 11.808189
011 5008 22.805784 11.764352
012 5310 22.577472 11.811715
013 5034 22.198821 11.767601
014 5345 22.335398 11.823110
015 5112 22.202709 11.818329
016 5011 22.079240 11.772862
017 5287 21.887281 11.825331
018 5518 21.956328 11.874833
019 5081 21.779746 11.834485
020 5076 21.727922 11.836077
021 5077 21.627651 11.787575
022 5173 21.813369 11.842417
023 5069 21.763266 11.844260
024 5051 21.735836 11.796943
025 5027 21.656265 11.801029
026 5481 21.620516 11.863295
027 5024 21.517396 11.811598
028 5141 21.293781 11.878841
029 5059 21.171746 11.831372
030 5168 21.234826 11.887143
031 5076 21.379240 11.833313
032 5077 21.162738 11.900667
033 5121 21.248339 11.895038
034 5211 21.223688 11.907892
035 5033 21.020587 11.852364
036 5178 20.853616 11.919448
037 5437 20.781856 11.919572
038 5073 20.771406 11.863728
039 5081 20.895803 11.918209
040 5054 20.933278 11.868477
041 5000 20.984229 11.872510
042 5253 20.983609 11.933151
043 5047 20.945770 11.881465
044 5058 21.064891 11.884578
045 5061 21.031568 11.884915
046 5179 20.895117 11.944731
047 5255 20.845294 11.952081
048 5175 20.987495 11.956013
049 5219 20.940372 11.961716
050 5028 20.857217 11.912356
051 5027 20.782121 11.919444
052 5049 20.756894 11.923572
053 5050 20.617667 11.940633
054 5038 20.582471 11.944724
055 5068 20.751617 11.952104
056 5180 20.718828 12.011893
057 5150 20.742868 12.018217
058 5034 21.052142 11.973766
059 5240 20.932737 12.029005
060 5380 20.818199 12.042310
061 5218 20.745408 12.045611
062 5074 20.878847 12.006057
063 5170 20.982918 12.064581
064 5277 20.951911 12.072952
065 5140 20.712758 12.068495
066 5070 20.430693 12.024271
067 5164 20.387414 12.069758
068 5239 20.565236 12.080385
069 5522 20.858916 12.072704
070 5224 20.953897 12.076559
071 5018 20.856559 12.032203
072 5365 20.806833 12.090173
073 5027 20.710004 12.045439
074 5084 20.766885 12.049327
075 5361 20.690696 12.100827
076 5417 20.746155 12.107767
077 5315 20.966157 12.119314
078 5083 21.280120 12.076942
079 5073 21.198014 12.084243
080 5370 21.222131 12.126282
081 5000 21.277199 12.082456
082 5104 21.390867 12.090565
083 5426 21.240905 12.134131
084 5246 21.286505 12.130502
085 5217 21.376209 12.135372
086 5021 21.245020 12.098658
087 5339 21.623143 12.127214
088 5268 21.694097 12.137734
089 5252 21.857733 12.138286
090 5116 21.667846 12.093480
091 5225 21.430506 12.129800
092 5309 21.342054 12.141667
093 5332 21.176667 12.137692
094 5067 21.125991 12.102089
