004 1117 29.646723 10.966598
005 1102 26.512359 10.965323
006 1122 24.466004 10.971935
007 1037 23.485232 10.879698
008 1106 22.484853 10.973394
009 1077 21.703009 10.966685
010 1169 21.238703 10.971341
011 1274 21.265714 11.073179
012 1040 20.851537 10.881303
013 1182 20.579085 10.980061
014 1088 20.524043 10.983050
015 1184 20.388709 10.978471
016 1122 20.204414 10.984197
017 1146 20.133307 10.983916
018 1440 20.122814 11.179892
019 1166 20.041635 10.991492
020 1329 19.965668 11.088273
021 1158 19.912340 10.996526
022 1070 20.004589 10.997434
023 1400 19.807003 11.093864
024 1186 19.750721 11.002789
025 1366 19.676131 11.102849
026 1468 19.866672 11.204277
027 1239 19.747282 11.015877
028 1375 19.757985 11.121588
029 1413 19.599584 11.127547
030 1350 19.453404 11.128149
031 1022 19.306763 10.939305
032 1070 19.262551 10.948874
033 1095 19.033287 11.037516
034 1018 18.987516 10.954389
035 1175 19.021052 11.049089
036 1100 18.995426 11.057380
037 1084 18.818154 11.057613
038 1080 18.666985 11.059304
039 1068 18.597639 10.963033
040 1091 18.665741 11.062826
041 1061 18.911882 10.972560
042 1326 18.842449 11.166591
043 1148 18.770581 11.073648
044 1110 18.745786 11.076017
045 1173 18.770152 11.076051
046 1134 18.746683 11.081537
047 1100 18.648457 11.087020
048 1178 18.621651 11.090381
049 1151 18.740363 11.095953
050 1366 18.692181 11.194514
051 1191 18.654343 11.104767
052 1084 18.647360 11.107262
053 1068 18.656901 11.122660
054 1113 18.542117 11.126762
055 1254 18.524309 11.229356
056 1159 18.573601 11.139959
057 1089 18.740328 11.144848
058 1195 18.651757 11.150154
059 1152 18.685317 11.154471
060 1286 18.716563 11.263105
061 1158 18.655882 11.169342
062 1020 18.541219 11.081714
063 1227 18.461265 11.184886
064 1453 18.523358 11.290699
065 1141 18.573835 11.188687
066 1319 18.554762 11.290202
067 1255 18.460521 11.287492
068 1054 18.471223 11.197995
069 1101 18.412863 11.191228
070 1273 18.411859 11.293328
071 1516 18.473028 11.397580
072 1124 18.403183 11.206657
073 1292 18.429850 11.305739
074 1003 18.445388 11.112756
075 1161 18.693427 11.216441
076 1028 18.735606 11.124689
077 1400 18.699092 11.331521
078 1246 18.532462 11.330099
079 1204 18.545661 11.236526
080 1413 18.629229 11.337066
081 1062 18.613456 11.234617
082 1041 18.609429 11.241137
083 1046 18.455846 11.243922
084 1117 18.343361 11.241552
085 1315 18.331781 11.345837
086 1122 18.190807 11.245662
087 1164 18.126685 11.237509
088 1209 18.127718 11.246287
089 1391 18.220733 11.346022
090 1220 18.186659 11.239935
091 1219 18.220750 11.238615
092 1175 18.306007 11.246976
093 1023 18.505290 11.145950
094 1361 18.459832 11.347108
