002 987 35.899611 23.875546 0.95931 0.69003
003 983 35.827855 23.879938 0.95596 0.69197
004 996 36.225858 23.896682 0.95168 0.69238
005 986 36.164508 23.884957 0.94855 0.69279
006 985 36.311468 23.900205 0.94617 0.69155
007 993 35.992485 23.892848 0.94317 0.69273
008 983 35.923016 23.890905 0.94155 0.69271
009 979 35.691969 23.883316 0.93894 0.69240
010 981 35.691159 23.893251 0.93626 0.69089
011 992 35.476854 23.890071 0.93410 0.69141
012 986 35.241242 23.876554 0.93097 0.69263
013 986 35.052200 23.870980 0.92794 0.69136
014 982 34.962161 23.878194 0.92703 0.69217
015 982 34.719058 23.870306 0.92458 0.69208
016 983 34.603037 23.880742 0.92267 0.69180
017 981 34.524476 23.879313 0.92063 0.69136
018 990 34.361229 23.860276 0.91790 0.69221
019 980 34.280509 23.860179 0.91738 0.69249
020 987 34.148931 23.861456 0.91672 0.69312
021 987 34.129034 23.851804 0.91466 0.69243
022 999 34.164093 23.844047 0.91431 0.69226
023 985 34.047725 23.863897 0.91220 0.69137
024 999 33.903363 23.856281 0.91020 0.69136
025 981 33.949697 23.870407 0.90927 0.69241
026 989 33.605104 23.781126 0.90538 0.68660
027 1000 33.681656 23.798506 0.90621 0.68874
028 999 33.450222 23.784738 0.90283 0.68831
029 977 33.486981 23.779909 0.90225 0.68638
030 979 33.245730 23.827100 0.89720 0.69050
031 985 33.512528 23.792649 0.89997 0.68762
032 980 33.256506 23.870565 0.89518 0.69269
033 984 33.301793 23.796670 0.89547 0.68864
034 979 33.186082 23.800883 0.89448 0.68785
035 988 33.304296 23.780055 0.89604 0.68705
036 1000 33.188429 23.766458 0.89441 0.68580
037 981 33.352755 23.816137 0.89455 0.68792
038 984 33.207304 23.763716 0.89160 0.68561
039 981 33.364696 23.878092 0.89349 0.69230
040 990 33.260303 23.823391 0.89188 0.69045
041 984 33.268318 24.002478 0.88924 0.69946
042 401 33.250282 20.762108 0.88987 0.57663
043 986 33.265440 24.028845 0.88923 0.70072
044 988 33.220618 23.897002 0.88827 0.69316
045 978 33.156183 23.916637 0.88742 0.69380
046 999 32.988059 23.843315 0.88479 0.68876
047 978 32.996666 23.838659 0.88599 0.68950
048 985 32.779109 23.807926 0.88268 0.68747
049 980 32.800282 23.796287 0.88262 0.68694
050 993 32.651554 23.836135 0.87982 0.68792
051 985 32.703701 23.817217 0.88061 0.68903
