002 2873 39.256546 29.445837 0.97037 0.85458
003 2996 39.585239 30.142010 0.96906 0.86551
004 2967 39.464442 29.915276 0.96724 0.86132
005 2959 39.406707 29.784331 0.96770 0.86062
006 2971 38.796734 29.947903 0.96689 0.86254
007 2997 38.957662 29.922190 0.96564 0.86310
008 2829 41.014360 29.376105 0.96780 0.85436
009 2848 40.959158 29.356076 0.96706 0.85396
010 2812 40.850975 29.197679 0.96631 0.85181
011 2871 40.730265 29.365155 0.96566 0.85287
012 2994 40.596143 29.955726 0.96566 0.86327
013 2855 40.576282 29.346998 0.96470 0.85276
014 2809 40.389153 29.321734 0.96404 0.85286
015 2825 40.120315 29.330219 0.96357 0.85347
016 2889 39.790623 29.346099 0.96271 0.85337
017 2958 39.776719 29.913604 0.96241 0.86244
018 2798 38.976753 29.319947 0.95834 0.85255
019 2802 38.212284 29.307274 0.95639 0.85242
020 2825 38.040055 29.289243 0.95516 0.85372
021 2998 37.775092 30.127910 0.95408 0.86515
022 2802 37.525797 29.303876 0.95269 0.85230
023 2781 37.289744 29.131073 0.95112 0.85026
024 2823 37.136959 29.308419 0.95038 0.85312
025 2833 37.203024 29.375401 0.95002 0.85387
026 2808 36.802113 29.162414 0.94278 0.84796
027 2781 37.027119 29.008827 0.94286 0.84686
028 2805 36.732018 29.106229 0.94033 0.84886
029 2812 36.702872 29.133457 0.94009 0.84699
030 2793 36.233463 29.258901 0.93581 0.85118
031 2808 36.650854 29.139646 0.93694 0.84881
032 2783 36.217545 29.334789 0.93633 0.85406
033 2816 36.351127 29.206532 0.93436 0.84948
034 2992 36.108045 30.024976 0.93326 0.86192
035 2820 36.252133 29.163882 0.93326 0.84886
036 2813 36.000153 29.109559 0.93038 0.84641
037 2854 36.343779 29.245000 0.93155 0.84920
038 2807 36.135838 29.104617 0.92998 0.84766
039 2809 36.424179 29.410661 0.93078 0.85449
040 2794 36.191700 29.211803 0.92944 0.85070
041 2986 36.326631 30.336531 0.92961 0.87155
042 2813 36.301475 29.383478 0.92922 0.85737
043 2980 36.328474 30.541369 0.92927 0.87333
044 2980 36.163616 30.201185 0.92748 0.86509
045 2998 36.126183 30.246918 0.92678 0.86595
046 2991 35.804393 30.066903 0.92279 0.86082
047 2797 35.859698 29.233578 0.92355 0.84954
048 2995 35.565712 29.994673 0.92188 0.86050
049 2802 35.541302 29.138387 0.92059 0.84742
050 2983 35.429215 29.816586 0.91991 0.85827
051 2805 35.491298 29.003936 0.91969 0.84652
