002 3740 39.369346 32.501561 0.97179 0.88772
003 3779 39.899499 32.843061 0.97033 0.89013
004 3707 39.594417 32.305155 0.96847 0.88694
005 3585 39.291376 31.382833 0.96862 0.88518
006 3953 38.648575 33.121441 0.96713 0.89145
007 3940 41.639458 33.108456 0.97107 0.89265
008 3970 41.257217 33.287905 0.96980 0.89280
009 3988 41.174507 33.275751 0.96945 0.89283
010 3914 41.038500 33.041107 0.96862 0.89148
011 3938 40.893633 33.099956 0.96853 0.89132
012 3968 40.768192 33.192117 0.96797 0.89253
013 3899 40.715175 33.026251 0.96733 0.88972
014 3939 40.571376 33.163658 0.96701 0.89165
015 3795 40.225279 32.848278 0.96542 0.88987
016 3971 39.342741 33.158680 0.96328 0.89189
017 3950 39.930810 33.128957 0.96401 0.89173
018 3816 39.270403 32.865700 0.96248 0.88970
019 3928 38.437344 33.064552 0.96123 0.89113
020 3914 38.194324 33.070406 0.95935 0.89220
021 3981 38.103762 33.271452 0.95853 0.89209
022 3943 37.652576 33.035877 0.95747 0.89064
023 3960 37.361830 33.217697 0.95681 0.89141
024 3858 37.174655 32.929246 0.95585 0.89072
025 3848 37.294318 33.057928 0.95567 0.89111
026 3876 36.664571 32.724372 0.95212 0.88573
027 3754 37.397459 32.670136 0.95245 0.88641
028 3971 37.122921 32.890488 0.95104 0.88885
029 3937 37.200872 32.837715 0.95055 0.88613
030 3958 36.667098 33.215590 0.94679 0.89103
031 3897 37.176198 32.816768 0.94976 0.88747
032 3876 36.619223 33.139370 0.94726 0.89201
033 3936 36.919994 32.908722 0.94758 0.88791
034 3951 36.642723 32.933164 0.94565 0.88838
035 3907 36.891576 32.873120 0.94644 0.88817
036 3905 36.672862 32.780574 0.94520 0.88538
037 3895 37.072788 32.982541 0.94679 0.88796
038 3925 36.848131 32.837288 0.94540 0.88736
039 4000 37.187124 33.470784 0.94708 0.89411
040 3930 36.945292 33.093947 0.94571 0.89093
041 3889 37.020910 33.702959 0.94508 0.89918
042 3856 37.041464 33.375091 0.94505 0.89648
043 3963 37.055949 33.759585 0.94502 0.89862
044 3836 36.925868 33.018033 0.94392 0.89024
045 3902 36.886309 33.203217 0.94389 0.89195
046 3908 36.523034 32.934076 0.94109 0.88656
047 3922 36.681927 32.988260 0.94238 0.88884
048 3970 36.275150 33.043688 0.93973 0.88753
049 3899 36.347654 32.740067 0.93963 0.88683
050 3884 36.159394 32.826228 0.93775 0.88651
051 3899 36.286453 32.893990 0.93924 0.88823
