002 1909 38.647703 26.785943 0.96595 0.79008
003 1913 39.091246 27.230081 0.96503 0.79914
004 1985 38.718028 27.526154 0.96272 0.81596
005 1979 38.831788 27.527236 0.96302 0.81769
006 1994 38.184767 27.534813 0.96058 0.81761
007 1986 38.225934 27.463391 0.95962 0.81139
008 1971 37.951492 27.484046 0.95797 0.81219
009 1931 39.261481 27.305773 0.95875 0.80510
010 1958 39.258443 27.473328 0.95819 0.81035
011 1931 39.076915 26.819855 0.95579 0.79079
012 1957 38.911985 27.459861 0.95585 0.81096
013 1987 38.872611 27.531019 0.95375 0.81691
014 1895 38.592723 26.795496 0.95197 0.79088
015 1954 38.437340 27.442234 0.95168 0.81001
016 1944 38.212485 27.442016 0.95001 0.80933
017 1999 38.302018 27.520616 0.94888 0.81731
018 1980 37.650294 27.513690 0.94502 0.81720
019 1998 37.702652 27.508662 0.94363 0.81749
020 1990 37.104733 27.508745 0.94289 0.81820
021 1981 37.030821 27.491528 0.94012 0.81698
022 1955 36.882235 27.413612 0.93993 0.81019
023 1927 36.675426 27.284399 0.93727 0.80460
024 1915 36.532961 27.213246 0.93504 0.79869
025 1960 36.603654 27.472127 0.93515 0.81180
026 1978 35.948591 27.295929 0.92547 0.80521
027 1988 36.083243 27.406194 0.92588 0.81322
028 1965 35.836664 27.292353 0.92275 0.80555
029 1965 35.756916 27.289545 0.92178 0.80428
030 1957 35.423482 27.366154 0.91737 0.80835
031 1961 35.698458 27.309660 0.91794 0.80496
032 1988 35.453055 27.547075 0.91566 0.81785
033 1999 35.477382 27.395903 0.91416 0.81282
034 1990 35.345893 27.392779 0.91299 0.81250
035 1941 35.431462 27.278062 0.91249 0.80374
036 1981 35.258324 27.330289 0.91189 0.80966
037 1987 35.547493 27.436041 0.91222 0.81284
038 1974 35.268914 27.290909 0.90866 0.80535
039 1997 35.588107 27.587823 0.91215 0.81946
040 1993 35.378700 27.461402 0.90917 0.81602
041 1985 35.481517 27.846630 0.91030 0.82728
042 1853 35.380641 26.899343 0.90766 0.79440
043 1992 35.462571 27.808560 0.90960 0.82658
044 1990 35.314187 27.540772 0.90800 0.81745
045 1884 35.177644 26.849300 0.90519 0.79165
046 1998 35.022849 27.440419 0.90374 0.81236
047 1876 35.031432 26.713230 0.90234 0.78723
048 1978 34.814162 27.368583 0.90135 0.81113
049 1989 34.786014 27.355946 0.90106 0.81134
050 1990 34.669415 27.435673 0.89866 0.81231
051 1991 34.722284 27.354058 0.89866 0.80713
