002 4617 39.390548 34.264446 0.97228 0.89665
003 4662 39.934133 34.533399 0.97110 0.89860
004 4626 39.577289 34.454980 0.96900 0.89667
005 4507 39.365001 34.294509 0.96919 0.89826
006 4551 38.779368 34.328790 0.96783 0.89691
007 4562 38.543946 34.343198 0.96602 0.89835
008 4746 41.619488 34.750550 0.97150 0.90025
009 4674 41.503087 34.563927 0.97156 0.89852
010 4712 41.365559 34.653985 0.97100 0.89944
011 4732 41.171580 34.635239 0.97041 0.89869
012 4699 40.972259 34.648257 0.96953 0.89943
013 4697 40.950072 34.622437 0.96920 0.89757
014 4628 40.819324 34.508809 0.96903 0.89752
015 4614 40.485321 34.446437 0.96781 0.89777
016 4555 39.590142 34.284413 0.96557 0.89692
017 4553 40.202984 34.333207 0.96636 0.89714
018 4589 39.555545 34.390191 0.96516 0.89735
019 4607 38.683323 34.475746 0.96362 0.89735
020 4575 38.424269 34.446318 0.96194 0.89819
021 4571 38.272947 34.352785 0.96120 0.89703
022 4614 37.864400 34.436525 0.96040 0.89651
023 4583 37.558093 34.401525 0.95971 0.89653
024 4535 37.399358 34.282176 0.95899 0.89690
025 4936 38.152080 35.157644 0.95936 0.89990
026 4905 37.418667 34.904515 0.95579 0.89742
027 4930 37.672173 35.029661 0.95654 0.89934
028 4998 37.352603 34.891346 0.95450 0.89707
029 4922 37.415342 34.919590 0.95429 0.89691
030 4965 36.817821 34.988287 0.95031 0.89845
031 4950 37.342921 34.911439 0.95333 0.89784
032 4947 36.865778 35.125714 0.94996 0.90088
033 4985 37.045519 34.916664 0.95060 0.89692
034 4935 36.748461 34.988167 0.94889 0.89872
035 4975 37.060772 34.975222 0.95048 0.89757
036 4954 36.854856 34.900117 0.94968 0.89651
037 4888 37.267669 35.037737 0.95071 0.89851
038 4909 37.051091 34.922886 0.94957 0.89761
039 4972 37.414425 35.226991 0.95096 0.90264
040 4896 37.172920 35.086279 0.94985 0.90092
041 4910 37.267026 35.512839 0.94941 0.90765
042 4903 37.317274 35.313368 0.95000 0.90490
043 4837 37.320229 35.423427 0.94973 0.90488
044 4892 37.222914 35.148349 0.94970 0.90132
045 4892 37.165673 35.156094 0.94933 0.90054
046 4917 36.800058 35.014859 0.94709 0.89735
047 4916 36.988712 35.033108 0.94812 0.89938
048 4897 36.556271 34.913350 0.94560 0.89681
049 4915 36.664362 34.891560 0.94619 0.89812
050 4881 36.422464 34.944189 0.94374 0.89727
051 4922 36.579771 34.958968 0.94536 0.89878
